1 681 611 580 649 647 596 617 668
2 717 645 611 681 677 629 647 696
3 744 679 645 717 715 664 677 733
4 777 721 679 744 746 697 715 762
5 812 753 721 777 780 736 746 792
6 843 788 753 812 814 768 780 829
7 873 828 788 843 850 808 814 858
8 909 865 828 873 888 845 850 893
9 946 900 865 909 923 884 888 926
10 983 940 900 946 959 918 923 965
11 1017 982 940 983 999 958 959 998
12 1053 1021 982 1017 1036 1002 999 1035
13 1080 1057 1021 1053 1070 1039 1036 1066
14 1111 1088 1057 1080 1099 1073 1070 1095
15 1132 1115 1088 1111 1125 1103 1099 1119
16 611 548 519 580 579 534 549 596
17 645 581 548 611 613 567 579 629
18 679 619 581 645 648 599 613 664
19 721 656 619 679 687 638 648 697
20 753 693 656 721 724 674 687 736
21 788 739 693 753 763 720 724 768
22 828 776 739 788 802 756 763 808
23 865 819 776 828 841 798 802 845
24 900 857 819 865 879 839 841 884
25 940 898 857 900 916 877 879 918
26 982 942 898 940 963 922 916 958
27 1021 987 942 982 1005 968 963 1002
28 1057 1028 987 1021 1045 1009 1005 1039
29 1088 1067 1028 1057 1077 1051 1045 1073
30 1115 1098 1067 1088 1109 1081 1077 1103
31 548 492 461 519 520 479 490 534
32 581 525 492 548 551 508 520 567
33 619 556 525 581 589 542 551 599
34 656 597 556 619 626 577 589 638
35 693 641 597 656 670 620 626 674
36 739 683 641 693 712 662 670 720
37 776 731 683 739 752 705 712 756
38 819 772 731 776 794 750 752 798
39 857 817 772 819 838 793 794 839
40 898 863 817 857 882 840 838 877
41 942 906 863 898 925 886 882 922
42 987 952 906 942 974 931 925 968
43 1028 1000 952 987 1013 977 974 1009
44 1067 1044 1000 1028 1056 1022 1013 1051
45 1098 1079 1044 1067 1090 1062 1056 1081
46 492 438 408 461 463 422 433 479
47 525 468 438 492 498 454 463 508
48 556 507 468 525 531 489 498 542
49 597 545 507 556 571 526 531 577
50 641 588 545 597 612 569 571 620
51 683 633 588 641 658 608 612 662
52 731 678 633 683 701 655 658 705
53 772 729 678 731 749 700 701 750
54 817 775 729 772 797 751 749 793
55 863 823 775 817 842 801 797 840
56 906 870 823 863 890 846 842 886
57 952 915 870 906 934 894 890 931
58 1000 972 915 952 985 941 934 977
59 1044 1016 972 1000 1030 993 985 1022
60 1079 1060 1016 1044 1071 1040 1030 1062
61 438 389 359 408 413 375 383 422
62 468 421 389 438 447 406 413 454
63 507 460 421 468 484 441 447 489
64 545 500 460 507 523 481 484 526
65 588 540 500 545 561 517 523 569
66 633 584 540 588 605 558 561 608
67 678 632 584 633 654 604 605 655
68 729 682 632 678 703 657 654 700
69 775 735 682 729 754 709 703 751
70 823 784 735 775 803 759 754 801
71 870 834 784 823 852 810 803 846
72 915 887 834 870 901 859 852 894
73 972 937 887 915 950 910 901 941
74 1016 991 937 972 1004 967 950 993
75 1060 1043 991 1016 1052 1015 1004 1040
76 389 347 315 359 368 331 338 375
77 421 380 347 389 400 362 368 406
78 460 414 380 421 435 397 400 441
79 500 453 414 460 475 431 435 481
80 540 496 453 500 513 471 475 517
81 584 539 496 540 557 512 513 558
82 632 587 539 584 607 559 557 604
83 682 639 587 632 660 610 607 657
84 735 690 639 682 714 667 660 709
85 784 743 690 735 766 722 714 759
86 834 800 743 784 816 771 766 810
87 887 851 800 834 869 827 816 859
88 937 905 851 887 920 876 869 910
89 991 964 905 937 976 933 920 967
90 1043 1019 964 991 1029 992 976 1015
91 347 309 276 315 327 291 298 331
92 380 340 309 347 358 323 327 362
93 414 374 340 380 394 356 358 397
94 453 410 374 414 428 391 394 431
95 496 452 410 453 470 427 428 471
96 539 497 452 496 515 473 470 512
97 587 543 497 539 566 522 515 559
98 639 594 543 587 618 570 566 610
99 690 651 594 639 672 624 618 667
100 743 707 651 690 727 676 672 722
101 800 765 707 743 779 738 727 771
102 851 821 765 800 836 791 779 827
103 905 875 821 851 892 848 836 876
104 964 936 875 905 949 904 892 933
105 1019 996 936 964 1008 970 949 992
106 309 272 241 276 285 259 263 291
107 340 303 272 309 321 283 285 323
108 374 335 303 340 353 318 321 356
109 410 373 335 374 390 351 353 391
110 452 412 373 410 430 393 390 427
111 497 458 412 452 480 434 430 473
112 543 505 458 497 524 483 480 522
113 594 553 505 543 575 529 524 570
114 651 609 553 594 630 582 575 624
115 707 671 609 651 688 640 630 676
116 765 732 671 707 745 698 688 738
117 821 787 732 765 804 758 745 791
118 875 849 787 821 864 820 804 848
119 936 911 849 875 924 878 864 904
120 996 978 911 936 988 943 924 970
121 272 237 214 241 256 223 226 259
122 303 267 237 272 281 254 256 283
123 335 302 267 303 317 280 281 318
124 373 337 302 335 354 320 317 351
125 412 379 337 373 396 357 354 393
126 458 420 379 412 439 398 396 434
127 505 466 420 458 487 442 439 483
128 553 516 466 505 535 493 487 529
129 609 573 516 553 591 544 535 582
130 671 631 573 609 650 600 591 640
131 732 692 631 671 713 663 650 698
132 787 757 692 732 773 726 713 758
133 849 822 757 787 835 790 773 820
134 911 889 822 849 897 854 835 878
135 978 954 889 911 971 921 897 943
136 237 211 182 214 221 194 197 223
137 267 236 211 237 253 220 221 254
138 302 271 236 267 282 255 253 280
139 337 307 271 302 322 284 282 320
140 379 344 307 337 360 325 322 357
141 420 385 344 379 403 365 360 398
142 466 429 385 420 451 409 403 442
143 516 485 429 466 501 457 451 493
144 573 537 485 516 552 509 501 544
145 631 595 537 573 615 568 552 600
146 692 661 595 631 675 627 615 663
147 757 730 661 692 741 691 675 726
148 822 796 730 757 809 761 741 790
149 889 867 796 822 874 830 809 854
150 954 938 867 889 948 899 874 921
151 211 183 159 182 195 168 166 194
152 236 213 183 211 222 196 195 220
153 271 240 213 236 258 224 222 255
154 307 274 240 271 287 262 258 284
155 344 312 274 307 330 293 287 325
156 385 350 312 344 370 332 330 365
157 429 399 350 385 415 378 370 409
158 485 450 399 429 464 423 415 457
159 537 503 450 485 521 478 464 509
160 595 563 503 537 578 530 521 568
161 661 628 563 595 643 593 578 627
162 730 699 628 661 716 665 643 691
163 796 769 699 730 783 737 716 761
164 867 844 769 796 855 807 783 830
165 938 917 844 867 930 883 855 899
166 183 161 137 159 169 149 147 168
167 213 184 161 183 199 173 169 196
168 240 216 184 213 228 200 199 224
169 274 246 216 240 264 233 228 262
170 312 279 246 274 299 265 264 293
171 350 324 279 312 341 305 299 332
172 399 369 324 350 384 345 341 378
173 450 418 369 399 432 392 384 423
174 503 469 418 450 488 445 432 478
175 563 532 469 503 546 502 488 530
176 628 598 532 563 616 565 546 593
177 699 673 598 628 685 635 616 665
178 769 747 673 699 760 710 685 737
179 844 826 747 769 833 786 760 807
180 917 902 826 844 913 866 833 883
181 161 139 119 137 150 127 126 149
182 184 163 139 161 176 151 150 173
183 216 192 163 184 201 178 176 200
184 246 219 192 216 235 202 201 233
185 279 260 219 246 269 238 235 265
186 324 296 260 279 311 275 269 305
187 369 342 296 324 352 316 311 345
188 418 387 342 369 404 364 352 392
189 469 443 387 418 459 416 404 445
190 532 506 443 469 518 472 459 502
191 598 572 506 532 586 538 518 565
192 673 646 572 598 659 606 586 635
193 747 725 646 673 740 686 659 710
194 826 806 725 747 813 767 740 786
195 902 891 806 826 895 847 813 866
196 139 122 102 119 129 111 108 127
197 163 143 122 139 152 131 129 151
198 192 164 143 163 180 154 152 178
199 219 198 164 192 212 181 180 202
200 260 234 198 219 242 215 212 238
201 296 270 234 260 278 249 242 275
202 342 314 270 296 329 290 278 316
203 387 363 314 342 377 336 329 364
204 443 417 363 387 426 388 377 416
205 506 482 417 443 494 449 426 472
206 572 547 482 506 555 511 494 538
207 646 625 547 572 636 585 555 606
208 725 706 625 646 719 666 636 686
209 806 789 706 725 799 748 719 767
210 891 872 789 806 881 832 799 847
211 122 104 89 102 112 96 94 111
212 143 124 104 122 132 114 112 131
213 164 148 124 143 157 134 132 154
214 198 177 148 164 187 162 157 181
215 234 210 177 198 218 193 187 215
216 270 243 210 234 261 227 218 249
217 314 286 243 270 301 266 261 290
218 363 339 286 314 348 313 301 336
219 417 395 339 363 405 366 348 388
220 482 456 395 417 467 424 405 449
221 547 527 456 482 536 491 467 511
222 625 602 527 547 614 564 536 585
223 706 689 602 625 695 644 614 666
224 789 774 689 706 781 734 695 748
225 872 860 774 789 868 818 781 832
226 1161 1148 1115 1132 1156 1133 1125 1146
227 1185 1175 1148 1161 1182 1163 1156 1174
228 1202 1194 1175 1185 1198 1186 1182 1193
229 1148 1135 1098 1115 1141 1118 1109 1133
230 1175 1164 1135 1148 1171 1150 1141 1163
231 1194 1187 1164 1175 1191 1176 1171 1186
232 1135 1120 1079 1098 1130 1102 1090 1118
233 1164 1151 1120 1135 1157 1136 1130 1150
234 1187 1179 1151 1164 1183 1165 1157 1176
235 1120 1105 1060 1079 1113 1083 1071 1102
236 1151 1137 1105 1120 1143 1123 1113 1136
237 1179 1166 1137 1151 1172 1152 1143 1165
238 1105 1086 1043 1060 1094 1064 1052 1083
239 1137 1126 1086 1105 1131 1106 1094 1123
240 1166 1154 1126 1137 1160 1139 1131 1152
241 1086 1068 1019 1043 1076 1046 1029 1064
242 1126 1110 1068 1086 1116 1089 1076 1106
243 1154 1140 1110 1126 1145 1127 1116 1139
244 1068 1049 996 1019 1059 1025 1008 1046
245 1110 1091 1049 1068 1101 1072 1059 1089
246 1140 1129 1091 1110 1134 1112 1101 1127
247 1049 1027 978 996 1038 1003 988 1025
248 1091 1074 1027 1049 1082 1054 1038 1072
249 1129 1114 1074 1091 1121 1096 1082 1112
250 1027 1007 954 978 1018 984 971 1003
251 1074 1058 1007 1027 1065 1034 1018 1054
252 1114 1100 1058 1074 1107 1078 1065 1096
253 1007 990 938 954 997 966 948 984
254 1058 1041 990 1007 1050 1012 997 1034
255 1100 1085 1041 1058 1092 1063 1050 1078
256 990 973 917 938 980 945 930 966
257 1041 1024 973 990 1032 994 980 1012
258 1085 1069 1024 1041 1075 1047 1032 1063
259 973 951 902 917 960 928 913 945
260 1024 1006 951 973 1011 979 960 994
261 1069 1055 1006 1024 1061 1031 1011 1047
262 951 935 891 902 944 912 895 928
263 1006 989 935 951 995 962 944 979
264 1055 1042 989 1006 1048 1014 995 1031
265 935 919 872 891 929 896 881 912
266 989 975 919 935 981 947 929 962
267 1042 1026 975 989 1033 1001 981 1014
268 919 908 860 872 914 885 868 896
269 975 957 908 919 969 932 914 947
270 1026 1010 957 975 1020 986 969 1001
271 1241 1232 1194 1202 1238 1216 1198 1221
272 1232 1224 1187 1194 1226 1211 1191 1216
273 1224 1219 1179 1187 1222 1201 1183 1211
274 1219 1215 1166 1179 1218 1195 1172 1201
275 1215 1210 1154 1166 1213 1189 1160 1195
276 1210 1203 1140 1154 1205 1180 1145 1189
277 1203 1196 1129 1140 1199 1169 1134 1180
278 1196 1190 1114 1129 1192 1158 1121 1169
279 1190 1184 1100 1114 1188 1147 1107 1158
280 1184 1178 1085 1100 1181 1138 1092 1147
281 1178 1170 1069 1085 1173 1128 1075 1138
282 1170 1162 1055 1069 1168 1117 1061 1128
283 1162 1155 1042 1055 1159 1108 1048 1117
284 1155 1149 1026 1042 1153 1097 1033 1108
285 1149 1142 1010 1026 1144 1087 1020 1097
286 1225 1229 1279 1277 1227 1255 1278 1254
287 1142 1149 1229 1225 1144 1200 1227 1197
288 1229 1231 1282 1279 1230 1258 1280 1255
289 1149 1155 1231 1229 1153 1204 1230 1200
290 1231 1234 1284 1282 1233 1261 1283 1258
291 1155 1162 1234 1231 1159 1206 1233 1204
292 1234 1239 1287 1284 1236 1262 1286 1261
293 1162 1170 1239 1234 1168 1212 1236 1206
294 1239 1242 1291 1287 1240 1265 1288 1262
295 1170 1178 1242 1239 1173 1214 1240 1212
296 1242 1245 1293 1291 1244 1268 1292 1265
297 1178 1184 1245 1242 1181 1217 1244 1214
298 1245 1248 1296 1293 1246 1270 1294 1268
299 1184 1190 1248 1245 1188 1220 1246 1217
300 1248 1250 1298 1296 1249 1272 1297 1270
301 1190 1196 1250 1248 1192 1223 1249 1220
302 1250 1253 1301 1298 1252 1274 1300 1272
303 1196 1203 1253 1250 1199 1228 1252 1223
304 1253 1260 1304 1301 1256 1281 1302 1274
305 1203 1210 1260 1253 1205 1237 1256 1228
306 1260 1266 1306 1304 1263 1290 1305 1281
307 1210 1215 1266 1260 1213 1243 1263 1237
308 1266 1269 1309 1306 1267 1295 1308 1290
309 1215 1219 1269 1266 1218 1247 1267 1243
310 1269 1273 1311 1309 1271 1299 1310 1295
311 1219 1224 1273 1269 1222 1251 1271 1247
312 1273 1276 1313 1311 1275 1303 1312 1299
313 1224 1232 1276 1273 1226 1257 1275 1251
314 1276 1289 1315 1313 1285 1307 1314 1303
315 1232 1241 1289 1276 1238 1264 1285 1257
316 1235 1177 1225 1277 1209 1207 1254 1259
317 1167 1037 1177 1235 1104 1124 1209 1208
318 953 824 1037 1167 871 927 1104 1084
319 694 623 824 953 642 723 871 825
320 462 446 623 694 444 528 642 574
321 294 310 446 462 297 372 444 371
322 179 207 310 294 191 257 297 231
323 103 136 207 179 120 165 191 133
324 71 90 136 103 77 109 120 81
325 56 70 90 71 62 74 77 63
326 38 57 70 56 50 64 62 47
327 25 45 57 38 36 52 50 31
328 11 33 45 25 22 37 36 18
329 5 21 33 11 10 28 22 7
330 1 13 21 5 6 16 10 2
331 1177 1023 1142 1225 1122 1093 1197 1207
332 1037 861 1023 1177 956 939 1122 1124
333 824 711 861 1037 778 785 956 927
334 623 560 711 824 601 634 778 723
335 446 437 560 623 448 499 601 528
336 310 333 437 446 326 382 448 372
337 207 250 333 310 230 288 326 257
338 136 185 250 207 158 217 230 165
339 90 135 185 136 106 160 158 109
340 70 98 135 90 76 116 106 74
341 57 75 98 70 66 85 76 64
342 45 69 75 57 55 72 66 52
343 33 58 69 45 43 61 55 37
344 21 49 58 33 34 54 43 28
345 13 39 49 21 26 44 34 16
346 1023 903 1010 1142 961 955 1087 1093
347 861 805 903 1023 831 853 961 939
348 711 702 805 861 704 755 831 785
349 560 603 702 711 583 653 704 634
350 437 514 603 560 474 554 583 499
351 333 436 514 437 381 477 474 382
352 250 367 436 333 306 401 381 288
353 185 308 367 250 239 334 306 217
354 135 252 308 185 186 277 239 160
355 98 209 252 135 145 232 186 116
356 75 167 209 98 110 188 145 85
357 69 138 167 75 86 153 110 72
358 58 113 138 69 73 125 86 61
359 49 92 113 58 67 100 73 54
360 39 78 92 49 59 83 67 44
361 908 815 774 860 862 795 818 885
362 957 856 815 908 907 837 862 932
363 1010 903 856 957 955 880 907 986
364 815 728 689 774 770 708 734 795
365 856 764 728 815 811 742 770 837
366 903 805 764 856 853 782 811 880
367 728 637 602 689 680 622 644 708
368 764 669 637 728 718 652 680 742
369 805 702 669 764 755 684 718 782
370 637 550 527 602 592 541 564 622
371 669 576 550 637 621 562 592 652
372 702 603 576 669 653 590 621 684
373 550 476 456 527 510 465 491 541
374 576 495 476 550 533 486 510 562
375 603 514 495 576 554 504 533 590
376 476 407 395 456 440 402 424 465
377 495 419 407 476 455 411 440 486
378 514 436 419 495 477 425 455 504
379 407 346 339 395 376 343 366 402
380 419 355 346 407 386 349 376 411
381 436 367 355 419 401 361 386 425
382 346 292 286 339 319 289 313 343
383 355 300 292 346 328 295 319 349
384 367 308 300 355 334 304 328 361
385 292 245 243 286 268 244 266 289
386 300 248 245 292 273 247 268 295
387 308 252 248 300 277 251 273 304
388 245 203 210 243 225 204 227 244
389 248 206 203 245 229 205 225 247
390 252 209 206 248 232 208 229 251
391 203 174 177 210 190 175 193 204
392 206 171 174 203 189 172 190 205
393 209 167 171 206 188 170 189 208
394 174 144 148 177 156 146 162 175
395 171 141 144 174 155 142 156 172
396 167 138 141 171 153 140 155 170
397 144 121 124 148 130 123 134 146
398 141 117 121 144 128 118 130 142
399 138 113 117 141 125 115 128 140
400 121 99 104 124 107 101 114 123
401 117 95 99 121 105 97 107 118
402 113 92 95 117 100 93 105 115
403 99 84 89 104 91 87 96 101
404 95 80 84 99 88 82 91 97
405 92 78 80 95 83 79 88 93
406 42 80 78 39 60 79 59 41
407 48 84 80 42 65 82 60 46
408 53 89 84 48 68 87 65 51
409 4 17 13 1 9 14 6 3
410 12 23 17 4 15 20 9 8
411 24 32 23 12 27 29 15 19
412 17 42 39 13 30 41 26 14
413 23 48 42 17 35 46 30 20
414 32 53 48 23 40 51 35 29