1 1126 1128 1186 1184 1127 1166 1185 1165
2 1128 1131 1188 1186 1130 1168 1187 1166
3 1131 1133 1190 1188 1132 1169 1189 1168
4 1133 1137 1192 1190 1136 1170 1191 1169
5 1137 1139 1194 1192 1138 1171 1193 1170
6 1139 1142 1196 1194 1141 1172 1195 1171
7 1142 1145 1198 1196 1143 1174 1197 1172
8 1145 1147 1200 1198 1146 1175 1199 1174
9 1147 1151 1202 1200 1150 1176 1201 1175
10 1151 1154 1204 1202 1153 1177 1203 1176
11 1154 1156 1206 1204 1155 1178 1205 1177
12 1156 1158 1208 1206 1157 1180 1207 1178
13 1158 1160 1210 1208 1159 1181 1209 1180
14 1160 1163 1212 1210 1161 1182 1211 1181
15 1163 1167 1214 1212 1164 1183 1213 1182
16 1167 1163 1116 1121 1164 1144 1119 1148
17 1163 1160 1112 1116 1161 1140 1113 1144
18 1160 1158 1104 1112 1159 1135 1107 1140
19 1158 1156 1098 1104 1157 1129 1100 1135
20 1156 1154 1090 1098 1155 1125 1095 1129
21 1154 1151 1080 1090 1153 1124 1085 1125
22 1151 1147 1073 1080 1150 1122 1079 1124
23 1147 1145 1062 1073 1146 1118 1070 1122
24 1145 1142 1050 1062 1143 1114 1058 1118
25 1142 1139 1037 1050 1141 1111 1044 1114
26 1139 1137 1022 1037 1138 1106 1030 1111
27 1137 1133 1007 1022 1136 1101 1013 1106
28 1133 1131 992 1007 1132 1097 999 1101
29 1131 1128 979 992 1130 1093 985 1097
30 1128 1126 964 979 1127 1089 971 1093
31 1116 1099 1109 1121 1110 1105 1115 1119
32 1112 1088 1099 1116 1103 1096 1110 1113
33 1104 1078 1088 1112 1094 1082 1103 1107
34 1098 1063 1078 1104 1084 1072 1094 1100
35 1090 1045 1063 1098 1076 1055 1084 1095
36 1080 1025 1045 1090 1065 1035 1076 1085
37 1073 1005 1025 1080 1049 1012 1065 1079
38 1062 984 1005 1073 1034 993 1049 1070
39 1050 965 984 1062 1017 973 1034 1058
40 1037 952 965 1050 1000 961 1017 1044
41 1022 939 952 1037 982 948 1000 1030
42 1007 928 939 1022 967 933 982 1013
43 992 916 928 1007 956 919 967 999
44 979 906 916 992 943 909 956 985
45 964 891 906 979 932 898 943 971
46 1099 1077 1092 1109 1087 1083 1102 1105
47 1088 1052 1077 1099 1075 1066 1087 1096
48 1078 1019 1052 1088 1053 1036 1075 1082
49 1063 986 1019 1078 1029 1004 1053 1072
50 1045 958 986 1063 1002 970 1029 1055
51 1025 934 958 1045 976 947 1002 1035
52 1005 914 934 1025 957 922 976 1012
53 984 893 914 1005 940 904 957 993
54 965 882 893 984 923 886 940 973
55 952 870 882 965 912 877 923 961
56 939 858 870 952 899 864 912 948
57 928 851 858 939 888 854 899 933
58 916 842 851 928 881 845 888 919
59 906 837 842 916 874 839 881 909
60 891 831 837 906 866 833 874 898
61 1077 1039 1071 1092 1059 1056 1081 1083
62 1052 995 1039 1077 1026 1018 1059 1066
63 1019 959 995 1052 987 974 1026 1036
64 986 926 959 1019 953 942 987 1004
65 958 896 926 986 924 913 953 970
66 934 875 896 958 900 885 924 947
67 914 853 875 934 880 862 900 922
68 893 836 853 914 863 843 880 904
69 882 822 836 893 850 828 863 886
70 870 814 822 882 838 818 850 877
71 858 811 814 870 829 812 838 864
72 851 807 811 858 824 809 829 854
73 842 803 807 851 820 806 824 845
74 837 799 803 842 816 802 820 839
75 831 796 799 837 813 798 816 833
76 983 852 841 975 920 846 915 980
77 991 860 852 983 930 855 920 988
78 998 872 860 991 936 867 930 994
79 1006 878 872 998 945 876 936 1003
80 1010 887 878 1006 950 884 945 1009
81 1021 897 887 1010 960 890 950 1016
82 1028 910 897 1021 966 905 960 1023
83 1033 921 910 1028 977 917 966 1031
84 1041 937 921 1033 990 931 977 1038
85 1046 951 937 1041 1001 946 990 1043
86 1051 968 951 1046 1011 962 1001 1048
87 1057 989 968 1051 1027 978 1011 1054
88 1061 1008 989 1057 1040 997 1027 1060
89 1068 1024 1008 1061 1047 1014 1040 1064
90 1071 1039 1024 1068 1056 1032 1047 1069
91 852 730 722 841 783 726 777 846
92 860 737 730 852 790 734 783 855
93 872 744 737 860 794 742 790 867
94 878 748 744 872 808 746 794 876
95 887 761 748 878 817 757 808 884
96 897 771 761 887 827 766 817 890
97 910 782 771 897 844 776 827 905
98 921 795 782 910 861 791 844 917
99 937 819 795 921 883 810 861 931
100 951 848 819 937 901 832 883 946
101 968 879 848 951 927 865 901 962
102 989 911 879 968 949 892 927 978
103 1008 941 911 989 972 925 949 997
104 1024 969 941 1008 996 955 972 1014
105 1039 995 969 1024 1018 981 996 1032
106 730 628 621 722 675 625 672 726
107 737 637 628 730 683 634 675 734
108 744 644 637 737 694 642 683 742
109 748 651 644 744 698 648 694 746
110 761 659 651 748 708 655 698 757
111 771 673 659 761 720 667 708 766
112 782 687 673 771 736 677 720 776
113 795 705 687 782 752 696 736 791
114 819 729 705 795 772 715 752 810
115 848 756 729 819 793 743 772 832
116 879 786 756 848 825 770 793 865
117 911 821 786 879 871 805 825 892
118 941 873 821 911 907 849 871 925
119 969 918 873 941 944 894 907 955
120 995 959 918 969 974 938 944 981
121 628 532 527 621 581 529 576 625
122 637 542 532 628 586 537 581 634
123 644 553 542 637 594 548 586 642
124 651 560 553 644 603 558 594 648
125 659 572 560 651 612 564 603 655
126 673 583 572 659 630 578 612 667
127 687 601 583 673 647 592 630 677
128 705 623 601 687 665 610 647 696
129 729 652 623 705 688 640 665 715
130 756 680 652 729 716 666 688 743
131 786 714 680 756 747 697 716 770
132 821 759 714 786 789 738 747 805
133 873 804 759 821 835 779 789 849
134 918 868 804 873 889 830 835 894
135 959 926 868 918 942 895 889 938
136 532 447 443 527 493 446 489 529
137 542 461 447 532 503 454 493 537
138 553 470 461 542 510 465 503 548
139 560 481 470 553 518 475 510 558
140 572 491 481 560 528 485 518 564
141 583 507 491 572 550 500 528 578
142 601 524 507 583 565 516 550 592
143 623 554 524 601 587 539 565 610
144 652 582 554 623 613 568 587 640
145 680 615 582 652 650 599 613 666
146 714 657 615 680 686 641 650 697
147 759 699 657 714 732 679 686 738
148 804 758 699 759 778 731 732 779
149 868 815 758 804 840 785 778 830
150 926 896 815 868 913 857 840 895
151 447 379 371 443 418 377 413 446
152 461 384 379 447 425 382 418 454
153 470 396 384 461 433 390 425 465
154 481 407 396 470 440 401 433 475
155 491 421 407 481 453 414 440 485
156 507 438 421 491 476 430 453 500
157 524 463 438 507 494 445 476 516
158 554 490 463 524 520 479 494 539
159 582 521 490 554 556 508 520 568
160 615 562 521 582 590 545 556 599
161 657 606 562 615 636 585 590 641
162 699 660 606 657 681 638 636 679
163 758 717 660 699 739 689 681 731
164 815 784 717 758 797 749 739 785
165 896 875 784 815 885 823 797 857
166 379 316 309 371 349 315 343 377
167 384 323 316 379 353 318 349 382
168 396 331 323 384 366 325 353 390
169 407 344 331 396 372 338 366 401
170 421 361 344 407 389 350 372 414
171 438 380 361 421 410 369 389 430
172 463 408 380 438 435 393 410 445
173 490 437 408 463 466 423 435 479
174 521 478 437 490 501 456 466 508
175 562 519 478 521 541 497 501 545
176 606 570 519 562 589 546 541 585
177 660 626 570 606 645 596 589 638
178 717 690 626 660 700 656 645 689
179 784 763 690 717 773 725 700 749
180 875 853 763 784 862 801 773 823
181 316 257 251 309 286 254 282 315
182 323 263 257 316 295 260 286 318
183 331 275 263 323 304 268 295 325
184 344 291 275 331 317 284 304 338
185 361 307 291 344 334 299 317 350
186 380 330 307 361 356 319 334 369
187 408 360 330 380 383 346 356 393
188 437 394 360 408 417 376 383 423
189 478 436 394 437 452 415 417 456
190 519 484 436 478 502 460 452 497
191 570 535 484 519 557 512 502 546
192 626 597 535 570 608 569 557 596
193 690 668 597 626 676 635 608 656
194 763 745 668 690 753 702 676 725
195 853 836 745 763 843 787 753 801
196 257 209 203 251 236 205 227 254
197 263 216 209 257 240 212 236 260
198 275 229 216 263 252 221 240 268
199 291 244 229 275 265 238 252 284
200 307 262 244 291 285 253 265 299
201 330 292 262 307 313 277 285 319
202 360 322 292 330 341 305 313 346
203 394 359 322 360 375 340 341 376
204 436 405 359 394 420 381 375 415
205 484 451 405 436 472 429 420 460
206 535 513 451 484 522 486 472 512
207 597 579 513 535 588 549 522 569
208 668 653 579 597 658 611 588 635
209 745 733 653 668 740 692 658 702
210 836 822 733 745 828 774 740 787
211 209 171 163 203 190 166 184 205
212 216 177 171 209 197 174 190 212
213 229 192 177 216 210 185 197 221
214 244 208 192 229 223 198 210 238
215 262 228 208 244 246 217 223 253
216 292 256 228 262 271 242 246 277
217 322 293 256 292 306 272 271 305
218 359 332 293 322 347 314 306 340
219 405 378 332 359 391 354 347 381
220 451 434 378 405 441 409 391 429
221 513 495 434 451 505 467 441 486
222 579 563 495 513 573 526 505 549
223 653 643 563 579 646 600 573 611
224 733 721 643 653 727 678 646 692
225 822 814 721 733 818 769 727 774
226 171 135 128 163 152 131 144 166
227 177 142 135 171 162 139 152 174
228 192 159 142 177 175 151 162 185
229 208 176 159 192 194 170 175 198
230 228 200 176 208 213 189 194 217
231 256 232 200 228 243 214 213 242
232 293 264 232 256 280 248 243 272
233 332 312 264 293 321 290 280 314
234 378 362 312 332 368 336 321 354
235 434 419 362 378 426 386 368 409
236 495 483 419 434 488 444 426 467
237 563 555 483 495 559 515 488 526
238 643 633 555 563 639 591 559 600
239 721 713 633 643 719 674 639 678
240 814 811 713 721 812 762 719 769
241 135 109 103 128 122 107 115 131
242 142 121 109 135 132 113 122 139
243 159 134 121 142 145 127 132 151
244 176 153 134 159 167 141 145 170
245 200 180 153 176 191 168 167 189
246 232 211 180 200 220 195 191 214
247 264 247 211 232 258 231 220 248
248 312 296 247 264 301 270 258 290
249 362 348 296 312 352 320 301 336
250 419 406 348 362 411 373 352 386
251 483 474 406 419 480 439 411 444
252 555 547 474 483 552 509 480 515
253 633 624 547 555 629 584 552 591
254 713 711 624 633 712 670 629 674
255 811 807 711 713 809 760 712 762
256 109 90 84 103 101 88 92 107
257 121 102 90 109 111 97 101 113
258 134 116 102 121 124 108 111 127
259 153 136 116 134 143 125 124 141
260 180 164 136 153 173 148 143 168
261 211 196 164 180 202 181 173 195
262 247 237 196 211 241 215 202 231
263 296 283 237 247 289 259 241 270
264 348 337 283 296 342 311 289 320
265 406 397 337 348 403 367 342 373
266 474 468 397 406 471 432 403 439
267 547 538 468 474 543 504 471 509
268 624 619 538 547 622 580 543 584
269 711 707 619 624 709 664 622 670
270 807 803 707 711 806 755 709 760
271 90 79 70 84 86 75 78 88
272 102 89 79 90 95 83 86 97
273 116 104 89 102 110 96 95 108
274 136 123 104 116 130 112 110 125
275 164 150 123 136 157 137 130 148
276 196 187 150 164 193 172 157 181
277 237 225 187 196 235 206 193 215
278 283 273 225 237 279 249 235 259
279 337 328 273 283 333 302 279 311
280 397 392 328 337 395 364 333 367
281 468 462 392 397 464 427 395 432
282 538 533 462 468 536 499 464 504
283 619 617 533 538 618 577 536 580
284 707 704 617 619 706 663 618 664
285 803 799 704 707 802 754 706 755
286 79 67 62 70 73 65 66 75
287 89 81 67 79 85 74 73 83
288 104 94 81 89 99 87 85 96
289 123 114 94 104 120 106 99 112
290 150 140 114 123 146 129 120 137
291 187 179 140 150 183 161 146 172
292 225 219 179 187 222 199 183 206
293 273 266 219 225 269 245 222 249
294 328 324 266 273 326 298 269 302
295 392 385 324 328 387 357 326 364
296 462 457 385 392 458 424 387 427
297 533 530 457 462 531 496 458 499
298 617 614 530 533 616 575 531 577
299 704 701 614 617 703 661 616 663
300 799 796 701 704 798 750 703 754
301 53 69 72 49 57 80 54 52
302 58 61 69 53 59 64 57 56
303 62 67 61 58 65 63 59 60
304 69 126 165 72 98 156 119 80
305 61 82 126 69 68 100 98 64
306 67 81 82 61 74 77 68 63
307 126 182 239 165 154 224 201 156
308 82 105 182 126 91 138 154 100
309 81 94 105 82 87 93 91 77
310 182 233 308 239 204 288 274 224
311 105 133 233 182 118 178 204 138
312 94 114 133 105 106 117 118 93
313 233 281 370 308 255 345 339 288
314 133 169 281 233 149 218 255 178
315 114 140 169 133 129 147 149 117
316 281 327 431 370 303 400 402 345
317 169 207 327 281 188 261 303 218
318 140 179 207 169 161 186 188 147
319 327 374 487 431 351 448 459 400
320 207 250 374 327 230 310 351 261
321 179 219 250 207 199 226 230 186
322 374 428 544 487 404 506 514 448
323 250 300 428 374 276 363 404 310
324 219 266 300 250 245 278 276 226
325 428 482 598 544 449 561 574 506
326 300 358 482 428 329 416 449 363
327 266 324 358 300 298 335 329 278
328 482 534 654 598 511 609 627 561
329 358 422 534 482 388 477 511 416
330 324 385 422 358 357 399 388 335
331 534 595 710 654 567 669 682 609
332 422 492 595 534 455 540 567 477
333 385 457 492 422 424 473 455 399
334 595 662 768 710 631 724 741 669
335 492 566 662 595 525 607 631 540
336 457 530 566 492 496 551 525 473
337 662 728 826 768 695 781 792 724
338 566 649 728 662 605 685 695 607
339 530 614 649 566 575 632 605 551
340 728 800 902 826 764 856 869 781
341 649 735 800 728 693 767 764 685
342 614 701 735 649 661 718 693 632
343 800 891 964 902 847 932 935 856
344 735 831 891 800 780 866 847 767
345 701 796 831 735 750 813 780 718
346 1126 1108 902 964 1120 1042 935 1089
347 1108 1067 826 902 1091 954 869 1042
348 1067 963 768 826 1020 859 792 954
349 963 834 710 768 903 765 741 859
350 834 723 654 710 775 684 682 765
351 723 620 598 654 671 604 627 684
352 620 517 544 598 571 523 574 604
353 517 412 487 544 469 442 514 523
354 412 297 431 487 355 365 459 442
355 297 158 370 431 234 267 402 365
356 158 50 308 370 71 160 339 267
357 50 44 239 308 48 55 274 160
358 44 37 165 239 40 47 201 55
359 37 30 72 165 33 42 119 47
360 30 22 49 72 27 36 54 42
361 22 26 53 49 24 39 52 36
362 26 29 58 53 28 41 56 39
363 29 34 62 58 31 43 60 41
364 34 29 9 15 31 17 12 19
365 29 26 4 9 28 13 6 17
366 26 22 1 4 24 10 3 13
367 1173 1108 1126 1184 1149 1120 1165 1179
368 1152 1067 1108 1173 1123 1091 1149 1162
369 1117 963 1067 1152 1074 1020 1123 1134
370 1015 834 963 1117 929 903 1074 1086
371 788 723 834 1015 751 775 929 908
372 593 620 723 788 602 671 751 691
373 398 517 620 593 450 571 602 498
374 155 412 517 398 294 469 450 287
375 46 297 412 155 76 355 294 51
376 32 158 297 46 45 234 76 38
377 21 50 158 32 35 71 45 25
378 16 44 50 21 23 48 35 18
379 8 37 44 16 20 40 23 11
380 5 30 37 8 14 33 20 7
381 1 22 30 5 10 27 14 2
