1 2035 2010 2017 2037 2026 2013 2029 2036
2 2033 2004 2010 2035 2023 2007 2026 2034
3 2031 1996 2004 2033 2019 2000 2023 2032
4 2028 1986 1996 2031 2014 1992 2019 2030
5 2025 1974 1986 2028 2009 1976 2014 2027
6 2022 1969 1974 2025 2003 1972 2009 2024
7 2020 1966 1969 2022 1997 1968 2003 2021
8 2016 1959 1966 2020 1989 1962 1997 2018
9 2012 1952 1959 2016 1979 1956 1989 2015
10 2008 1943 1952 2012 1973 1948 1979 2011
11 2005 1936 1943 2008 1970 1940 1973 2006
12 2001 1930 1936 2005 1967 1933 1970 2002
13 1998 1922 1930 2001 1964 1925 1967 1999
14 1994 1914 1922 1998 1961 1918 1964 1995
15 1991 1908 1914 1994 1958 1910 1961 1993
16 1987 1901 1908 1991 1954 1905 1958 1988
17 1984 1892 1901 1987 1951 1898 1954 1985
18 1982 1888 1892 1984 1949 1891 1951 1983
19 1980 1881 1888 1982 1946 1886 1949 1981
20 1977 1879 1881 1980 1945 1880 1946 1978
21 2010 1950 1960 2017 1975 1955 1990 2013
22 2004 1938 1950 2010 1971 1942 1975 2007
23 1996 1924 1938 2004 1965 1931 1971 2000
24 1986 1911 1924 1996 1957 1919 1965 1992
25 1974 1894 1911 1986 1947 1903 1957 1976
26 1969 1876 1894 1974 1937 1885 1947 1972
27 1966 1856 1876 1969 1927 1866 1937 1968
28 1959 1834 1856 1966 1915 1845 1927 1962
29 1952 1805 1834 1959 1902 1818 1915 1956
30 1943 1777 1805 1952 1887 1793 1902 1948
31 1936 1748 1777 1943 1871 1764 1887 1940
32 1930 1718 1748 1936 1857 1732 1871 1933
33 1922 1689 1718 1930 1844 1702 1857 1925
34 1914 1661 1689 1922 1826 1672 1844 1918
35 1908 1632 1661 1914 1809 1645 1826 1910
36 1901 1603 1632 1908 1794 1619 1809 1905
37 1892 1581 1603 1901 1778 1594 1794 1898
38 1888 1559 1581 1892 1765 1569 1778 1891
39 1881 1537 1559 1888 1754 1546 1765 1886
40 1879 1519 1537 1881 1743 1528 1754 1880
41 1944 1932 1913 1928 1939 1923 1921 1935
42 1960 1950 1932 1944 1955 1941 1939 1953
43 1932 1920 1895 1913 1926 1909 1906 1923
44 1950 1938 1920 1932 1942 1929 1926 1941
45 1920 1904 1873 1895 1912 1889 1883 1909
46 1938 1924 1904 1920 1931 1916 1912 1929
47 1904 1882 1853 1873 1893 1870 1863 1889
48 1924 1911 1882 1904 1919 1899 1893 1916
49 1882 1865 1827 1853 1875 1848 1841 1870
50 1911 1894 1865 1882 1903 1878 1875 1899
51 1865 1843 1796 1827 1855 1819 1812 1848
52 1894 1876 1843 1865 1885 1860 1855 1878
53 1843 1814 1761 1796 1830 1790 1779 1819
54 1876 1856 1814 1843 1866 1836 1830 1860
55 1814 1783 1724 1761 1800 1758 1744 1790
56 1856 1834 1783 1814 1845 1810 1800 1836
57 1783 1752 1690 1724 1768 1721 1706 1758
58 1834 1805 1752 1783 1818 1781 1768 1810
59 1752 1717 1651 1690 1733 1687 1671 1721
60 1805 1777 1717 1752 1793 1749 1733 1781
61 1717 1684 1615 1651 1700 1647 1633 1687
62 1777 1748 1684 1717 1764 1715 1700 1749
63 1684 1650 1576 1615 1667 1614 1595 1647
64 1748 1718 1650 1684 1732 1685 1667 1715
65 1650 1617 1535 1576 1635 1578 1554 1614
66 1718 1689 1617 1650 1702 1653 1635 1685
67 1617 1585 1501 1535 1600 1541 1513 1578
68 1689 1661 1585 1617 1672 1624 1600 1653
69 1585 1550 1462 1501 1568 1504 1481 1541
70 1661 1632 1550 1585 1645 1593 1568 1624
71 1550 1517 1434 1462 1533 1474 1448 1504
72 1632 1603 1517 1550 1619 1563 1533 1593
73 1517 1488 1405 1434 1502 1446 1416 1474
74 1603 1581 1488 1517 1594 1536 1502 1563
75 1488 1464 1380 1405 1477 1417 1388 1446
76 1581 1559 1464 1488 1569 1508 1477 1536
77 1464 1445 1354 1380 1455 1400 1366 1417
78 1559 1537 1445 1464 1546 1485 1455 1508
79 1445 1423 1333 1354 1437 1381 1347 1400
80 1537 1519 1423 1445 1528 1468 1437 1485
81 1204 1273 1254 1181 1240 1266 1217 1192
82 1224 1300 1273 1204 1261 1288 1240 1215
83 1250 1320 1300 1224 1286 1310 1261 1238
84 1277 1349 1320 1250 1313 1335 1286 1265
85 1308 1383 1349 1277 1345 1367 1313 1293
86 1339 1415 1383 1308 1378 1401 1345 1319
87 1375 1453 1415 1339 1411 1438 1378 1356
88 1412 1492 1453 1375 1451 1472 1411 1391
89 1454 1534 1492 1412 1494 1511 1451 1436
90 1498 1579 1534 1454 1538 1556 1494 1475
91 1542 1621 1579 1498 1584 1599 1538 1521
92 1589 1662 1621 1542 1627 1640 1584 1566
93 1634 1699 1662 1589 1669 1682 1627 1612
94 1673 1738 1699 1634 1707 1720 1669 1655
95 1714 1775 1738 1673 1746 1759 1707 1696
96 1756 1811 1775 1714 1784 1795 1746 1734
97 1792 1840 1811 1756 1817 1825 1784 1773
98 1823 1862 1840 1792 1847 1852 1817 1807
99 1850 1884 1862 1823 1869 1874 1847 1837
100 1872 1907 1884 1850 1890 1896 1869 1861
101 1273 1354 1333 1254 1314 1347 1296 1266
102 1300 1380 1354 1273 1336 1366 1314 1288
103 1320 1405 1380 1300 1363 1388 1336 1310
104 1349 1434 1405 1320 1390 1416 1363 1335
105 1383 1462 1434 1349 1421 1448 1390 1367
106 1415 1501 1462 1383 1460 1481 1421 1401
107 1453 1535 1501 1415 1496 1513 1460 1438
108 1492 1576 1535 1453 1532 1554 1496 1472
109 1534 1615 1576 1492 1577 1595 1532 1511
110 1579 1651 1615 1534 1616 1633 1577 1556
111 1621 1690 1651 1579 1657 1671 1616 1599
112 1662 1724 1690 1621 1695 1706 1657 1640
113 1699 1761 1724 1662 1730 1744 1695 1682
114 1738 1796 1761 1699 1769 1779 1730 1720
115 1775 1827 1796 1738 1801 1812 1769 1759
116 1811 1853 1827 1775 1832 1841 1801 1795
117 1840 1873 1853 1811 1858 1863 1832 1825
118 1862 1895 1873 1840 1877 1883 1858 1852
119 1884 1913 1895 1862 1900 1906 1877 1874
120 1907 1928 1913 1884 1917 1921 1900 1896
121 106 126 104 88 113 112 95 98
122 128 151 126 106 139 136 113 116
123 154 177 151 128 166 162 139 141
124 185 207 177 154 197 190 166 170
125 219 243 207 185 233 225 197 202
126 256 286 243 219 270 265 233 236
127 299 329 286 256 315 305 270 279
128 346 377 329 299 364 354 315 322
129 401 434 377 346 417 405 364 373
130 460 492 434 401 478 462 417 431
131 526 555 492 460 545 524 478 493
132 601 630 555 526 619 593 545 562
133 677 708 630 601 691 669 619 639
134 765 798 708 677 779 751 691 720
135 860 887 798 765 871 839 779 812
136 960 988 887 860 978 940 871 911
137 1073 1098 988 960 1086 1042 978 1019
138 1198 1218 1098 1073 1210 1159 1086 1132
139 1330 1353 1218 1198 1343 1285 1210 1260
140 1479 1505 1353 1330 1493 1431 1343 1403
141 126 147 124 104 133 132 110 112
142 151 173 147 126 160 158 133 136
143 177 205 173 151 188 187 160 162
144 207 235 205 177 222 220 188 190
145 243 272 235 207 258 253 222 225
146 286 317 272 243 298 294 258 265
147 329 362 317 286 340 336 298 305
148 377 411 362 329 393 381 340 354
149 434 465 411 377 447 437 393 405
150 492 525 465 434 507 494 447 462
151 555 588 525 492 573 554 507 524
152 630 663 588 555 644 624 573 593
153 708 743 663 630 723 701 644 669
154 798 826 743 708 808 782 723 751
155 887 917 826 798 904 866 808 839
156 988 1020 917 887 1005 962 904 940
157 1098 1125 1020 988 1114 1071 1005 1042
158 1218 1247 1125 1098 1231 1184 1114 1159
159 1353 1385 1247 1218 1370 1312 1231 1285
160 1505 1531 1385 1353 1520 1458 1370 1431
161 147 172 144 124 157 156 131 132
162 173 200 172 147 186 184 157 158
163 205 232 200 173 217 216 186 187
164 235 268 232 205 251 249 217 220
165 272 303 268 235 289 284 251 253
166 317 342 303 272 331 324 289 294
167 362 391 342 317 376 368 331 336
168 411 442 391 362 424 418 376 381
169 465 498 442 411 483 470 424 437
170 525 557 498 465 544 528 483 494
171 588 623 557 525 608 591 544 554
172 663 696 623 588 676 658 608 624
173 743 772 696 663 754 735 676 701
174 826 857 772 743 841 815 754 782
175 917 949 857 826 936 905 841 866
176 1020 1051 949 917 1035 998 936 962
177 1125 1156 1051 1020 1144 1099 1035 1071
178 1247 1274 1156 1125 1263 1216 1144 1184
179 1385 1410 1274 1247 1399 1342 1263 1312
180 1531 1560 1410 1385 1545 1482 1399 1458
181 172 198 171 144 183 181 155 156
182 200 226 198 172 215 212 183 184
183 232 260 226 200 244 241 215 216
184 268 296 260 232 282 280 244 249
185 303 337 296 268 320 318 282 284
186 342 379 337 303 365 360 320 324
187 391 427 379 342 412 404 365 368
188 442 481 427 391 459 452 412 418
189 498 534 481 442 516 505 459 470
190 557 595 534 498 575 563 516 528
191 623 659 595 557 643 627 575 591
192 696 733 659 623 714 695 643 658
193 772 807 733 696 793 769 714 735
194 857 894 807 772 875 852 793 815
195 949 981 894 857 961 939 875 905
196 1051 1083 981 949 1063 1032 961 998
197 1156 1189 1083 1051 1175 1133 1063 1099
198 1274 1309 1189 1156 1291 1246 1175 1216
199 1410 1444 1309 1274 1429 1373 1291 1342
200 1560 1588 1444 1410 1574 1512 1429 1482
201 198 224 199 171 210 211 182 181
202 226 257 224 198 240 238 210 212
203 260 293 257 226 276 274 240 241
204 296 333 293 260 314 311 276 280
205 337 372 333 296 355 350 314 318
206 379 416 372 337 399 392 355 360
207 427 464 416 379 443 439 399 404
208 481 515 464 427 497 488 443 452
209 534 571 515 481 551 546 497 505
210 595 635 571 534 618 603 551 563
211 659 699 635 595 680 667 618 627
212 733 770 699 659 752 736 680 695
213 807 847 770 733 828 806 752 769
214 894 932 847 807 912 888 828 852
215 981 1023 932 894 1003 976 912 939
216 1083 1118 1023 981 1096 1066 1003 1032
217 1189 1222 1118 1083 1208 1169 1096 1133
218 1309 1341 1222 1189 1322 1283 1208 1246
219 1444 1473 1341 1309 1461 1406 1322 1373
220 1588 1611 1473 1444 1598 1543 1461 1512
221 224 259 231 199 239 242 213 211
222 257 292 259 224 273 275 239 238
223 293 328 292 257 309 308 273 274
224 333 367 328 293 348 344 309 311
225 372 409 367 333 389 386 348 350
226 416 453 409 372 436 432 389 392
227 464 501 453 416 485 480 436 439
228 515 552 501 464 538 529 485 488
229 571 615 552 515 592 581 538 546
230 635 672 615 571 650 642 592 603
231 699 742 672 635 719 704 650 667
232 770 809 742 699 791 773 719 736
233 847 886 809 770 862 849 791 806
234 932 966 886 847 950 928 862 888
235 1023 1057 966 932 1038 1013 950 976
236 1118 1154 1057 1023 1135 1102 1038 1066
237 1222 1256 1154 1118 1243 1206 1135 1169
238 1341 1377 1256 1222 1359 1316 1243 1283
239 1473 1506 1377 1341 1486 1441 1359 1406
240 1611 1636 1506 1473 1625 1575 1486 1543
241 259 295 263 231 277 281 246 242
242 292 330 295 259 310 312 277 275
243 328 366 330 292 343 345 310 308
244 367 406 366 328 384 383 343 344
245 409 448 406 367 428 425 384 386
246 453 495 448 409 475 471 428 432
247 501 547 495 453 522 518 475 480
248 552 598 547 501 574 570 522 529
249 615 651 598 552 634 626 574 581
250 672 717 651 615 692 685 634 642
251 742 783 717 672 759 748 692 704
252 809 853 783 742 832 819 759 773
253 886 931 853 809 910 892 832 849
254 966 1011 931 886 989 965 910 928
255 1057 1095 1011 966 1078 1054 989 1013
256 1154 1191 1095 1057 1177 1147 1078 1102
257 1256 1298 1191 1154 1278 1244 1177 1206
258 1377 1413 1298 1256 1394 1351 1278 1316
259 1506 1539 1413 1377 1525 1476 1394 1441
260 1636 1660 1539 1506 1646 1601 1525 1575
261 295 335 301 263 316 319 283 281
262 330 370 335 295 349 353 316 312
263 366 408 370 330 385 387 349 345
264 406 446 408 366 423 426 385 383
265 448 490 446 406 469 467 423 425
266 495 539 490 448 514 512 469 471
267 547 584 539 495 566 561 514 518
268 598 641 584 547 621 617 566 570
269 651 698 641 598 675 670 621 626
270 717 758 698 651 741 727 675 685
271 783 827 758 717 803 795 741 748
272 853 898 827 783 873 861 803 819
273 931 973 898 853 952 937 873 892
274 1011 1055 973 931 1033 1012 952 965
275 1095 1139 1055 1011 1120 1094 1033 1054
276 1191 1233 1139 1095 1213 1186 1120 1147
277 1298 1337 1233 1191 1317 1284 1213 1244
278 1413 1452 1337 1298 1435 1393 1317 1351
279 1539 1573 1452 1413 1557 1510 1435 1476
280 1660 1678 1573 1539 1670 1630 1557 1601
281 335 378 341 301 358 363 323 319
282 370 414 378 335 390 396 358 353
283 408 449 414 370 429 433 390 387
284 446 491 449 408 468 472 429 426
285 490 537 491 446 510 511 468 467
286 539 579 537 490 559 556 510 512
287 584 633 579 539 612 609 559 561
288 641 687 633 584 664 657 612 617
289 698 746 687 641 721 716 664 670
290 758 805 746 698 785 774 721 727
291 827 869 805 758 851 838 785 795
292 898 944 869 827 918 909 851 861
293 973 1021 944 898 997 979 918 937
294 1055 1097 1021 973 1076 1058 997 1012
295 1139 1183 1097 1055 1161 1142 1076 1094
296 1233 1279 1183 1139 1255 1228 1161 1186
297 1337 1382 1279 1233 1360 1329 1255 1284
298 1452 1491 1382 1337 1471 1439 1360 1393
299 1573 1602 1491 1452 1590 1548 1471 1510
300 1678 1701 1602 1573 1691 1656 1590 1630
301 378 422 394 341 402 410 369 363
302 414 461 422 378 438 441 402 396
303 449 499 461 414 476 482 438 433
304 491 541 499 449 513 519 476 472
305 537 580 541 491 558 560 513 511
306 579 631 580 537 606 607 558 556
307 633 682 631 579 655 652 606 609
308 687 737 682 633 711 707 655 657
309 746 796 737 687 768 762 711 716
310 805 854 796 746 831 824 768 774
311 869 920 854 805 897 889 831 838
312 944 992 920 869 964 955 897 909
313 1021 1065 992 944 1041 1030 964 979
314 1097 1148 1065 1021 1122 1106 1041 1058
315 1183 1229 1148 1097 1211 1187 1122 1142
316 1279 1321 1229 1183 1304 1275 1211 1228
317 1382 1425 1321 1279 1404 1374 1304 1329
318 1491 1530 1425 1382 1509 1478 1404 1439
319 1602 1637 1530 1491 1622 1587 1509 1548
320 1701 1722 1637 1602 1712 1679 1622 1656
321 422 479 444 394 450 463 419 410
322 461 509 479 422 486 496 450 441
323 499 548 509 461 523 533 486 482
324 541 590 548 499 564 569 523 519
325 580 636 590 541 611 614 564 560
326 631 683 636 580 653 656 611 607
327 682 734 683 631 705 706 653 652
328 737 789 734 682 760 756 705 707
329 796 846 789 737 822 817 760 762
330 854 908 846 796 881 874 822 824
331 920 970 908 854 947 941 881 889
332 992 1040 970 920 1018 1008 947 955
333 1065 1117 1040 992 1089 1080 1018 1030
334 1148 1197 1117 1065 1171 1155 1089 1106
335 1229 1282 1197 1148 1253 1236 1171 1187
336 1321 1371 1282 1229 1348 1323 1253 1275
337 1425 1469 1371 1321 1449 1418 1348 1374
338 1530 1572 1469 1425 1553 1522 1449 1478
339 1637 1666 1572 1530 1649 1623 1553 1587
340 1722 1742 1666 1637 1731 1704 1649 1679
341 479 535 503 444 504 520 477 463
342 509 568 535 479 542 549 504 496
343 548 605 568 509 576 583 542 533
344 590 645 605 548 620 625 576 569
345 636 688 645 590 661 668 620 614
346 683 738 688 636 709 712 661 656
347 734 788 738 683 757 761 709 706
348 789 840 788 734 814 813 757 756
349 846 900 840 789 868 864 814 817
350 908 959 900 846 935 930 868 874
351 970 1026 959 908 1000 993 935 941
352 1040 1090 1026 970 1068 1059 1000 1008
353 1117 1167 1090 1040 1143 1128 1068 1080
354 1197 1245 1167 1117 1219 1209 1143 1155
355 1282 1331 1245 1197 1306 1289 1219 1236
356 1371 1419 1331 1282 1398 1376 1306 1323
357 1469 1514 1419 1371 1495 1466 1398 1418
358 1572 1610 1514 1469 1592 1564 1495 1522
359 1666 1692 1610 1572 1676 1652 1592 1623
360 1742 1760 1692 1666 1753 1726 1676 1704
361 535 596 567 503 565 578 536 520
362 568 628 596 535 600 616 565 549
363 605 666 628 568 637 646 600 583
364 645 703 666 605 674 686 637 625
365 688 747 703 645 718 724 674 668
366 738 797 747 688 764 771 718 712
367 788 845 797 738 816 821 764 761
368 840 899 845 788 863 867 816 813
369 900 954 899 840 925 924 863 864
370 959 1016 954 900 985 983 925 930
371 1026 1082 1016 959 1052 1048 985 993
372 1090 1151 1082 1026 1121 1115 1052 1059
373 1167 1220 1151 1090 1193 1182 1121 1128
374 1245 1302 1220 1167 1271 1258 1193 1209
375 1331 1386 1302 1245 1355 1340 1271 1289
376 1419 1470 1386 1331 1447 1430 1355 1376
377 1514 1562 1470 1419 1540 1515 1447 1466
378 1610 1644 1562 1514 1629 1605 1540 1564
379 1692 1716 1644 1610 1705 1683 1629 1652
380 1760 1780 1716 1692 1771 1750 1705 1726
381 596 665 638 567 629 649 602 578
382 628 693 665 596 662 678 629 616
383 666 728 693 628 697 713 662 646
384 703 767 728 666 739 749 697 686
385 747 810 767 703 777 790 739 724
386 797 855 810 747 825 834 777 771
387 845 907 855 797 872 880 825 821
388 899 957 907 845 927 934 872 867
389 954 1015 957 899 982 984 927 924
390 1016 1072 1015 954 1045 1044 982 983
391 1082 1138 1072 1016 1109 1104 1045 1048
392 1151 1205 1138 1082 1180 1172 1109 1115
393 1220 1276 1205 1151 1249 1241 1180 1182
394 1302 1352 1276 1220 1328 1315 1249 1258
395 1386 1440 1352 1302 1408 1395 1328 1340
396 1470 1523 1440 1386 1499 1480 1408 1430
397 1562 1604 1523 1470 1586 1565 1499 1515
398 1644 1677 1604 1562 1664 1641 1586 1605
399 1716 1740 1677 1644 1729 1711 1664 1683
400 1780 1799 1740 1716 1789 1772 1729 1750
401 665 740 710 638 700 722 671 649
402 693 766 740 665 729 753 700 678
403 728 799 766 693 763 784 729 713
404 767 836 799 728 800 820 763 749
405 810 878 836 767 843 856 800 790
406 855 921 878 810 890 901 843 834
407 907 967 921 855 938 945 890 880
408 957 1024 967 907 987 996 938 934
409 1015 1077 1024 957 1046 1050 987 984
410 1072 1134 1077 1015 1101 1105 1046 1044
411 1138 1200 1134 1072 1166 1163 1101 1104
412 1205 1264 1200 1138 1232 1227 1166 1172
413 1276 1332 1264 1205 1307 1301 1232 1241
414 1352 1409 1332 1276 1384 1372 1307 1315
415 1440 1489 1409 1352 1463 1450 1384 1395
416 1523 1571 1489 1440 1547 1529 1463 1480
417 1604 1642 1571 1523 1626 1609 1547 1565
418 1677 1708 1642 1604 1694 1675 1626 1641
419 1740 1767 1708 1677 1755 1736 1694 1711
420 1799 1813 1767 1740 1802 1791 1755 1772
421 740 818 794 710 775 802 750 722
422 766 844 818 740 804 830 775 753
423 799 877 844 766 837 859 804 784
424 836 913 877 799 870 895 837 820
425 878 951 913 836 914 933 870 856
426 921 994 951 878 956 968 914 901
427 967 1039 994 921 1006 1017 956 945
428 1024 1087 1039 967 1056 1062 1006 996
429 1077 1145 1087 1024 1110 1116 1056 1050
430 1134 1202 1145 1077 1165 1170 1110 1105
431 1200 1259 1202 1134 1225 1226 1165 1163
432 1264 1324 1259 1200 1295 1292 1225 1227
433 1332 1396 1324 1264 1364 1361 1295 1301
434 1409 1467 1396 1332 1442 1432 1364 1372
435 1489 1544 1467 1409 1516 1507 1442 1450
436 1571 1618 1544 1489 1596 1582 1516 1529
437 1642 1680 1618 1571 1665 1648 1596 1609
438 1708 1735 1680 1642 1723 1709 1665 1675
439 1767 1787 1735 1708 1776 1763 1723 1736
440 1813 1829 1787 1767 1820 1808 1776 1791
441 818 902 879 794 858 891 835 802
442 844 929 902 818 884 915 858 830
443 877 958 929 844 916 943 884 859
444 913 991 958 877 953 977 916 895
445 951 1029 991 913 986 1010 953 933
446 994 1069 1029 951 1031 1049 986 968
447 1039 1113 1069 994 1075 1088 1031 1017
448 1087 1160 1113 1039 1123 1137 1075 1062
449 1145 1212 1160 1087 1179 1185 1123 1116
450 1202 1268 1212 1145 1230 1239 1179 1170
451 1259 1327 1268 1202 1294 1297 1230 1226
452 1324 1387 1327 1259 1357 1358 1294 1292
453 1396 1459 1387 1324 1428 1422 1357 1361
454 1467 1527 1459 1396 1500 1490 1428 1432
455 1544 1597 1527 1467 1570 1561 1500 1507
456 1618 1659 1597 1544 1638 1628 1570 1582
457 1680 1713 1659 1618 1697 1688 1638 1648
458 1735 1762 1713 1680 1751 1737 1697 1709
459 1787 1804 1762 1735 1798 1785 1751 1763
460 1829 1842 1804 1787 1835 1824 1798 1808
461 902 995 974 879 948 980 923 891
462 929 1022 995 902 972 1007 948 915
463 958 1047 1022 929 1004 1034 972 943
464 991 1079 1047 958 1037 1060 1004 977
465 1029 1112 1079 991 1070 1093 1037 1010
466 1069 1152 1112 1029 1111 1130 1070 1049
467 1113 1190 1152 1069 1153 1174 1111 1088
468 1160 1237 1190 1113 1201 1214 1153 1137
469 1212 1287 1237 1160 1248 1262 1201 1185
470 1268 1338 1287 1212 1305 1311 1248 1239
471 1327 1397 1338 1268 1362 1369 1305 1297
472 1387 1456 1397 1327 1420 1426 1362 1358
473 1459 1518 1456 1387 1484 1483 1420 1422
474 1527 1583 1518 1459 1555 1551 1484 1490
475 1597 1639 1583 1527 1620 1613 1555 1561
476 1659 1693 1639 1597 1674 1668 1620 1628
477 1713 1741 1693 1659 1727 1719 1674 1688
478 1762 1786 1741 1713 1774 1766 1727 1737
479 1804 1822 1786 1762 1815 1803 1774 1785
480 1842 1854 1822 1804 1849 1839 1815 1824
481 995 1092 1074 974 1043 1085 1025 980
482 1022 1119 1092 995 1067 1107 1043 1007
483 1047 1146 1119 1022 1091 1129 1067 1034
484 1079 1176 1146 1047 1124 1158 1091 1060
485 1112 1207 1176 1079 1157 1188 1124 1093
486 1152 1242 1207 1112 1195 1221 1157 1130
487 1190 1281 1242 1152 1234 1257 1195 1174
488 1237 1318 1281 1190 1280 1303 1234 1214
489 1287 1368 1318 1237 1326 1346 1280 1262
490 1338 1414 1368 1287 1379 1389 1326 1311
491 1397 1465 1414 1338 1433 1443 1379 1369
492 1456 1526 1465 1397 1487 1497 1433 1426
493 1518 1580 1526 1456 1549 1552 1487 1483
494 1583 1631 1580 1518 1608 1606 1549 1551
495 1639 1681 1631 1583 1663 1658 1608 1613
496 1693 1725 1681 1639 1710 1703 1663 1668
497 1741 1770 1725 1693 1757 1747 1710 1719
498 1786 1806 1770 1741 1797 1788 1757 1766
499 1822 1838 1806 1786 1831 1821 1797 1803
500 1854 1864 1838 1822 1859 1851 1831 1839
501 1092 1204 1181 1074 1150 1192 1127 1085
502 1119 1224 1204 1092 1173 1215 1150 1107
503 1146 1250 1224 1119 1199 1238 1173 1129
504 1176 1277 1250 1146 1223 1265 1199 1158
505 1207 1308 1277 1176 1252 1293 1223 1188
506 1242 1339 1308 1207 1290 1319 1252 1221
507 1281 1375 1339 1242 1325 1356 1290 1257
508 1318 1412 1375 1281 1365 1391 1325 1303
509 1368 1454 1412 1318 1407 1436 1365 1346
510 1414 1498 1454 1368 1457 1475 1407 1389
511 1465 1542 1498 1414 1503 1521 1457 1443
512 1526 1589 1542 1465 1558 1566 1503 1497
513 1580 1634 1589 1526 1607 1612 1558 1552
514 1631 1673 1634 1580 1654 1655 1607 1606
515 1681 1714 1673 1631 1698 1696 1654 1658
516 1725 1756 1714 1681 1739 1734 1698 1703
517 1770 1792 1756 1725 1782 1773 1739 1747
518 1806 1823 1792 1770 1816 1807 1782 1788
519 1838 1850 1823 1806 1846 1837 1816 1821
520 1864 1872 1850 1838 1868 1861 1846 1851
521 1934 1745 1879 1977 1867 1828 1945 1963
522 1833 1524 1745 1934 1686 1643 1867 1897
523 1591 1272 1524 1833 1402 1392 1686 1728
524 1270 1064 1272 1591 1140 1164 1402 1424
525 1009 883 1064 1270 926 971 1140 1131
526 792 726 883 1009 745 801 926 896
527 610 589 726 792 587 654 745 694
528 455 474 589 610 456 531 587 532
529 338 374 474 455 352 420 456 395
530 237 290 374 338 264 332 352 287
531 168 221 290 237 192 254 264 203
532 109 167 221 168 137 189 192 135
533 72 123 167 109 94 143 137 89
534 47 86 123 72 66 102 94 57
535 34 62 86 47 44 74 66 39
536 25 43 62 34 35 52 44 30
537 14 36 43 25 26 40 35 20
538 8 29 36 14 16 32 26 12
539 4 22 29 8 9 24 16 6
540 1 13 22 4 5 17 9 2
541 1745 1334 1519 1879 1567 1427 1743 1828
542 1524 1178 1334 1745 1350 1251 1567 1643
543 1272 1036 1178 1524 1162 1100 1350 1392
544 1064 906 1036 1272 999 963 1162 1164
545 883 787 906 1064 850 842 999 971
546 726 681 787 883 715 732 850 801
547 589 582 681 726 594 632 715 654
548 474 500 582 589 489 543 594 531
549 374 421 500 474 400 458 489 420
550 290 359 421 374 321 388 400 332
551 221 297 359 290 255 325 321 254
552 167 248 297 221 201 271 255 189
553 123 204 248 167 153 223 201 143
554 86 163 204 123 115 180 153 102
555 62 130 163 86 87 149 115 74
556 43 105 130 62 67 117 87 52
557 36 82 105 43 50 91 67 40
558 29 65 82 36 38 73 50 32
559 22 51 65 29 33 56 38 24
560 13 41 51 22 28 45 33 17
561 1334 1267 1423 1519 1299 1344 1468 1427
562 1178 1126 1267 1334 1149 1196 1299 1251
563 1036 1002 1126 1178 1014 1061 1149 1100
564 906 885 1002 1036 893 942 1014 963
565 787 780 885 906 778 833 893 842
566 681 684 780 787 679 730 778 732
567 582 597 684 681 586 640 679 632
568 500 517 597 582 506 553 586 543
569 421 445 517 500 435 484 506 458
570 359 380 445 421 371 415 435 388
571 297 326 380 359 313 356 371 325
572 248 278 326 297 261 300 313 271
573 204 234 278 248 218 252 261 223
574 163 193 234 204 178 214 218 180
575 130 159 193 163 148 175 178 149
576 105 129 159 130 119 145 148 117
577 82 107 129 105 93 120 119 91
578 65 85 107 82 75 96 93 73
579 51 70 85 65 60 77 75 56
580 41 55 70 51 48 63 60 45
581 1267 1203 1333 1423 1235 1269 1381 1344
582 1126 1084 1203 1267 1108 1141 1235 1196
583 1002 969 1084 1126 990 1028 1108 1061
584 885 865 969 1002 882 919 990 942
585 780 776 865 885 781 823 882 833
586 684 690 776 780 689 731 781 730
587 597 613 690 684 604 647 689 640
588 517 540 613 597 530 572 604 553
589 445 473 540 517 457 502 530 484
590 380 413 473 445 397 440 457 415
591 326 361 413 380 339 382 397 356
592 278 307 361 326 291 334 339 300
593 234 269 307 278 250 288 291 252
594 193 227 269 234 206 247 250 214
595 159 191 227 193 174 208 206 175
596 129 161 191 159 146 176 174 145
597 107 134 161 129 121 150 146 120
598 85 111 134 107 99 125 121 96
599 70 92 111 85 80 103 99 77
600 55 78 92 70 68 84 80 63
601 104 100 81 88 101 90 83 95
602 124 118 100 104 122 108 101 110
603 144 140 118 124 142 127 122 131
604 171 165 140 144 169 152 142 155
605 199 195 165 171 196 179 169 182
606 231 229 195 199 228 209 196 213
607 263 266 229 231 262 245 228 246
608 301 304 266 263 302 285 262 283
609 341 351 304 301 347 327 302 323
610 394 403 351 341 398 375 347 369
611 444 454 403 394 451 430 398 419
612 503 521 454 444 508 487 451 477
613 567 585 521 503 577 550 508 536
614 638 660 585 567 648 622 577 602
615 710 744 660 638 725 702 648 671
616 794 829 744 710 811 786 725 750
617 879 922 829 794 903 876 811 835
618 974 1027 922 879 1001 975 903 923
619 1074 1136 1027 974 1103 1081 1001 1025
620 1181 1254 1136 1074 1217 1194 1103 1127
621 100 92 78 81 97 84 79 90
622 118 111 92 100 114 103 97 108
623 140 134 111 118 138 125 114 127
624 165 161 134 140 164 150 138 152
625 195 191 161 165 194 176 164 179
626 229 227 191 195 230 208 194 209
627 266 269 227 229 267 247 230 245
628 304 307 269 266 306 288 267 285
629 351 361 307 304 357 334 306 327
630 403 413 361 351 407 382 357 375
631 454 473 413 403 466 440 407 430
632 521 540 473 454 527 502 466 487
633 585 613 540 521 599 572 527 550
634 660 690 613 585 673 647 599 622
635 744 776 690 660 755 731 673 702
636 829 865 776 744 848 823 755 786
637 922 969 865 829 946 919 848 876
638 1027 1084 969 922 1053 1028 946 975
639 1136 1203 1084 1027 1168 1141 1053 1081
640 1254 1333 1203 1136 1296 1269 1168 1194
641 46 61 55 41 54 58 48 42
642 53 69 61 46 59 64 54 49
643 61 81 78 55 71 79 68 58
644 69 88 81 61 76 83 71 64
645 7 19 13 1 10 15 5 3
646 18 27 19 7 21 23 10 11
647 19 46 41 13 31 42 28 15
648 27 53 46 19 37 49 31 23