1 1322 1324 1382 1380 1323 1362 1381 1361
2 1324 1327 1384 1382 1326 1364 1383 1362
3 1327 1329 1386 1384 1328 1365 1385 1364
4 1329 1333 1388 1386 1332 1366 1387 1365
5 1333 1335 1390 1388 1334 1367 1389 1366
6 1335 1338 1392 1390 1337 1368 1391 1367
7 1338 1341 1394 1392 1339 1370 1393 1368
8 1341 1343 1396 1394 1342 1371 1395 1370
9 1343 1347 1398 1396 1346 1372 1397 1371
10 1347 1350 1400 1398 1349 1373 1399 1372
11 1350 1352 1402 1400 1351 1374 1401 1373
12 1352 1354 1404 1402 1353 1376 1403 1374
13 1354 1356 1406 1404 1355 1377 1405 1376
14 1356 1359 1408 1406 1357 1378 1407 1377
15 1359 1363 1410 1408 1360 1379 1409 1378
16 1363 1359 1311 1317 1360 1340 1315 1344
17 1359 1356 1305 1311 1357 1336 1308 1340
18 1356 1354 1296 1305 1355 1331 1300 1336
19 1354 1352 1287 1296 1353 1325 1290 1331
20 1352 1350 1273 1287 1351 1321 1282 1325
21 1350 1347 1263 1273 1349 1320 1268 1321
22 1347 1343 1251 1263 1346 1318 1259 1320
23 1343 1341 1236 1251 1342 1313 1245 1318
24 1341 1338 1218 1236 1339 1309 1229 1313
25 1338 1335 1200 1218 1337 1303 1209 1309
26 1335 1333 1180 1200 1334 1297 1190 1303
27 1333 1329 1158 1180 1332 1291 1169 1297
28 1329 1327 1136 1158 1328 1286 1150 1291
29 1327 1324 1119 1136 1326 1281 1131 1286
30 1324 1322 1104 1119 1323 1271 1110 1281
31 1311 1301 1310 1317 1307 1306 1314 1315
32 1305 1289 1301 1311 1298 1295 1307 1308
33 1296 1278 1289 1305 1288 1283 1298 1300
34 1287 1261 1278 1296 1276 1269 1288 1290
35 1273 1248 1261 1287 1262 1255 1276 1282
36 1263 1227 1248 1273 1249 1238 1262 1268
37 1251 1203 1227 1263 1234 1216 1249 1259
38 1236 1179 1203 1251 1215 1193 1234 1245
39 1218 1153 1179 1236 1191 1164 1215 1229
40 1200 1127 1153 1218 1167 1138 1191 1209
41 1180 1105 1127 1200 1145 1115 1167 1190
42 1158 1083 1105 1180 1123 1090 1145 1169
43 1136 1064 1083 1158 1103 1073 1123 1150
44 1119 1043 1064 1136 1084 1054 1103 1131
45 1104 1026 1043 1119 1066 1033 1084 1110
46 1301 1285 1299 1310 1294 1293 1304 1306
47 1289 1267 1285 1301 1280 1279 1294 1295
48 1278 1250 1267 1289 1264 1260 1280 1283
49 1261 1223 1250 1278 1247 1239 1264 1269
50 1248 1195 1223 1261 1222 1212 1247 1255
51 1227 1160 1195 1248 1199 1178 1222 1238
52 1203 1130 1160 1227 1170 1146 1199 1216
53 1179 1099 1130 1203 1140 1114 1170 1193
54 1153 1074 1099 1179 1113 1086 1140 1164
55 1127 1050 1074 1153 1089 1059 1113 1138
56 1105 1027 1050 1127 1069 1036 1089 1115
57 1083 1008 1027 1105 1046 1017 1069 1090
58 1064 987 1008 1083 1028 999 1046 1073
59 1043 975 987 1064 1010 981 1028 1054
60 1026 957 975 1043 990 966 1010 1033
61 1285 1265 1284 1299 1274 1272 1292 1293
62 1267 1243 1265 1285 1257 1254 1274 1279
63 1250 1213 1243 1267 1233 1230 1257 1260
64 1223 1173 1213 1250 1202 1194 1233 1239
65 1195 1132 1173 1223 1162 1152 1202 1212
66 1160 1092 1132 1195 1128 1112 1162 1178
67 1130 1062 1092 1160 1093 1078 1128 1146
68 1099 1032 1062 1130 1068 1049 1093 1114
69 1074 1006 1032 1099 1039 1021 1068 1086
70 1050 984 1006 1074 1016 992 1039 1059
71 1027 962 984 1050 994 973 1016 1036
72 1008 944 962 1027 978 952 994 1017
73 987 933 944 1008 958 938 978 999
74 975 920 933 987 945 928 958 981
75 957 910 920 975 934 914 945 966
76 1265 1242 1266 1284 1253 1256 1275 1272
77 1243 1207 1242 1265 1224 1225 1253 1254
78 1213 1163 1207 1243 1187 1185 1224 1230
79 1173 1120 1163 1213 1147 1142 1187 1194
80 1132 1081 1120 1173 1106 1101 1147 1152
81 1092 1044 1081 1132 1071 1063 1106 1112
82 1062 1013 1044 1092 1034 1029 1071 1078
83 1032 983 1013 1062 1007 998 1034 1049
84 1006 954 983 1032 980 970 1007 1021
85 984 936 954 1006 955 946 980 992
86 962 919 936 984 941 930 955 973
87 944 905 919 962 927 912 941 952
88 933 893 905 944 913 899 927 938
89 920 884 893 933 902 888 913 928
90 910 877 884 920 894 881 902 914
91 1242 1211 1246 1266 1228 1231 1258 1256
92 1207 1165 1211 1242 1186 1188 1228 1225
93 1163 1118 1165 1207 1141 1144 1186 1185
94 1120 1077 1118 1163 1097 1098 1141 1142
95 1081 1040 1077 1120 1058 1057 1097 1101
96 1044 1005 1040 1081 1025 1023 1058 1063
97 1013 977 1005 1044 989 988 1025 1029
98 983 949 977 1013 965 961 989 998
99 954 929 949 983 943 940 965 970
100 936 909 929 954 922 918 943 946
101 919 897 909 936 906 903 922 930
102 905 882 897 919 892 887 906 912
103 893 873 882 905 883 878 892 899
104 884 866 873 893 875 869 883 888
105 877 862 866 884 868 864 875 881
106 1126 979 963 1116 1055 971 1042 1122
107 1134 986 979 1126 1067 985 1055 1133
108 1149 1002 986 1134 1076 996 1067 1143
109 1157 1015 1002 1149 1087 1009 1076 1154
110 1166 1030 1015 1157 1100 1022 1087 1161
111 1177 1045 1030 1166 1111 1035 1100 1175
112 1184 1061 1045 1177 1124 1053 1111 1182
113 1196 1079 1061 1184 1135 1072 1124 1192
114 1204 1096 1079 1196 1155 1088 1135 1201
115 1214 1117 1096 1204 1168 1107 1155 1208
116 1219 1137 1117 1214 1183 1129 1168 1217
117 1226 1159 1137 1219 1198 1151 1183 1221
118 1235 1181 1159 1226 1210 1172 1198 1232
119 1241 1197 1181 1235 1220 1189 1210 1237
120 1246 1211 1197 1241 1231 1205 1220 1244
121 979 829 815 963 895 827 880 971
122 986 838 829 979 907 831 895 985
123 1002 847 838 986 923 843 907 996
124 1015 857 847 1002 939 852 923 1009
125 1030 876 857 1015 953 867 939 1022
126 1045 900 876 1030 976 886 953 1035
127 1061 926 900 1045 995 911 976 1053
128 1079 951 926 1061 1019 937 995 1072
129 1096 982 951 1079 1041 968 1019 1088
130 1117 1014 982 1096 1070 1000 1041 1107
131 1137 1048 1014 1117 1091 1031 1070 1129
132 1159 1080 1048 1137 1121 1065 1091 1151
133 1181 1109 1080 1159 1148 1094 1121 1172
134 1197 1139 1109 1181 1171 1125 1148 1189
135 1211 1165 1139 1197 1188 1156 1171 1205
136 829 720 710 815 774 716 761 827
137 838 732 720 829 783 728 774 831
138 847 742 732 838 796 739 783 843
139 857 754 742 847 806 748 796 852
140 876 771 754 857 822 759 806 867
141 900 792 771 876 839 780 822 886
142 926 808 792 900 854 799 839 911
143 951 834 808 926 885 821 854 937
144 982 858 834 951 921 845 885 968
145 1014 901 858 982 956 879 921 1000
146 1048 947 901 1014 1001 925 956 1031
147 1080 991 947 1048 1037 972 1001 1065
148 1109 1038 991 1080 1075 1018 1037 1094
149 1139 1082 1038 1109 1108 1060 1075 1125
150 1165 1118 1082 1139 1144 1102 1108 1156
151 720 624 613 710 669 619 662 716
152 732 634 624 720 681 629 669 728
153 742 651 634 732 694 639 681 739
154 754 661 651 742 703 654 694 748
155 771 678 661 754 726 668 703 759
156 792 697 678 771 744 691 726 780
157 808 724 697 792 763 709 744 799
158 834 749 724 808 794 737 763 821
159 858 778 749 834 817 760 794 845
160 901 811 778 858 851 798 817 879
161 947 850 811 901 898 832 851 925
162 991 904 850 947 950 874 898 972
163 1038 964 904 991 1003 935 950 1018
164 1082 1024 964 1038 1052 993 1003 1060
165 1118 1077 1024 1082 1098 1051 1052 1102
166 624 537 526 613 577 532 569 619
167 634 548 537 624 588 541 577 629
168 651 560 548 634 601 555 588 639
169 661 574 560 651 621 568 601 654
170 678 595 574 661 637 585 621 668
171 697 620 595 678 657 603 637 691
172 724 647 620 697 683 630 657 709
173 749 672 647 724 711 659 683 737
174 778 702 672 749 743 692 711 760
175 811 746 702 778 777 730 743 798
176 850 788 746 811 816 765 777 832
177 904 835 788 850 863 810 816 874
178 964 890 835 904 931 856 863 935
179 1024 969 890 964 997 932 931 993
180 1077 1040 969 1024 1057 1004 997 1051
181 537 456 445 526 495 452 485 532
182 548 468 456 537 505 464 495 541
183 560 481 468 548 520 474 505 555
184 574 501 481 560 540 492 520 568
185 595 522 501 574 558 508 540 585
186 620 547 522 595 582 536 558 603
187 647 573 547 620 606 561 582 630
188 672 604 573 647 640 591 606 659
189 702 648 604 672 675 627 640 692
190 746 686 648 702 715 665 675 730
191 788 735 686 746 757 704 715 765
192 835 782 735 788 807 756 757 810
193 890 841 782 835 859 809 807 856
194 969 915 841 890 942 871 859 932
195 1040 1005 915 969 1023 960 942 1004
196 456 386 371 445 421 378 410 452
197 468 399 386 456 430 391 421 464
198 481 413 399 468 449 408 430 474
199 501 431 413 481 467 423 449 492
200 522 460 431 501 490 444 467 508
201 547 482 460 522 512 472 490 536
202 573 510 482 547 544 499 512 561
203 604 550 510 573 576 535 544 591
204 648 586 550 604 615 570 576 627
205 686 635 586 648 660 610 615 665
206 735 684 635 686 701 658 660 704
207 782 740 684 735 758 712 701 756
208 841 802 740 782 819 769 758 809
209 915 870 802 841 891 837 819 871
210 1005 977 870 915 988 924 891 960
211 386 322 311 371 354 314 345 378
212 399 337 322 386 368 331 354 391
213 413 355 337 399 384 347 368 408
214 431 373 355 413 406 361 384 423
215 460 401 373 431 427 388 406 444
216 482 426 401 460 455 412 427 472
217 510 463 426 482 488 442 455 499
218 550 500 463 510 525 479 488 535
219 586 542 500 550 563 517 525 570
220 635 587 542 586 612 564 563 610
221 684 645 587 635 664 617 612 658
222 740 699 645 684 722 671 664 712
223 802 768 699 740 785 738 722 769
224 870 844 768 802 853 804 785 837
225 977 949 844 870 961 889 853 924
226 322 270 254 311 298 263 286 314
227 337 285 270 322 309 277 298 331
228 355 302 285 337 328 295 309 347
229 373 324 302 355 350 312 328 361
230 401 351 324 373 372 336 350 388
231 426 379 351 401 405 362 372 412
232 463 416 379 426 436 398 405 442
233 500 457 416 463 476 433 436 479
234 542 503 457 500 521 478 476 517
235 587 554 503 542 571 529 521 564
236 645 608 554 587 628 581 571 617
237 699 673 608 645 690 643 628 671
238 768 745 673 699 755 705 690 738
239 844 824 745 768 833 781 755 804
240 949 929 824 844 940 865 833 889
241 270 223 208 254 245 214 234 263
242 285 238 223 270 259 232 245 277
243 302 252 238 285 281 248 259 295
244 324 282 252 302 301 269 281 312
245 351 305 282 324 329 296 301 336
246 379 340 305 351 359 323 329 362
247 416 375 340 379 396 357 359 398
248 457 420 375 416 435 400 396 433
249 503 469 420 457 486 441 435 478
250 554 523 469 503 539 496 486 529
251 608 584 523 554 597 552 539 581
252 673 653 584 608 663 616 597 643
253 745 725 653 673 736 688 663 705
254 824 805 725 745 813 762 736 781
255 929 909 805 824 918 849 813 865
256 223 183 171 208 203 177 191 214
257 238 198 183 223 218 192 203 232
258 252 219 198 238 239 207 218 248
259 282 242 219 252 260 233 239 269
260 305 272 242 282 292 255 260 296
261 340 304 272 305 321 291 292 323
262 375 346 304 340 360 326 321 357
263 420 389 346 375 407 367 360 400
264 469 439 389 420 454 415 407 441
265 523 498 439 469 506 470 454 496
266 584 562 498 523 572 531 506 552
267 653 631 562 584 641 596 572 616
268 725 706 631 653 718 667 641 688
269 805 795 706 725 800 750 718 762
270 909 897 795 805 903 840 800 849
271 183 149 137 171 165 144 159 177
272 198 166 149 183 182 161 165 192
273 219 189 166 198 204 178 182 207
274 242 210 189 219 228 200 204 233
275 272 241 210 242 253 227 228 255
276 304 279 241 272 293 258 253 291
277 346 316 279 304 333 300 293 326
278 389 364 316 346 376 344 333 367
279 439 419 364 389 428 392 376 415
280 498 477 419 439 489 448 428 470
281 562 545 477 498 553 507 489 531
282 631 618 545 562 626 579 553 596
283 706 695 618 631 698 656 626 667
284 795 784 695 706 790 741 698 750
285 897 882 784 795 887 830 790 840
286 149 124 110 137 136 120 125 144
287 166 141 124 149 158 132 136 161
288 189 164 141 166 176 153 158 178
289 210 188 164 189 199 175 176 200
290 241 217 188 210 231 201 199 227
291 279 251 217 241 265 236 231 258
292 316 299 251 279 306 276 265 300
293 364 348 299 316 356 319 306 344
294 419 402 348 364 411 370 356 392
295 477 465 402 419 473 429 411 448
296 545 534 465 477 538 497 473 507
297 618 602 534 545 611 567 538 579
298 695 689 602 618 693 650 611 656
299 784 775 689 695 779 733 693 741
300 882 873 775 784 878 826 779 830
301 124 107 95 110 115 100 103 120
302 141 121 107 124 130 111 115 132
303 164 142 121 141 154 131 130 153
304 188 167 142 164 179 160 154 175
305 217 197 167 188 206 181 179 201
306 251 235 197 217 244 215 206 236
307 299 284 235 251 290 256 244 276
308 348 330 284 299 339 303 290 319
309 402 387 330 348 393 358 339 370
310 465 451 387 402 459 418 393 429
311 534 518 451 465 527 487 459 497
312 602 598 518 534 600 557 527 567
313 689 680 598 602 685 638 600 650
314 775 770 680 689 773 727 685 733
315 873 866 770 775 869 814 773 826
316 107 94 78 95 98 82 87 100
317 121 108 94 107 112 99 98 111
318 142 127 108 121 133 116 112 131
319 167 155 127 142 162 138 133 160
320 197 185 155 167 193 169 162 181
321 235 221 185 197 229 202 193 215
322 284 266 221 235 274 243 229 256
323 330 315 266 284 325 294 274 303
324 387 374 315 330 382 349 325 358
325 451 438 374 387 446 409 382 418
326 518 509 438 451 515 475 446 487
327 598 590 509 518 592 551 515 557
328 680 674 590 598 677 633 592 638
329 770 764 674 680 767 721 677 727
330 866 862 764 770 864 812 767 814
331 65 92 86 61 71 93 67 63
332 68 83 92 65 73 88 71 66
333 72 81 83 68 76 80 73 70
334 75 90 81 72 79 85 76 74
335 78 94 90 75 82 91 79 77
336 92 140 150 86 114 152 119 93
337 83 117 140 92 101 128 114 88
338 81 105 117 83 96 109 101 80
339 90 104 105 81 97 102 96 85
340 94 108 104 90 99 106 97 91
341 140 195 220 150 170 212 187 152
342 117 156 195 140 134 174 170 128
343 105 129 156 117 118 139 134 109
344 104 122 129 105 113 126 118 102
345 108 127 122 104 116 123 113 106
346 195 249 288 220 226 280 250 212
347 156 194 249 195 172 224 226 174
348 129 163 194 156 143 173 172 139
349 122 151 163 129 135 157 143 126
350 127 155 151 122 138 148 135 123
351 249 307 352 288 283 341 317 280
352 194 237 307 249 213 273 283 224
353 163 196 237 194 180 211 213 173
354 151 186 196 163 168 190 180 157
355 155 185 186 151 169 184 168 148
356 307 363 417 352 335 403 385 341
357 237 287 363 307 261 327 335 273
358 196 240 287 237 216 257 261 211
359 186 225 240 196 205 230 216 190
360 185 221 225 186 202 222 205 184
361 363 422 480 417 394 466 450 403
362 287 338 422 363 310 381 394 327
363 240 289 338 287 262 308 310 257
364 225 271 289 240 247 278 262 230
365 221 266 271 225 243 267 247 222
366 422 483 549 480 453 528 513 466
367 338 395 483 422 366 437 453 381
368 289 343 395 338 313 365 366 308
369 271 320 343 289 297 332 313 278
370 266 315 320 271 294 318 297 267
371 483 546 614 549 511 589 580 528
372 395 458 546 483 424 502 511 437
373 343 404 458 395 369 425 424 365
374 320 383 404 343 353 390 369 332
375 315 374 383 320 349 377 353 318
376 546 607 682 614 575 655 652 589
377 458 524 607 546 491 565 575 502
378 404 471 524 458 434 493 491 425
379 383 447 471 404 414 462 434 390
380 374 438 447 383 409 440 414 377
381 607 676 751 682 646 723 717 655
382 524 593 676 607 556 636 646 565
383 471 543 593 524 504 566 556 493
384 447 519 543 471 484 533 504 462
385 438 509 519 447 475 514 484 440
386 676 747 823 751 714 793 787 723
387 593 670 747 676 632 708 714 636
388 543 625 670 593 583 649 632 566
389 519 599 625 543 559 609 583 533
390 509 590 599 519 551 594 559 514
391 747 825 908 823 786 861 855 793
392 670 752 825 747 713 789 786 708
393 625 707 752 670 666 731 713 649
394 599 687 707 625 644 696 666 609
395 590 674 687 599 633 679 644 594
396 825 916 1011 908 860 967 959 861
397 752 842 916 825 797 872 860 789
398 707 801 842 752 753 820 797 731
399 687 776 801 707 734 791 753 696
400 674 764 776 687 721 772 734 679
401 916 1026 1104 1011 974 1066 1056 967
402 842 957 1026 916 896 990 974 872
403 801 910 957 842 846 934 896 820
404 776 877 910 801 828 894 846 791
405 764 862 877 776 812 868 828 772
406 1322 1302 1011 1104 1316 1206 1056 1271
407 1302 1240 908 1011 1277 1085 959 1206
408 1240 1095 823 908 1176 948 855 1085
409 1095 917 751 823 1012 818 787 948
410 917 766 682 751 836 719 717 818
411 766 642 614 682 700 623 652 719
412 642 516 549 614 578 530 580 623
413 516 397 480 549 461 432 513 530
414 397 275 417 480 334 342 450 432
415 275 146 352 417 209 246 385 342
416 146 62 288 352 84 147 317 246
417 62 56 220 288 60 69 250 147
418 56 47 150 220 51 59 187 69
419 47 39 86 150 43 53 119 59
420 39 28 61 86 35 46 67 53
421 28 31 65 61 29 49 63 46
422 31 34 68 65 33 50 66 49
423 34 37 72 68 36 52 70 50
424 37 40 75 72 38 54 74 52
425 40 44 78 75 42 55 77 54
426 44 40 15 21 42 23 18 25
427 40 37 10 15 38 19 12 23
428 37 34 7 10 36 17 8 19
429 34 31 4 7 33 14 5 17
430 31 28 1 4 29 13 2 14
431 1369 1302 1322 1380 1345 1316 1361 1375
432 1348 1240 1302 1369 1319 1277 1345 1358
433 1312 1095 1240 1348 1252 1176 1319 1330
434 1174 917 1095 1312 1047 1012 1252 1270
435 848 766 917 1174 803 836 1047 1020
436 605 642 766 848 622 700 803 729
437 380 516 642 605 443 578 622 494
438 145 397 516 380 268 461 443 264
439 58 275 397 145 89 334 268 64
440 41 146 275 58 57 209 89 48
441 27 62 146 41 45 84 57 32
442 22 56 62 27 30 60 45 24
443 11 47 56 22 26 51 30 16
444 6 39 47 11 20 43 26 9
445 1 28 39 6 13 35 20 3
