1 266 240 216 244 252 229 230 253
2 283 258 240 266 270 248 252 273
3 309 272 258 283 289 267 270 296
4 332 288 272 309 310 277 289 318
5 349 307 288 332 327 297 310 341
6 360 324 307 349 345 314 327 353
7 369 346 324 360 358 338 345 365
8 373 362 346 369 367 352 358 371
9 240 206 185 216 224 194 202 229
10 258 221 206 240 241 213 224 248
11 272 232 221 258 255 228 241 267
12 288 247 232 272 268 243 255 277
13 307 261 247 288 278 254 268 297
14 324 274 261 307 298 269 278 314
15 346 300 274 324 323 285 298 338
16 362 342 300 346 351 321 323 352
17 206 165 149 185 184 157 169 194
18 221 178 165 206 197 170 184 213
19 232 189 178 221 210 183 197 228
20 247 201 189 232 225 193 210 243
21 261 215 201 247 238 209 225 254
22 274 235 215 261 257 226 238 269
23 300 263 235 274 276 250 257 285
24 342 319 263 300 333 284 276 321
25 165 124 115 149 145 120 134 157
26 178 136 124 165 155 131 145 170
27 189 146 136 178 168 140 155 183
28 201 159 146 189 180 152 168 193
29 215 175 159 201 195 167 180 209
30 235 198 175 215 217 187 195 226
31 263 236 198 235 249 219 217 250
32 319 304 236 263 312 265 249 284
33 124 91 82 115 109 88 100 120
34 136 99 91 124 118 94 109 131
35 146 110 99 136 127 106 118 140
36 159 123 110 146 141 119 127 152
37 175 144 123 159 163 137 141 167
38 198 173 144 175 186 162 163 187
39 236 218 173 198 227 196 186 219
40 304 293 218 236 299 251 227 265
41 91 66 60 82 77 62 72 88
42 99 74 66 91 86 69 77 94
43 110 85 74 99 98 79 86 106
44 123 104 85 110 113 92 98 119
45 144 126 104 123 138 114 113 137
46 173 161 126 144 166 142 138 162
47 218 208 161 173 211 182 166 196
48 293 286 208 218 290 245 211 251
49 66 48 44 60 57 47 51 62
50 74 58 48 66 67 53 57 69
51 85 71 58 74 78 65 67 79
52 104 90 71 85 95 80 78 92
53 126 116 90 104 121 105 95 114
54 161 150 116 126 153 135 121 142
55 208 203 150 161 204 177 153 182
56 286 281 203 208 282 242 204 245
57 48 42 36 44 45 39 41 47
58 58 50 42 48 54 46 45 53
59 71 64 50 58 68 56 54 65
60 90 83 64 71 87 73 68 80
61 116 111 83 90 112 96 87 105
62 150 147 111 116 148 130 112 135
63 203 199 147 150 200 172 148 177
64 281 279 199 203 280 239 200 242
65 393 382 362 373 388 372 367 384
66 402 397 382 393 401 391 388 398
67 382 366 342 362 374 355 351 372
68 397 386 366 382 392 376 374 391
69 366 348 319 342 357 335 333 355
70 386 370 348 366 377 361 357 376
71 348 328 304 319 339 315 312 335
72 370 354 328 348 364 343 339 361
73 328 316 293 304 322 303 299 315
74 354 344 316 328 350 330 322 343
75 316 308 286 293 311 295 290 303
76 344 337 308 316 340 320 311 330
77 308 305 281 286 306 292 282 295
78 337 331 305 308 334 317 306 320
79 305 301 279 281 302 291 280 292
80 331 326 301 305 329 313 302 317
81 415 408 397 402 412 404 401 407
82 408 405 386 397 406 399 392 404
83 405 400 370 386 403 389 377 399
84 400 394 354 370 396 375 364 389
85 394 387 344 354 390 368 350 375
86 387 383 337 344 385 363 340 368
87 383 380 331 337 381 359 334 363
88 380 378 326 331 379 356 329 359
89 378 380 422 420 379 410 421 409
90 380 383 424 422 381 411 423 410
91 383 387 426 424 385 413 425 411
92 387 394 429 426 390 416 427 413
93 394 400 431 429 396 417 430 416
94 400 405 433 431 403 418 432 417
95 405 408 435 433 406 419 434 418
96 408 415 437 435 412 428 436 419
97 395 287 378 420 347 336 409 414
98 262 231 287 395 246 259 347 325
99 176 181 231 262 179 207 246 220
100 84 132 181 176 107 156 179 133
101 25 70 132 84 31 103 107 34
102 13 29 70 25 21 37 31 19
103 5 22 29 13 11 26 21 9
104 1 14 22 5 6 17 11 3
105 287 271 326 378 275 294 356 336
106 231 237 271 287 233 256 275 259
107 181 205 237 231 192 222 233 207
108 132 171 205 181 151 188 192 156
109 70 139 171 132 108 154 151 103
110 29 101 139 70 52 122 108 37
111 22 61 101 29 28 81 52 26
112 14 30 61 22 23 40 28 17
113 301 234 199 279 264 212 239 291
114 326 271 234 301 294 260 264 313
115 234 191 147 199 214 164 172 212
116 271 237 191 234 256 223 214 260
117 191 158 111 147 174 125 130 164
118 237 205 158 191 222 190 174 223
119 158 129 83 111 143 97 96 125
120 205 171 129 158 188 160 143 190
121 129 102 64 83 117 75 73 97
122 171 139 102 129 154 128 117 160
123 102 76 50 64 89 55 56 75
124 139 101 76 102 122 93 89 128
125 76 49 42 50 63 43 46 55
126 101 61 49 76 81 59 63 93
127 49 33 36 42 38 35 39 43
128 61 30 33 49 40 32 38 59
129 16 33 30 14 24 32 23 15
130 20 36 33 16 27 35 24 18
131 4 16 14 1 8 15 6 2
132 10 20 16 4 12 18 8 7