1 1792 1795 1871 1869 1793 1845 1870 1844
2 1795 1797 1873 1871 1796 1847 1872 1845
3 1797 1800 1875 1873 1799 1848 1874 1847
4 1800 1802 1877 1875 1801 1849 1876 1848
5 1802 1806 1879 1877 1804 1850 1878 1849
6 1806 1808 1881 1879 1807 1851 1880 1850
7 1808 1811 1883 1881 1810 1853 1882 1851
8 1811 1813 1885 1883 1812 1854 1884 1853
9 1813 1817 1887 1885 1815 1855 1886 1854
10 1817 1820 1889 1887 1818 1856 1888 1855
11 1820 1823 1891 1889 1821 1857 1890 1856
12 1823 1825 1893 1891 1824 1858 1892 1857
13 1825 1827 1895 1893 1826 1860 1894 1858
14 1827 1830 1897 1895 1828 1861 1896 1860
15 1830 1833 1899 1897 1832 1862 1898 1861
16 1833 1835 1901 1899 1834 1863 1900 1862
17 1835 1837 1903 1901 1836 1864 1902 1863
18 1837 1839 1905 1903 1838 1866 1904 1864
19 1839 1842 1907 1905 1841 1867 1906 1866
20 1842 1846 1909 1907 1843 1868 1908 1867
21 1846 1842 1783 1786 1843 1819 1785 1822
22 1842 1839 1775 1783 1841 1814 1779 1819
23 1839 1837 1771 1775 1838 1809 1774 1814
24 1837 1835 1764 1771 1836 1805 1768 1809
25 1835 1833 1757 1764 1834 1798 1762 1805
26 1833 1830 1751 1757 1832 1791 1754 1798
27 1830 1827 1741 1751 1828 1790 1746 1791
28 1827 1825 1735 1741 1826 1789 1738 1790
29 1825 1823 1729 1735 1824 1787 1731 1789
30 1823 1820 1720 1729 1821 1784 1725 1787
31 1820 1817 1707 1720 1818 1781 1715 1784
32 1817 1813 1694 1707 1815 1776 1700 1781
33 1813 1811 1680 1694 1812 1772 1686 1776
34 1811 1808 1667 1680 1810 1769 1672 1772
35 1808 1806 1651 1667 1807 1763 1658 1769
36 1806 1802 1637 1651 1804 1759 1646 1763
37 1802 1800 1621 1637 1801 1756 1626 1759
38 1800 1797 1604 1621 1799 1752 1613 1756
39 1797 1795 1590 1604 1796 1747 1599 1752
40 1795 1792 1576 1590 1793 1743 1585 1747
41 1783 1761 1770 1786 1773 1767 1780 1785
42 1775 1750 1761 1783 1766 1755 1773 1779
43 1771 1737 1750 1775 1758 1742 1766 1774
44 1764 1728 1737 1771 1749 1734 1758 1768
45 1757 1713 1728 1764 1740 1721 1749 1762
46 1751 1693 1713 1757 1733 1702 1740 1754
47 1741 1671 1693 1751 1724 1682 1733 1746
48 1735 1652 1671 1741 1711 1662 1724 1738
49 1729 1631 1652 1735 1696 1642 1711 1731
50 1720 1609 1631 1729 1681 1620 1696 1725
51 1707 1589 1609 1720 1665 1600 1681 1715
52 1694 1573 1589 1707 1649 1583 1665 1700
53 1680 1560 1573 1694 1632 1568 1649 1686
54 1667 1547 1560 1680 1614 1555 1632 1672
55 1651 1536 1547 1667 1597 1539 1614 1658
56 1637 1523 1536 1651 1581 1530 1597 1646
57 1621 1509 1523 1637 1566 1515 1581 1626
58 1604 1497 1509 1621 1556 1504 1566 1613
59 1590 1488 1497 1604 1541 1494 1556 1599
60 1576 1477 1488 1590 1531 1483 1541 1585
61 1761 1730 1748 1770 1745 1739 1760 1767
62 1750 1706 1730 1761 1732 1723 1745 1755
63 1737 1673 1706 1750 1716 1691 1732 1742
64 1728 1636 1673 1737 1690 1655 1716 1734
65 1713 1594 1636 1728 1660 1615 1690 1721
66 1693 1563 1594 1713 1633 1580 1660 1702
67 1671 1537 1563 1693 1602 1554 1633 1682
68 1652 1512 1537 1671 1577 1524 1602 1662
69 1631 1492 1512 1652 1559 1501 1577 1642
70 1609 1474 1492 1631 1542 1484 1559 1620
71 1589 1459 1474 1609 1527 1468 1542 1600
72 1573 1446 1459 1589 1511 1453 1527 1583
73 1560 1436 1446 1573 1498 1439 1511 1568
74 1547 1425 1436 1560 1490 1431 1498 1555
75 1536 1418 1425 1547 1478 1419 1490 1539
76 1523 1413 1418 1536 1469 1416 1478 1530
77 1509 1408 1413 1523 1460 1411 1469 1515
78 1497 1402 1408 1509 1451 1406 1460 1504
79 1488 1398 1402 1497 1443 1399 1451 1494
80 1477 1393 1398 1488 1437 1396 1443 1483
81 1730 1684 1722 1748 1712 1703 1736 1739
82 1706 1639 1684 1730 1674 1661 1712 1723
83 1673 1586 1639 1706 1630 1611 1674 1691
84 1636 1546 1586 1673 1584 1565 1630 1655
85 1594 1507 1546 1636 1551 1529 1584 1615
86 1563 1475 1507 1594 1516 1493 1551 1580
87 1537 1448 1475 1563 1489 1462 1516 1554
88 1512 1421 1448 1537 1463 1434 1489 1524
89 1492 1405 1421 1512 1442 1415 1463 1501
90 1474 1386 1405 1492 1424 1397 1442 1484
91 1459 1376 1386 1474 1414 1381 1424 1468
92 1446 1365 1376 1459 1401 1370 1414 1453
93 1436 1357 1365 1446 1392 1360 1401 1439
94 1425 1350 1357 1436 1385 1353 1392 1431
95 1418 1347 1350 1425 1379 1348 1385 1419
96 1413 1344 1347 1418 1378 1345 1379 1416
97 1408 1340 1344 1413 1374 1342 1378 1411
98 1402 1338 1340 1408 1371 1339 1374 1406
99 1398 1336 1338 1402 1368 1337 1371 1399
100 1393 1334 1336 1398 1367 1335 1368 1396
101 1601 1441 1433 1591 1525 1438 1518 1596
102 1607 1452 1441 1601 1534 1447 1525 1603
103 1616 1461 1452 1607 1540 1454 1534 1612
104 1624 1470 1461 1616 1550 1464 1540 1622
105 1634 1476 1470 1624 1557 1473 1550 1627
106 1641 1485 1476 1634 1561 1482 1557 1638
107 1647 1495 1485 1641 1570 1491 1561 1645
108 1654 1505 1495 1647 1575 1499 1570 1650
109 1659 1514 1505 1654 1587 1508 1575 1657
110 1668 1526 1514 1659 1595 1521 1587 1663
111 1675 1538 1526 1668 1605 1532 1595 1669
112 1679 1553 1538 1675 1617 1544 1605 1676
113 1685 1562 1553 1679 1629 1558 1617 1683
114 1692 1579 1562 1685 1643 1571 1629 1689
115 1698 1598 1579 1692 1653 1588 1643 1695
116 1701 1618 1598 1698 1666 1606 1653 1699
117 1708 1640 1618 1701 1677 1628 1666 1705
118 1714 1656 1640 1708 1688 1648 1677 1710
119 1718 1670 1656 1714 1697 1664 1688 1717
120 1722 1684 1670 1718 1703 1678 1697 1719
121 1441 1273 1269 1433 1352 1271 1341 1438
122 1452 1285 1273 1441 1362 1279 1352 1447
123 1461 1292 1285 1452 1372 1287 1362 1454
124 1470 1299 1292 1461 1380 1298 1372 1464
125 1476 1305 1299 1470 1390 1301 1380 1473
126 1485 1313 1305 1476 1400 1310 1390 1482
127 1495 1323 1313 1485 1412 1318 1400 1491
128 1505 1330 1323 1495 1420 1326 1412 1499
129 1514 1346 1330 1505 1435 1333 1420 1508
130 1526 1363 1346 1514 1449 1354 1435 1521
131 1538 1382 1363 1526 1465 1375 1449 1532
132 1553 1407 1382 1538 1481 1394 1465 1544
133 1562 1430 1407 1553 1500 1417 1481 1558
134 1579 1457 1430 1562 1522 1444 1500 1571
135 1598 1486 1457 1579 1545 1472 1522 1588
136 1618 1519 1486 1598 1569 1502 1545 1606
137 1640 1552 1519 1618 1592 1535 1569 1628
138 1656 1578 1552 1640 1619 1564 1592 1648
139 1670 1608 1578 1656 1644 1593 1619 1664
140 1684 1639 1608 1670 1661 1623 1644 1678
141 1273 1142 1136 1269 1202 1138 1198 1271
142 1285 1146 1142 1273 1210 1144 1202 1279
143 1292 1155 1146 1285 1222 1150 1210 1287
144 1299 1161 1155 1292 1234 1156 1222 1298
145 1305 1172 1161 1299 1240 1164 1234 1301
146 1313 1178 1172 1305 1248 1177 1240 1310
147 1323 1186 1178 1313 1256 1181 1248 1318
148 1330 1196 1186 1323 1265 1191 1256 1326
149 1346 1206 1196 1330 1274 1199 1265 1333
150 1363 1228 1206 1346 1294 1215 1274 1354
151 1382 1246 1228 1363 1309 1239 1294 1375
152 1407 1266 1246 1382 1328 1258 1309 1394
153 1430 1296 1266 1407 1355 1277 1328 1417
154 1457 1321 1296 1430 1389 1307 1355 1444
155 1486 1359 1321 1457 1426 1332 1389 1472
156 1519 1409 1359 1486 1467 1384 1426 1502
157 1552 1456 1409 1519 1506 1432 1467 1535
158 1578 1503 1456 1552 1543 1480 1506 1564
159 1608 1549 1503 1578 1574 1528 1543 1593
160 1639 1586 1549 1608 1611 1567 1574 1623
161 1142 1014 1008 1136 1077 1012 1074 1138
162 1146 1021 1014 1142 1080 1017 1077 1144
163 1155 1026 1021 1146 1086 1024 1080 1150
164 1161 1033 1026 1155 1092 1028 1086 1156
165 1172 1039 1033 1161 1102 1037 1092 1164
166 1178 1051 1039 1172 1115 1044 1102 1177
167 1186 1060 1051 1178 1121 1058 1115 1181
168 1196 1072 1060 1186 1134 1065 1121 1191
169 1206 1084 1072 1196 1148 1079 1134 1199
170 1228 1105 1084 1206 1167 1091 1148 1215
171 1246 1127 1105 1228 1185 1117 1167 1239
172 1266 1153 1127 1246 1205 1140 1185 1258
173 1296 1182 1153 1266 1241 1171 1205 1277
174 1321 1213 1182 1296 1268 1197 1241 1307
175 1359 1260 1213 1321 1306 1243 1268 1332
176 1409 1303 1260 1359 1349 1282 1306 1384
177 1456 1356 1303 1409 1410 1327 1349 1432
178 1503 1422 1356 1456 1466 1391 1410 1480
179 1549 1487 1422 1503 1520 1455 1466 1528
180 1586 1546 1487 1549 1565 1517 1520 1567
181 1014 898 890 1008 955 895 952 1012
182 1021 902 898 1014 962 901 955 1017
183 1026 908 902 1021 966 905 962 1024
184 1033 917 908 1026 971 912 966 1028
185 1039 923 917 1033 978 920 971 1037
186 1051 930 923 1039 983 927 978 1044
187 1060 943 930 1051 998 934 983 1058
188 1072 956 943 1060 1015 949 998 1065
189 1084 972 956 1072 1030 964 1015 1079
190 1105 990 972 1084 1055 979 1030 1091
191 1127 1020 990 1105 1075 1004 1055 1117
192 1153 1054 1020 1127 1095 1035 1075 1140
193 1182 1083 1054 1153 1133 1066 1095 1171
194 1213 1125 1083 1182 1175 1104 1133 1197
195 1260 1174 1125 1213 1209 1147 1175 1243
196 1303 1225 1174 1260 1262 1195 1209 1282
197 1356 1280 1225 1303 1315 1254 1262 1327
198 1422 1343 1280 1356 1383 1312 1315 1391
199 1487 1428 1343 1422 1458 1387 1383 1455
200 1546 1507 1428 1487 1529 1471 1458 1517
201 898 787 777 890 843 782 837 895
202 902 792 787 898 847 789 843 901
203 908 797 792 902 854 794 847 905
204 917 807 797 908 858 802 854 912
205 923 816 807 917 865 813 858 920
206 930 821 816 923 870 817 865 927
207 943 833 821 930 885 827 870 934
208 956 851 833 943 904 842 885 949
209 972 866 851 956 924 862 904 964
210 990 894 866 972 946 874 924 979
211 1020 925 894 990 969 910 946 1004
212 1054 957 925 1020 1001 939 969 1035
213 1083 993 957 1054 1040 976 1001 1066
214 1125 1043 993 1083 1081 1022 1040 1104
215 1174 1090 1043 1125 1131 1068 1081 1147
216 1225 1154 1090 1174 1187 1124 1131 1195
217 1280 1211 1154 1225 1251 1184 1187 1254
218 1343 1291 1211 1280 1314 1255 1251 1312
219 1428 1377 1291 1343 1404 1325 1314 1387
220 1507 1475 1377 1428 1493 1427 1404 1471
221 787 682 678 777 738 681 734 782
222 792 689 682 787 743 685 738 789
223 797 698 689 792 748 694 743 794
224 807 706 698 797 754 701 748 802
225 816 715 706 807 759 710 754 813
226 821 726 715 816 769 719 759 817
227 833 737 726 821 785 730 769 827
228 851 755 737 833 806 747 785 842
229 866 773 755 851 822 762 806 862
230 894 808 773 866 849 791 822 874
231 925 835 808 894 873 820 849 910
232 957 869 835 925 918 857 873 939
233 993 921 869 957 960 899 918 976
234 1043 970 921 993 1005 948 960 1022
235 1090 1029 970 1043 1063 997 1005 1068
236 1154 1089 1029 1090 1123 1062 1063 1124
237 1211 1169 1089 1154 1190 1128 1123 1184
238 1291 1247 1169 1211 1267 1200 1190 1255
239 1377 1329 1247 1291 1351 1288 1267 1325
240 1475 1448 1329 1377 1462 1388 1351 1427
241 682 595 589 678 642 592 639 681
242 689 598 595 682 645 597 642 685
243 698 604 598 689 651 599 645 694
244 706 612 604 698 658 609 651 701
245 715 622 612 706 665 617 658 710
246 726 634 622 715 674 628 665 719
247 737 648 634 726 692 641 674 730
248 755 668 648 737 717 659 692 747
249 773 693 668 755 735 676 717 762
250 808 728 693 773 761 712 735 791
251 835 758 728 808 801 744 761 820
252 869 809 758 835 839 775 801 857
253 921 855 809 869 883 828 839 899
254 970 914 855 921 941 875 883 948
255 1029 974 914 970 1000 944 941 997
256 1089 1045 974 1029 1069 1009 1000 1062
257 1169 1122 1045 1089 1145 1082 1069 1128
258 1247 1203 1122 1169 1229 1168 1145 1200
259 1329 1302 1203 1247 1316 1257 1229 1288
260 1448 1421 1302 1329 1434 1358 1316 1388
261 595 508 505 589 555 507 550 592
262 598 514 508 595 559 509 555 597
263 604 519 514 598 566 517 559 599
264 612 530 519 604 573 525 566 609
265 622 540 530 612 579 535 573 617
266 634 552 540 622 593 547 579 628
267 648 571 552 634 611 564 593 641
268 668 591 571 648 632 580 611 659
269 693 621 591 668 657 607 632 676
270 728 654 621 693 686 638 657 712
271 758 696 654 728 729 673 686 744
272 809 745 696 758 770 722 729 775
273 855 799 745 809 825 766 770 828
274 914 861 799 855 880 829 825 875
275 974 929 861 914 953 896 880 944
276 1045 1003 929 974 1025 967 953 1009
277 1122 1085 1003 1045 1107 1049 1025 1082
278 1203 1180 1085 1122 1192 1135 1107 1168
279 1302 1281 1180 1203 1293 1235 1192 1257
280 1421 1405 1281 1302 1415 1331 1293 1358
281 508 434 429 505 477 431 472 507
282 514 438 434 508 480 435 477 509
283 519 445 438 514 484 442 480 517
284 530 454 445 519 492 449 484 525
285 540 465 454 530 502 462 492 535
286 552 482 465 540 516 475 502 547
287 571 499 482 552 537 491 516 564
288 591 526 499 571 562 510 537 580
289 621 558 526 591 586 543 562 607
290 654 596 558 621 626 577 586 638
291 696 640 596 654 666 619 626 673
292 745 690 640 696 720 663 666 722
293 799 753 690 745 771 725 720 766
294 861 819 753 799 838 783 771 829
295 929 891 819 861 915 856 838 896
296 1003 973 891 929 982 933 915 967
297 1085 1064 973 1003 1076 1018 982 1049
298 1180 1158 1064 1085 1173 1112 1076 1135
299 1281 1263 1158 1180 1270 1207 1173 1235
300 1405 1386 1263 1281 1397 1320 1270 1331
301 434 366 360 429 403 365 398 431
302 438 372 366 434 407 368 403 435
303 445 378 372 438 413 376 407 442
304 454 388 378 445 424 385 413 449
305 465 402 388 454 433 395 424 462
306 482 417 402 465 450 411 433 475
307 499 440 417 482 473 427 450 491
308 526 469 440 499 495 455 473 510
309 558 501 469 526 533 488 495 543
310 596 546 501 558 572 523 533 577
311 640 594 546 596 618 570 572 619
312 690 649 594 640 669 623 618 663
313 753 718 649 690 732 677 669 725
314 819 780 718 753 805 750 732 783
315 891 863 780 819 872 824 805 856
316 973 950 863 891 963 909 872 933
317 1064 1041 950 973 1057 992 963 1018
318 1158 1143 1041 1064 1151 1087 1057 1112
319 1263 1253 1143 1158 1259 1193 1151 1207
320 1386 1376 1253 1263 1381 1308 1259 1320
321 366 309 302 360 337 306 333 365
322 372 314 309 366 344 311 337 368
323 378 319 314 372 350 317 344 376
324 388 330 319 378 357 325 350 385
325 402 345 330 388 373 339 357 395
326 417 364 345 402 392 354 373 411
327 440 389 364 417 415 377 392 427
328 469 420 389 440 444 405 415 455
329 501 459 420 469 481 437 444 488
330 546 503 459 501 524 483 481 523
331 594 556 503 546 576 532 524 570
332 649 616 556 594 635 582 576 623
333 718 680 616 649 700 650 635 677
334 780 757 680 718 767 724 700 750
335 863 841 757 780 853 803 767 824
336 950 931 841 863 940 882 853 909
337 1041 1027 931 950 1036 977 940 992
338 1143 1130 1027 1041 1137 1078 1036 1087
339 1253 1245 1130 1143 1249 1183 1137 1193
340 1376 1365 1245 1253 1370 1300 1249 1308
341 309 255 250 302 281 254 278 306
342 314 260 255 309 289 257 281 311
343 319 271 260 314 293 265 289 317
344 330 282 271 319 308 276 293 325
345 345 296 282 330 321 290 308 339
346 364 318 296 345 343 310 321 354
347 389 346 318 364 367 332 343 377
348 420 379 346 389 400 362 367 405
349 459 423 379 420 439 401 400 437
350 503 471 423 459 489 446 439 483
351 556 527 471 503 541 496 489 532
352 616 587 527 556 601 561 541 582
353 680 660 587 616 671 627 601 650
354 757 740 660 680 749 702 671 724
355 841 823 740 757 831 774 749 803
356 931 919 823 841 926 867 831 882
357 1027 1016 919 931 1023 965 926 977
358 1130 1119 1016 1027 1126 1067 1023 1078
359 1245 1238 1119 1130 1242 1179 1126 1183
360 1365 1357 1238 1245 1360 1297 1242 1300
361 255 209 204 250 233 206 228 254
362 260 215 209 255 239 211 233 257
363 271 226 215 260 248 221 239 265
364 282 240 226 271 261 234 248 276
365 296 258 240 282 279 249 261 290
366 318 283 258 296 300 273 279 310
367 346 313 283 318 328 294 300 332
368 379 349 313 346 363 329 328 362
369 423 393 349 379 408 371 363 401
370 471 443 393 423 458 419 408 446
371 527 500 443 471 513 476 458 496
372 587 569 500 527 578 538 513 561
373 660 643 569 587 653 606 578 627
374 740 727 643 660 731 679 653 702
375 823 815 727 740 818 763 731 774
376 919 907 815 823 916 859 818 867
377 1016 1007 907 919 1011 958 916 965
378 1119 1116 1007 1016 1118 1061 1011 1067
379 1238 1233 1116 1119 1236 1176 1118 1179
380 1357 1350 1233 1238 1353 1289 1236 1297
381 209 172 166 204 193 169 186 206
382 215 180 172 209 200 177 193 211
383 226 190 180 215 208 185 200 221
384 240 205 190 226 222 199 208 234
385 258 225 205 240 243 214 222 249
386 283 253 225 258 266 238 243 273
387 313 286 253 283 297 269 266 294
388 349 323 286 313 336 304 297 329
389 393 370 323 349 382 348 336 371
390 443 426 370 393 432 396 382 419
391 500 486 426 443 494 456 432 476
392 569 554 486 500 563 518 494 538
393 643 630 554 569 637 590 563 606
394 727 716 630 643 721 670 637 679
395 815 804 716 727 812 756 721 763
396 907 900 804 815 903 852 812 859
397 1007 999 900 907 1002 951 903 958
398 1116 1111 999 1007 1114 1059 1002 1061
399 1233 1227 1111 1116 1230 1170 1114 1176
400 1350 1347 1227 1233 1348 1286 1230 1289
401 172 143 137 166 160 140 152 169
402 180 150 143 172 164 147 160 177
403 190 163 150 180 178 158 164 185
404 205 179 163 190 194 171 178 199
405 225 201 179 205 212 189 194 214
406 253 229 201 225 241 213 212 238
407 286 263 229 253 275 245 241 269
408 323 305 263 286 315 285 275 304
409 370 352 305 323 358 327 315 348
410 426 410 352 370 416 383 358 396
411 486 474 410 426 479 441 416 456
412 554 544 474 486 548 506 479 518
413 630 620 544 554 625 581 548 590
414 716 708 620 630 711 661 625 670
415 804 795 708 716 800 751 711 756
416 900 892 795 804 897 846 800 852
417 999 994 892 900 996 947 897 951
418 1111 1108 994 999 1109 1056 996 1059
419 1227 1224 1108 1111 1226 1165 1109 1170
420 1347 1344 1224 1227 1345 1284 1226 1286
421 143 119 110 137 131 114 127 140
422 150 129 119 143 141 125 131 147
423 163 142 129 150 153 135 141 158
424 179 161 142 163 168 148 153 171
425 201 181 161 179 192 170 168 189
426 229 210 181 201 218 197 192 213
427 263 247 210 229 256 230 218 245
428 305 291 247 263 295 270 256 285
429 352 341 291 305 347 316 295 327
430 410 397 341 352 404 369 347 383
431 474 464 397 410 466 428 404 441
432 544 536 464 474 539 497 466 506
433 620 613 536 544 614 575 539 581
434 708 699 613 620 703 655 614 661
435 795 790 699 708 793 746 703 751
436 892 886 790 795 887 840 793 846
437 994 989 886 892 991 942 887 947
438 1108 1103 989 994 1106 1052 991 1056
439 1224 1220 1103 1108 1221 1163 1106 1165
440 1344 1340 1220 1224 1342 1283 1221 1284
441 119 100 92 110 108 98 101 114
442 129 109 100 119 122 106 108 125
443 142 128 109 129 133 118 122 135
444 161 144 128 142 151 134 133 148
445 181 167 144 161 175 157 151 170
446 210 198 167 181 203 183 175 197
447 247 236 198 210 242 216 203 230
448 291 280 236 247 287 259 242 270
449 341 331 280 291 335 307 287 316
450 397 390 331 341 394 359 335 369
451 464 457 390 397 460 425 394 428
452 536 529 457 464 534 493 460 497
453 613 608 529 536 610 568 534 575
454 699 695 608 613 697 652 610 655
455 790 786 695 699 788 741 697 746
456 886 881 786 790 884 836 788 840
457 989 987 881 886 988 937 884 942
458 1103 1100 987 989 1101 1050 988 1052
459 1220 1218 1100 1103 1219 1162 1101 1163
460 1340 1338 1218 1220 1339 1278 1219 1283
461 100 89 84 92 94 87 88 98
462 109 99 89 100 103 91 94 106
463 128 111 99 109 120 105 103 118
464 144 132 111 128 139 124 120 134
465 167 159 132 144 162 146 139 157
466 198 188 159 167 195 174 162 183
467 236 227 188 198 232 207 195 216
468 280 274 227 236 277 251 232 259
469 331 324 274 280 326 299 277 307
470 390 386 324 331 387 355 326 359
471 457 452 386 390 453 418 387 425
472 529 522 452 457 528 490 453 493
473 608 603 522 529 605 567 528 568
474 695 688 603 608 691 647 605 652
475 786 779 688 695 784 739 691 741
476 881 878 779 786 879 834 784 836
477 987 984 878 881 985 936 879 937
478 1100 1097 984 987 1099 1047 985 1050
479 1218 1216 1097 1100 1217 1160 1099 1162
480 1338 1336 1216 1218 1337 1276 1217 1278
481 89 83 78 84 85 80 81 87
482 99 90 83 89 93 86 85 91
483 111 102 90 99 107 97 93 105
484 132 126 102 111 130 113 107 124
485 159 149 126 132 154 138 130 146
486 188 182 149 159 184 165 154 174
487 227 219 182 188 223 202 184 207
488 274 268 219 227 272 244 223 251
489 324 320 268 274 322 292 272 299
490 386 380 320 324 384 351 322 355
491 452 447 380 386 448 414 384 418
492 522 520 447 452 521 487 448 490
493 603 600 520 522 602 565 521 567
494 688 684 600 603 687 646 602 647
495 779 776 684 688 778 736 687 739
496 878 876 776 779 877 832 778 834
497 984 980 876 878 981 935 877 936
498 1097 1094 980 984 1096 1046 981 1047
499 1216 1212 1094 1097 1214 1159 1096 1160
500 1336 1334 1212 1216 1335 1275 1214 1276
501 64 74 70 60 67 76 63 61
502 68 73 74 64 69 71 67 66
503 78 83 73 68 80 75 69 72
504 74 173 231 70 116 224 145 76
505 73 82 173 74 77 121 116 71
506 83 90 82 73 86 79 77 75
507 173 264 356 231 220 342 298 224
508 82 115 264 173 96 187 220 121
509 90 102 115 82 97 95 96 79
510 264 340 463 356 303 430 412 342
511 115 156 340 264 136 246 303 187
512 102 126 156 115 113 123 136 95
513 340 409 549 463 374 511 504 430
514 156 196 409 340 176 301 374 246
515 126 149 196 156 138 155 176 123
516 409 470 631 549 436 584 588 511
517 196 237 470 409 217 353 436 301
518 149 182 237 196 165 191 217 155
519 470 531 709 631 498 656 667 584
520 237 288 531 470 262 406 498 353
521 182 219 288 237 202 235 262 191
522 531 583 772 709 560 723 742 656
523 288 334 583 531 312 461 560 406
524 219 268 334 288 244 284 312 235
525 583 644 845 772 615 781 814 723
526 334 391 644 583 361 512 615 461
527 268 320 391 334 292 338 361 284
528 644 707 913 845 672 848 871 781
529 391 451 707 644 422 574 672 512
530 320 380 451 391 351 399 422 338
531 707 760 975 913 733 911 945 848
532 451 515 760 707 485 636 733 574
533 380 447 515 451 414 467 485 399
534 760 826 1038 975 796 968 1006 911
535 515 585 826 760 553 704 796 636
536 447 520 585 515 487 542 553 467
537 826 889 1098 1038 860 1032 1070 968
538 585 664 889 826 629 768 860 704
539 520 600 664 585 565 624 629 542
540 889 961 1166 1098 928 1088 1132 1032
541 664 752 961 889 713 850 928 768
542 600 684 752 664 646 714 713 624
543 961 1034 1231 1166 995 1157 1194 1088
544 752 844 1034 961 798 932 995 850
545 684 776 844 752 736 810 798 714
546 1034 1110 1295 1231 1071 1223 1261 1157
547 844 938 1110 1034 888 1019 1071 932
548 776 876 938 844 832 906 888 810
549 1110 1189 1361 1295 1149 1290 1324 1223
550 938 1042 1189 1110 986 1113 1149 1019
551 876 980 1042 938 935 1010 986 906
552 1189 1272 1440 1361 1237 1364 1403 1290
553 1042 1152 1272 1189 1093 1204 1237 1113
554 980 1094 1152 1042 1046 1120 1093 1010
555 1272 1369 1513 1440 1317 1450 1479 1364
556 1152 1264 1369 1272 1201 1311 1317 1204
557 1094 1212 1264 1152 1159 1244 1201 1120
558 1369 1477 1576 1513 1423 1531 1548 1450
559 1264 1393 1477 1369 1322 1437 1423 1311
560 1212 1334 1393 1264 1275 1367 1322 1244
561 1792 1778 1513 1576 1788 1704 1548 1743
562 1778 1744 1440 1513 1765 1625 1479 1704
563 1744 1687 1361 1440 1726 1533 1403 1625
564 1687 1572 1295 1361 1635 1429 1324 1533
565 1572 1445 1231 1295 1510 1319 1261 1429
566 1445 1304 1166 1231 1373 1232 1194 1319
567 1304 1188 1098 1166 1250 1139 1132 1232
568 1188 1073 1038 1098 1129 1053 1070 1139
569 1073 954 975 1038 1013 959 1006 1053
570 954 830 913 975 893 864 945 959
571 830 705 845 913 764 765 871 864
572 705 557 772 845 633 662 814 765
573 557 381 709 772 478 551 742 662
574 381 104 631 709 267 421 667 551
575 104 58 549 631 62 252 588 421
576 58 52 463 549 55 65 504 252
577 52 44 356 463 50 57 412 65
578 44 39 231 356 42 54 298 57
579 39 33 70 231 36 48 145 54
580 33 26 60 70 30 43 63 48
581 26 31 64 60 28 45 61 43
582 31 34 68 64 32 49 66 45
583 34 40 78 68 37 51 72 49
584 40 34 10 17 37 19 13 22
585 34 31 5 10 32 14 7 19
586 31 26 1 5 28 11 3 14
587 1859 1778 1792 1869 1829 1788 1844 1865
588 1840 1744 1778 1859 1803 1765 1829 1852
589 1816 1687 1744 1840 1777 1726 1803 1831
590 1782 1572 1687 1816 1727 1635 1777 1794
591 1709 1445 1572 1782 1582 1510 1727 1753
592 1496 1304 1445 1709 1395 1373 1582 1610
593 1252 1188 1304 1496 1208 1250 1395 1366
594 1031 1073 1188 1252 1048 1129 1208 1141
595 811 954 1073 1031 868 1013 1048 922
596 545 830 954 811 683 893 868 675
597 117 705 830 545 468 764 683 375
598 53 557 705 117 112 633 468 59
599 41 381 557 53 56 478 112 47
600 29 104 381 41 46 267 56 35
601 23 58 104 29 38 62 46 25
602 18 52 58 23 27 55 38 21
603 12 44 52 18 24 50 27 15
604 8 39 44 12 20 42 24 9
605 4 33 39 8 16 36 20 6
606 1 26 33 4 11 30 16 2
