1 4094 4097 4162 4160 4095 4130 4161 4128
2 4026 4031 4097 4094 4029 4062 4095 4061
3 3959 3962 4031 4026 3960 3998 4029 3995
4 3890 3895 3962 3959 3893 3930 3960 3926
5 3821 3825 3895 3890 3822 3860 3893 3855
6 3748 3757 3825 3821 3753 3790 3822 3786
7 3681 3686 3757 3748 3682 3721 3753 3717
8 3610 3619 3686 3681 3615 3653 3682 3648
9 3544 3549 3619 3610 3546 3586 3615 3578
10 3475 3485 3549 3544 3479 3518 3546 3510
11 4097 4099 4164 4162 4098 4134 4163 4130
12 4031 4036 4099 4097 4032 4068 4098 4062
13 3962 3968 4036 4031 3964 4000 4032 3998
14 3895 3900 3968 3962 3897 3933 3964 3930
15 3825 3831 3900 3895 3828 3865 3897 3860
16 3757 3763 3831 3825 3760 3796 3828 3790
17 3686 3693 3763 3757 3691 3727 3760 3721
18 3619 3626 3693 3686 3623 3658 3691 3653
19 3549 3560 3626 3619 3553 3591 3623 3586
20 3485 3493 3560 3549 3487 3527 3553 3518
21 4099 4106 4168 4164 4103 4137 4167 4134
22 4036 4039 4106 4099 4037 4073 4103 4068
23 3968 3974 4039 4036 3970 4007 4037 4000
24 3900 3906 3974 3968 3901 3940 3970 3933
25 3831 3836 3906 3900 3835 3871 3901 3865
26 3763 3769 3836 3831 3767 3802 3835 3796
27 3693 3702 3769 3763 3696 3734 3767 3727
28 3626 3633 3702 3693 3629 3666 3696 3658
29 3560 3567 3633 3626 3563 3601 3629 3591
30 3493 3504 3567 3560 3499 3532 3563 3527
31 4106 4110 4175 4168 4107 4142 4172 4137
32 4039 4045 4110 4106 4044 4077 4107 4073
33 3974 3982 4045 4039 3976 4013 4044 4007
34 3906 3913 3982 3974 3911 3947 3976 3940
35 3836 3847 3913 3906 3842 3880 3911 3871
36 3769 3777 3847 3836 3770 3810 3842 3802
37 3702 3710 3777 3769 3705 3741 3770 3734
38 3633 3641 3710 3702 3638 3673 3705 3666
39 3567 3577 3641 3633 3571 3607 3638 3601
40 3504 3511 3577 3567 3506 3543 3571 3532
41 4110 4118 4181 4175 4115 4147 4178 4142
42 4045 4054 4118 4110 4050 4085 4115 4077
43 3982 3988 4054 4045 3983 4020 4050 4013
44 3913 3920 3988 3982 3918 3953 3983 3947
45 3847 3853 3920 3913 3850 3886 3918 3880
46 3777 3788 3853 3847 3781 3820 3850 3810
47 3710 3720 3788 3777 3715 3752 3781 3741
48 3641 3654 3720 3710 3650 3684 3715 3673
49 3577 3588 3654 3641 3583 3621 3650 3607
50 3511 3521 3588 3577 3517 3556 3583 3543
51 4118 4124 4188 4181 4122 4154 4184 4147
52 4054 4060 4124 4118 4057 4091 4122 4085
53 3988 3999 4060 4054 3993 4030 4057 4020
54 3920 3932 3999 3988 3927 3963 3993 3953
55 3853 3867 3932 3920 3859 3899 3927 3886
56 3788 3798 3867 3853 3793 3832 3859 3820
57 3720 3732 3798 3788 3723 3766 3793 3752
58 3654 3664 3732 3720 3659 3698 3723 3684
59 3588 3600 3664 3654 3594 3632 3659 3621
60 3521 3535 3600 3588 3529 3568 3594 3556
61 4124 4136 4196 4188 4131 4166 4193 4154
62 4060 4074 4136 4124 4067 4105 4131 4091
63 3999 4010 4074 4060 4003 4041 4067 4030
64 3932 3944 4010 3999 3936 3977 4003 3963
65 3867 3878 3944 3932 3870 3912 3936 3899
66 3798 3809 3878 3867 3803 3844 3870 3832
67 3732 3743 3809 3798 3737 3778 3803 3766
68 3664 3676 3743 3732 3670 3712 3737 3698
69 3600 3611 3676 3664 3605 3646 3670 3632
70 3535 3548 3611 3600 3541 3581 3605 3568
71 4136 4146 4203 4196 4141 4179 4199 4166
72 4074 4084 4146 4136 4078 4117 4141 4105
73 4010 4021 4084 4074 4014 4053 4078 4041
74 3944 3956 4021 4010 3950 3990 4014 3977
75 3878 3889 3956 3944 3884 3923 3950 3912
76 3809 3824 3889 3878 3817 3856 3884 3844
77 3743 3761 3824 3809 3747 3792 3817 3778
78 3676 3692 3761 3743 3683 3725 3747 3712
79 3611 3628 3692 3676 3622 3661 3683 3646
80 3548 3565 3628 3611 3557 3597 3622 3581
81 4146 4156 4211 4203 4152 4189 4208 4179
82 4084 4096 4156 4146 4088 4127 4152 4117
83 4021 4035 4096 4084 4023 4065 4088 4053
84 3956 3971 4035 4021 3961 4002 4023 3990
85 3889 3907 3971 3956 3898 3938 3961 3923
86 3824 3840 3907 3889 3833 3872 3898 3856
87 3761 3774 3840 3824 3768 3806 3833 3792
88 3692 3707 3774 3761 3703 3739 3768 3725
89 3628 3644 3707 3692 3637 3674 3703 3661
90 3565 3580 3644 3628 3572 3609 3637 3597
91 4156 4173 4220 4211 4165 4200 4215 4189
92 4096 4112 4173 4156 4104 4143 4165 4127
93 4035 4048 4112 4096 4043 4081 4104 4065
94 3971 3984 4048 4035 3979 4016 4043 4002
95 3907 3919 3984 3971 3915 3952 3979 3938
96 3840 3854 3919 3907 3848 3887 3915 3872
97 3774 3791 3854 3840 3782 3823 3848 3806
98 3707 3726 3791 3774 3718 3759 3782 3739
99 3644 3662 3726 3707 3652 3694 3718 3674
100 3580 3598 3662 3644 3589 3630 3652 3609
101 4173 4187 4228 4220 4182 4210 4225 4200
102 4112 4125 4187 4173 4119 4155 4182 4143
103 4048 4064 4125 4112 4056 4093 4119 4081
104 3984 4001 4064 4048 3994 4033 4056 4016
105 3919 3939 4001 3984 3931 3972 3994 3952
106 3854 3874 3939 3919 3866 3908 3931 3887
107 3791 3808 3874 3854 3800 3843 3866 3823
108 3726 3742 3808 3791 3735 3776 3800 3759
109 3662 3678 3742 3726 3669 3713 3735 3694
110 3598 3614 3678 3662 3604 3649 3669 3630
111 4187 4202 4237 4228 4194 4222 4233 4210
112 4125 4144 4202 4187 4135 4176 4194 4155
113 4064 4082 4144 4125 4075 4113 4135 4093
114 4001 4019 4082 4064 4012 4051 4075 4033
115 3939 3957 4019 4001 3948 3989 4012 3972
116 3874 3894 3957 3939 3883 3925 3948 3908
117 3808 3829 3894 3874 3818 3861 3883 3843
118 3742 3764 3829 3808 3754 3795 3818 3776
119 3678 3699 3764 3742 3690 3731 3754 3713
120 3614 3635 3699 3678 3625 3667 3690 3649
121 4202 4213 4245 4237 4207 4231 4241 4222
122 4144 4157 4213 4202 4151 4191 4207 4176
123 4082 4100 4157 4144 4090 4132 4151 4113
124 4019 4038 4100 4082 4027 4070 4090 4051
125 3957 3978 4038 4019 3967 4009 4027 3989
126 3894 3914 3978 3957 3904 3945 3967 3925
127 3829 3849 3914 3894 3839 3881 3904 3861
128 3764 3783 3849 3829 3773 3815 3839 3795
129 3699 3719 3783 3764 3709 3749 3773 3731
130 3635 3655 3719 3699 3645 3687 3709 3667
131 4213 4224 4252 4245 4218 4239 4248 4231
132 4157 4183 4224 4213 4171 4205 4218 4191
133 4100 4121 4183 4157 4109 4149 4171 4132
134 4038 4059 4121 4100 4046 4087 4109 4070
135 3978 3997 4059 4038 3985 4025 4046 4009
136 3914 3934 3997 3978 3921 3965 3985 3945
137 3849 3868 3934 3914 3857 3902 3921 3881
138 3783 3805 3868 3849 3794 3838 3857 3815
139 3719 3738 3805 3783 3730 3772 3794 3749
140 3655 3675 3738 3719 3665 3708 3730 3687
141 4224 4235 4259 4252 4229 4247 4255 4239
142 4183 4198 4235 4224 4190 4217 4229 4205
143 4121 4140 4198 4183 4129 4170 4190 4149
144 4059 4080 4140 4121 4069 4111 4129 4087
145 3997 4018 4080 4059 4008 4049 4069 4025
146 3934 3955 4018 3997 3946 3987 4008 3965
147 3868 3892 3955 3934 3882 3924 3946 3902
148 3805 3830 3892 3868 3816 3862 3882 3838
149 3738 3765 3830 3805 3751 3797 3816 3772
150 3675 3701 3765 3738 3688 3733 3751 3708
151 4235 4244 4265 4259 4240 4256 4262 4247
152 4198 4214 4244 4235 4206 4230 4240 4217
153 4140 4159 4214 4198 4150 4192 4206 4170
154 4080 4102 4159 4140 4089 4133 4150 4111
155 4018 4042 4102 4080 4028 4072 4089 4049
156 3955 3981 4042 4018 3969 4011 4028 3987
157 3892 3917 3981 3955 3905 3949 3969 3924
158 3830 3852 3917 3892 3841 3885 3905 3862
159 3765 3789 3852 3830 3775 3819 3841 3797
160 3701 3722 3789 3765 3711 3756 3775 3733
161 4244 4253 4270 4265 4249 4263 4268 4256
162 4214 4226 4253 4244 4219 4242 4249 4230
163 4159 4185 4226 4214 4174 4209 4219 4192
164 4102 4123 4185 4159 4114 4153 4174 4133
165 4042 4063 4123 4102 4052 4092 4114 4072
166 3981 4004 4063 4042 3991 4034 4052 4011
167 3917 3941 4004 3981 3928 3973 3991 3949
168 3852 3876 3941 3917 3864 3910 3928 3885
169 3789 3812 3876 3852 3801 3845 3864 3819
170 3722 3746 3812 3789 3736 3780 3801 3756
171 4253 4261 4275 4270 4257 4269 4272 4263
172 4226 4238 4261 4253 4232 4251 4257 4242
173 4185 4204 4238 4226 4195 4223 4232 4209
174 4123 4148 4204 4185 4138 4180 4195 4153
175 4063 4086 4148 4123 4076 4120 4138 4092
176 4004 4024 4086 4063 4015 4058 4076 4034
177 3941 3966 4024 4004 3951 3996 4015 3973
178 3876 3903 3966 3941 3888 3935 3951 3910
179 3812 3837 3903 3876 3826 3869 3888 3845
180 3746 3771 3837 3812 3762 3804 3826 3780
181 4261 4267 4278 4275 4264 4274 4276 4269
182 4238 4250 4267 4261 4243 4260 4264 4251
183 4204 4221 4250 4238 4212 4236 4243 4223
184 4148 4177 4221 4204 4158 4201 4212 4180
185 4086 4116 4177 4148 4101 4145 4158 4120
186 4024 4055 4116 4086 4040 4083 4101 4058
187 3966 3992 4055 4024 3980 4022 4040 3996
188 3903 3929 3992 3966 3916 3958 3980 3935
189 3837 3863 3929 3903 3851 3896 3916 3869
190 3771 3799 3863 3837 3787 3834 3851 3804
191 4267 4273 4280 4278 4271 4277 4279 4274
192 4250 4258 4273 4267 4254 4266 4271 4260
193 4221 4234 4258 4250 4227 4246 4254 4236
194 4177 4197 4234 4221 4186 4216 4227 4201
195 4116 4139 4197 4177 4126 4169 4186 4145
196 4055 4079 4139 4116 4066 4108 4126 4083
197 3992 4017 4079 4055 4006 4047 4066 4022
198 3929 3954 4017 3992 3943 3986 4006 3958
199 3863 3891 3954 3929 3879 3922 3943 3896
200 3799 3827 3891 3863 3813 3858 3879 3834
201 3489 3466 3387 3412 3478 3427 3399 3451
202 3573 3547 3466 3489 3561 3508 3478 3530
203 3656 3631 3547 3573 3643 3590 3561 3613
204 3740 3714 3631 3656 3728 3671 3643 3700
205 3827 3799 3714 3740 3813 3758 3728 3785
206 3466 3447 3361 3387 3457 3408 3373 3427
207 3547 3524 3447 3466 3536 3486 3457 3508
208 3631 3603 3524 3547 3617 3566 3536 3590
209 3714 3689 3603 3631 3704 3647 3617 3671
210 3799 3771 3689 3714 3787 3729 3704 3758
211 3447 3423 3337 3361 3433 3383 3348 3408
212 3524 3503 3423 3447 3512 3463 3433 3486
213 3603 3582 3503 3524 3593 3539 3512 3566
214 3689 3663 3582 3603 3672 3624 3593 3647
215 3771 3746 3663 3689 3762 3706 3672 3729
216 3423 3401 3309 3337 3413 3359 3321 3383
217 3503 3477 3401 3423 3488 3442 3413 3463
218 3582 3559 3477 3503 3570 3519 3488 3539
219 3663 3639 3559 3582 3651 3599 3570 3624
220 3746 3722 3639 3663 3736 3679 3651 3706
221 3401 3377 3280 3309 3391 3333 3294 3359
222 3477 3458 3377 3401 3467 3419 3391 3442
223 3559 3534 3458 3477 3545 3498 3467 3519
224 3639 3616 3534 3559 3627 3576 3545 3599
225 3722 3701 3616 3639 3711 3657 3627 3679
226 3377 3355 3254 3280 3369 3304 3267 3333
227 3458 3437 3355 3377 3449 3397 3369 3419
228 3534 3514 3437 3458 3523 3472 3449 3498
229 3616 3596 3514 3534 3602 3552 3523 3576
230 3701 3675 3596 3616 3688 3636 3602 3657
231 3355 3329 3224 3254 3341 3278 3241 3304
232 3437 3417 3329 3355 3425 3374 3341 3397
233 3514 3494 3417 3437 3505 3454 3425 3472
234 3596 3574 3494 3514 3584 3531 3505 3552
235 3675 3655 3574 3596 3665 3612 3584 3636
236 3329 3302 3196 3224 3319 3255 3212 3278
237 3417 3395 3302 3329 3409 3353 3319 3374
238 3494 3471 3395 3417 3483 3434 3409 3454
239 3574 3551 3471 3494 3564 3513 3483 3531
240 3655 3635 3551 3574 3645 3595 3564 3612
241 3302 3279 3169 3196 3291 3225 3185 3255
242 3395 3375 3279 3302 3386 3330 3291 3353
243 3471 3456 3375 3395 3464 3418 3386 3434
244 3551 3533 3456 3471 3542 3495 3464 3513
245 3635 3614 3533 3551 3625 3575 3542 3595
246 3279 3257 3141 3169 3268 3199 3156 3225
247 3375 3356 3257 3279 3367 3306 3268 3330
248 3456 3439 3356 3375 3448 3398 3367 3418
249 3533 3515 3439 3456 3526 3474 3448 3495
250 3614 3598 3515 3533 3604 3558 3526 3575
251 3257 3230 3108 3141 3244 3172 3129 3199
252 3356 3335 3230 3257 3345 3285 3244 3306
253 3439 3422 3335 3356 3429 3380 3345 3398
254 3515 3501 3422 3439 3507 3460 3429 3474
255 3598 3580 3501 3515 3589 3538 3507 3558
256 3230 3206 3077 3108 3219 3146 3092 3172
257 3335 3314 3206 3230 3323 3262 3219 3285
258 3422 3405 3314 3335 3414 3362 3323 3380
259 3501 3484 3405 3422 3491 3446 3414 3460
260 3580 3565 3484 3501 3572 3522 3491 3538
261 3206 3184 3042 3077 3194 3122 3060 3146
262 3314 3292 3184 3206 3300 3240 3194 3262
263 3405 3388 3292 3314 3396 3342 3300 3362
264 3484 3468 3388 3405 3473 3430 3396 3446
265 3565 3548 3468 3484 3557 3509 3473 3522
266 3184 3160 3005 3042 3170 3087 3025 3122
267 3292 3274 3160 3184 3284 3216 3170 3240
268 3388 3372 3274 3292 3381 3326 3284 3342
269 3468 3455 3372 3388 3462 3416 3381 3430
270 3548 3535 3455 3468 3541 3496 3462 3509
271 3160 3138 2975 3005 3145 3061 2992 3087
272 3274 3256 3138 3160 3263 3195 3145 3216
273 3372 3357 3256 3274 3365 3307 3263 3326
274 3455 3443 3357 3372 3450 3402 3365 3416
275 3535 3521 3443 3455 3529 3481 3450 3496
276 3138 3111 2940 2975 3127 3031 2959 3061
277 3256 3236 3111 3138 3245 3175 3127 3195
278 3357 3340 3236 3256 3351 3288 3245 3307
279 3443 3431 3340 3357 3436 3389 3351 3402
280 3521 3511 3431 3443 3517 3469 3436 3481
281 3111 3085 2906 2940 3099 3000 2924 3031
282 3236 3218 3085 3111 3226 3159 3099 3175
283 3340 3327 3218 3236 3336 3275 3226 3288
284 3431 3420 3327 3340 3424 3376 3336 3389
285 3511 3504 3420 3431 3506 3461 3424 3469
286 3085 3063 2876 2906 3075 2972 2892 3000
287 3218 3201 3063 3085 3210 3139 3075 3159
288 3327 3316 3201 3218 3320 3260 3210 3275
289 3420 3411 3316 3327 3415 3364 3320 3376
290 3504 3493 3411 3420 3499 3452 3415 3461
291 3063 3040 2842 2876 3051 2948 2857 2972
292 3201 3188 3040 3063 3193 3124 3051 3139
293 3316 3298 3188 3201 3308 3246 3193 3260
294 3411 3400 3298 3316 3407 3354 3308 3364
295 3493 3485 3400 3411 3487 3444 3407 3452
296 3040 3013 2817 2842 3026 2919 2825 2948
297 3188 3171 3013 3040 3177 3102 3026 3124
298 3298 3287 3171 3188 3296 3235 3177 3246
299 3400 3392 3287 3298 3394 3344 3296 3354
300 3485 3475 3392 3400 3479 3435 3394 3444
301 3387 3352 3379 3412 3370 3368 3393 3399
302 3361 3324 3352 3387 3343 3339 3370 3373
303 3337 3295 3324 3361 3318 3312 3343 3348
304 3309 3266 3295 3337 3286 3281 3318 3321
305 3280 3237 3266 3309 3261 3250 3286 3294
306 3254 3209 3237 3280 3232 3222 3261 3267
307 3224 3176 3209 3254 3205 3192 3232 3241
308 3196 3148 3176 3224 3174 3165 3205 3212
309 3169 3120 3148 3196 3144 3135 3174 3185
310 3141 3083 3120 3169 3117 3100 3144 3156
311 3108 3047 3083 3141 3082 3067 3117 3129
312 3077 3008 3047 3108 3046 3030 3082 3092
313 3042 2976 3008 3077 3009 2994 3046 3060
314 3005 2936 2976 3042 2978 2957 3009 3025
315 2975 2901 2936 3005 2942 2921 2978 2992
316 2940 2866 2901 2975 2904 2883 2942 2959
317 2906 2833 2866 2940 2872 2846 2904 2924
318 2876 2802 2833 2906 2836 2818 2872 2892
319 2842 2773 2802 2876 2808 2786 2836 2857
320 2817 2741 2773 2842 2780 2752 2808 2825
321 3352 3315 3347 3379 3334 3331 3363 3368
322 3324 3282 3315 3352 3301 3297 3334 3339
323 3295 3247 3282 3324 3273 3265 3301 3312
324 3266 3215 3247 3295 3243 3231 3273 3281
325 3237 3183 3215 3266 3211 3197 3243 3250
326 3209 3147 3183 3237 3180 3167 3211 3222
327 3176 3115 3147 3209 3149 3133 3180 3192
328 3148 3076 3115 3176 3118 3094 3149 3165
329 3120 3039 3076 3148 3080 3055 3118 3135
330 3083 2997 3039 3120 3043 3014 3080 3100
331 3047 2960 2997 3083 3004 2981 3043 3067
332 3008 2922 2960 3047 2971 2941 3004 3030
333 2976 2882 2922 3008 2928 2902 2971 2994
334 2936 2845 2882 2976 2893 2865 2928 2957
335 2901 2814 2845 2936 2859 2828 2893 2921
336 2866 2784 2814 2901 2822 2796 2859 2883
337 2833 2748 2784 2866 2792 2766 2822 2846
338 2802 2722 2748 2833 2759 2733 2792 2818
339 2773 2694 2722 2802 2729 2709 2759 2786
340 2741 2671 2694 2773 2704 2683 2729 2752
341 3315 3271 3313 3347 3293 3289 3328 3331
342 3282 3234 3271 3315 3258 3251 3293 3297
343 3247 3191 3234 3282 3221 3214 3258 3265
344 3215 3154 3191 3247 3187 3173 3221 3231
345 3183 3113 3154 3215 3150 3136 3187 3197
346 3147 3068 3113 3183 3112 3088 3150 3167
347 3115 3020 3068 3147 3071 3044 3112 3133
348 3076 2979 3020 3115 3028 2998 3071 3094
349 3039 2929 2979 3076 2986 2954 3028 3055
350 2997 2890 2929 3039 2950 2910 2986 3014
351 2960 2847 2890 2997 2905 2869 2950 2981
352 2922 2810 2847 2960 2868 2829 2905 2941
353 2882 2781 2810 2922 2831 2794 2868 2902
354 2845 2747 2781 2882 2797 2761 2831 2865
355 2814 2717 2747 2845 2767 2728 2797 2828
356 2784 2690 2717 2814 2734 2703 2767 2796
357 2748 2663 2690 2784 2708 2678 2734 2766
358 2722 2641 2663 2748 2684 2655 2708 2733
359 2694 2617 2641 2722 2658 2628 2684 2709
360 2671 2596 2617 2694 2631 2607 2658 2683
361 3271 3227 3272 3313 3248 3249 3290 3289
362 3234 3182 3227 3271 3208 3204 3248 3251
363 3191 3134 3182 3234 3164 3157 3208 3214
364 3154 3079 3134 3191 3121 3106 3164 3173
365 3113 3022 3079 3154 3070 3052 3121 3136
366 3068 2966 3022 3113 3017 2995 3070 3088
367 3020 2912 2966 3068 2970 2938 3017 3044
368 2979 2861 2912 3020 2920 2885 2970 2998
369 2929 2811 2861 2979 2875 2834 2920 2954
370 2890 2774 2811 2929 2826 2791 2875 2910
371 2847 2730 2774 2890 2790 2749 2826 2869
372 2810 2700 2730 2847 2754 2714 2790 2829
373 2781 2672 2700 2810 2725 2685 2754 2794
374 2747 2643 2672 2781 2695 2656 2725 2761
375 2717 2618 2643 2747 2669 2629 2695 2728
376 2690 2595 2618 2717 2645 2608 2669 2703
377 2663 2571 2595 2690 2621 2581 2645 2678
378 2641 2555 2571 2663 2600 2565 2621 2655
379 2617 2539 2555 2641 2577 2544 2600 2628
380 2596 2522 2539 2617 2557 2533 2577 2607
381 3227 3178 3233 3272 3202 3207 3253 3249
382 3182 3128 3178 3227 3153 3152 3202 3204
383 3134 3059 3128 3182 3097 3091 3153 3157
384 3079 2991 3059 3134 3035 3023 3097 3106
385 3022 2923 2991 3079 2973 2956 3035 3052
386 2966 2853 2923 3022 2911 2889 2973 2995
387 2912 2795 2853 2966 2849 2823 2911 2938
388 2861 2745 2795 2912 2800 2770 2849 2885
389 2811 2696 2745 2861 2751 2719 2800 2834
390 2774 2657 2696 2811 2711 2677 2751 2791
391 2730 2622 2657 2774 2676 2637 2711 2749
392 2700 2588 2622 2730 2646 2606 2676 2714
393 2672 2561 2588 2700 2615 2573 2646 2685
394 2643 2540 2561 2672 2590 2546 2615 2656
395 2618 2518 2540 2643 2568 2529 2590 2629
396 2595 2498 2518 2618 2545 2511 2568 2608
397 2571 2485 2498 2595 2531 2494 2545 2581
398 2555 2473 2485 2571 2514 2479 2531 2565
399 2539 2464 2473 2555 2496 2468 2514 2544
400 2522 2451 2464 2539 2487 2457 2496 2533
401 3178 3131 3189 3233 3155 3163 3213 3207
402 3128 3056 3131 3178 3089 3093 3155 3152
403 3059 2980 3056 3128 3016 3015 3089 3091
404 2991 2894 2980 3059 2946 2937 3016 3023
405 2923 2820 2894 2991 2871 2860 2946 2956
406 2853 2750 2820 2923 2805 2788 2871 2889
407 2795 2692 2750 2853 2744 2723 2805 2823
408 2745 2638 2692 2795 2689 2664 2744 2770
409 2696 2592 2638 2745 2644 2614 2689 2719
410 2657 2547 2592 2696 2605 2570 2644 2677
411 2622 2517 2547 2657 2567 2536 2605 2637
412 2588 2488 2517 2622 2537 2500 2567 2606
413 2561 2466 2488 2588 2512 2476 2537 2573
414 2540 2441 2466 2561 2490 2455 2512 2546
415 2518 2425 2441 2540 2471 2436 2490 2529
416 2498 2409 2425 2518 2459 2419 2471 2511
417 2485 2396 2409 2498 2440 2404 2459 2494
418 2473 2389 2396 2485 2429 2393 2440 2479
419 2464 2382 2389 2473 2422 2386 2429 2468
420 2451 2372 2382 2464 2411 2377 2422 2457
421 3131 3073 3143 3189 3101 3110 3168 3163
422 3056 2987 3073 3131 3021 3033 3101 3093
423 2980 2896 2987 3056 2935 2947 3021 3015
424 2894 2816 2896 2980 2851 2855 2935 2937
425 2820 2736 2816 2894 2779 2777 2851 2860
426 2750 2670 2736 2820 2707 2702 2779 2788
427 2692 2609 2670 2750 2649 2636 2707 2723
428 2638 2551 2609 2692 2593 2579 2649 2664
429 2592 2507 2551 2638 2542 2530 2593 2614
430 2547 2467 2507 2592 2505 2486 2542 2570
431 2517 2432 2467 2547 2472 2449 2505 2536
432 2488 2401 2432 2517 2442 2418 2472 2500
433 2466 2379 2401 2488 2420 2391 2442 2476
434 2441 2358 2379 2466 2395 2367 2420 2455
435 2425 2342 2358 2441 2385 2349 2395 2436
436 2409 2331 2342 2425 2368 2338 2385 2419
437 2396 2322 2331 2409 2357 2328 2368 2404
438 2389 2313 2322 2396 2347 2318 2357 2393
439 2382 2306 2313 2389 2343 2311 2347 2386
440 2372 2300 2306 2382 2339 2304 2343 2377
441 2864 2586 2566 2844 2726 2574 2705 2852
442 2880 2611 2586 2864 2746 2599 2726 2874
443 2895 2633 2611 2880 2765 2623 2746 2891
444 2916 2660 2633 2895 2787 2648 2765 2907
445 2931 2686 2660 2916 2809 2674 2787 2926
446 2953 2712 2686 2931 2830 2698 2809 2944
447 2965 2740 2712 2953 2850 2727 2830 2958
448 2984 2772 2740 2965 2877 2753 2850 2974
449 2996 2799 2772 2984 2897 2785 2877 2988
450 3010 2824 2799 2996 2925 2813 2897 3003
451 3027 2856 2824 3010 2949 2841 2925 3018
452 3041 2887 2856 3027 2969 2873 2949 3034
453 3054 2915 2887 3041 2989 2898 2969 3049
454 3072 2945 2915 3054 3007 2927 2989 3065
455 3084 2968 2945 3072 3029 2955 3007 3078
456 3098 2993 2968 3084 3048 2983 3029 3090
457 3109 3012 2993 3098 3066 3002 3048 3105
458 3126 3037 3012 3109 3081 3024 3066 3119
459 3137 3053 3037 3126 3096 3045 3081 3130
460 3143 3073 3053 3137 3110 3064 3096 3140
461 2586 2303 2280 2566 2448 2288 2423 2574
462 2611 2336 2303 2586 2475 2320 2448 2599
463 2633 2369 2336 2611 2504 2351 2475 2623
464 2660 2405 2369 2633 2535 2388 2504 2648
465 2686 2444 2405 2660 2563 2424 2535 2674
466 2712 2480 2444 2686 2598 2465 2563 2698
467 2740 2520 2480 2712 2630 2497 2598 2727
468 2772 2558 2520 2740 2665 2541 2630 2753
469 2799 2602 2558 2772 2699 2578 2665 2785
470 2824 2640 2602 2799 2731 2620 2699 2813
471 2856 2681 2640 2824 2769 2661 2731 2841
472 2887 2718 2681 2856 2806 2697 2769 2873
473 2915 2755 2718 2887 2835 2737 2806 2898
474 2945 2793 2755 2915 2870 2778 2835 2927
475 2968 2832 2793 2945 2900 2812 2870 2955
476 2993 2867 2832 2968 2930 2848 2900 2983
477 3012 2899 2867 2993 2961 2884 2930 3002
478 3037 2932 2899 3012 2985 2918 2961 3024
479 3053 2963 2932 3037 3006 2951 2985 3045
480 3073 2987 2963 3053 3033 2977 3006 3064
481 2303 2069 2038 2280 2182 2055 2157 2288
482 2336 2106 2069 2303 2217 2087 2182 2320
483 2369 2140 2106 2336 2249 2122 2217 2351
484 2405 2179 2140 2369 2284 2158 2249 2388
485 2444 2220 2179 2405 2325 2196 2284 2424
486 2480 2263 2220 2444 2364 2237 2325 2465
487 2520 2297 2263 2480 2408 2282 2364 2497
488 2558 2348 2297 2520 2460 2327 2408 2541
489 2602 2399 2348 2558 2499 2373 2460 2578
490 2640 2454 2399 2602 2543 2428 2499 2620
491 2681 2502 2454 2640 2591 2478 2543 2661
492 2718 2549 2502 2681 2634 2528 2591 2697
493 2755 2603 2549 2718 2682 2575 2634 2737
494 2793 2652 2603 2755 2720 2624 2682 2778
495 2832 2693 2652 2793 2762 2673 2720 2812
496 2867 2738 2693 2832 2807 2713 2762 2848
497 2899 2783 2738 2867 2838 2757 2807 2884
498 2932 2821 2783 2899 2878 2804 2838 2918
499 2963 2862 2821 2932 2913 2840 2878 2951
500 2987 2896 2862 2963 2947 2881 2913 2977
501 2069 1850 1809 2038 1954 1828 1921 2055
502 2106 1896 1850 2069 1992 1874 1954 2087
503 2140 1932 1896 2106 2041 1916 1992 2122
504 2179 1974 1932 2140 2081 1955 2041 2158
505 2220 2023 1974 2179 2124 1998 2081 2196
506 2263 2076 2023 2220 2165 2054 2124 2237
507 2297 2126 2076 2263 2215 2102 2165 2282
508 2348 2170 2126 2297 2262 2151 2215 2327
509 2399 2225 2170 2348 2305 2197 2262 2373
510 2454 2274 2225 2399 2359 2247 2305 2428
511 2502 2329 2274 2454 2414 2295 2359 2478
512 2549 2387 2329 2502 2470 2356 2414 2528
513 2603 2447 2387 2549 2524 2416 2470 2575
514 2652 2501 2447 2603 2572 2474 2524 2624
515 2693 2556 2501 2652 2627 2532 2572 2673
516 2738 2613 2556 2693 2675 2582 2627 2713
517 2783 2666 2613 2738 2724 2639 2675 2757
518 2821 2715 2666 2783 2771 2691 2724 2804
519 2862 2768 2715 2821 2815 2742 2771 2840
520 2896 2816 2768 2862 2855 2789 2815 2881
521 1850 1659 1615 1809 1757 1632 1716 1828
522 1896 1710 1659 1850 1801 1684 1757 1874
523 1932 1760 1710 1896 1844 1738 1801 1916
524 1974 1804 1760 1932 1895 1782 1844 1955
525 2023 1853 1804 1974 1938 1826 1895 1998
526 2076 1911 1853 2023 1983 1886 1938 2054
527 2126 1956 1911 2076 2047 1930 1983 2102
528 2170 2010 1956 2126 2097 1982 2047 2151
529 2225 2070 2010 2170 2149 2049 2097 2197
530 2274 2131 2070 2225 2200 2101 2149 2247
531 2329 2181 2131 2274 2253 2154 2200 2295
532 2387 2241 2181 2329 2307 2213 2253 2356
533 2447 2292 2241 2387 2370 2270 2307 2416
534 2501 2360 2292 2447 2435 2330 2370 2474
535 2556 2427 2360 2501 2493 2392 2435 2532
536 2613 2491 2427 2556 2550 2461 2493 2582
537 2666 2553 2491 2613 2612 2523 2550 2639
538 2715 2616 2553 2666 2668 2583 2612 2691
539 2768 2679 2616 2715 2721 2651 2668 2742
540 2816 2736 2679 2768 2777 2706 2721 2789
541 1659 1494 1444 1615 1571 1470 1532 1632
542 1710 1549 1494 1659 1625 1523 1571 1684
543 1760 1596 1549 1710 1672 1567 1625 1738
544 1804 1648 1596 1760 1732 1623 1672 1782
545 1853 1709 1648 1804 1780 1676 1732 1826
546 1911 1768 1709 1853 1833 1742 1780 1886
547 1956 1816 1768 1911 1892 1789 1833 1930
548 2010 1880 1816 1956 1944 1845 1892 1982
549 2070 1928 1880 2010 1995 1906 1944 2049
550 2131 1988 1928 2070 2063 1959 1995 2101
551 2181 2059 1988 2131 2120 2016 2063 2154
552 2241 2118 2059 2181 2177 2086 2120 2213
553 2292 2178 2118 2241 2234 2148 2177 2270
554 2360 2242 2178 2292 2293 2208 2234 2330
555 2427 2302 2242 2360 2361 2272 2293 2392
556 2491 2375 2302 2427 2437 2340 2361 2461
557 2553 2453 2375 2491 2503 2413 2437 2523
558 2616 2527 2453 2553 2569 2489 2503 2583
559 2679 2597 2527 2616 2635 2560 2569 2651
560 2736 2670 2597 2679 2702 2632 2635 2706
561 1494 1353 1294 1444 1423 1324 1368 1470
562 1549 1405 1353 1494 1476 1379 1423 1523
563 1596 1463 1405 1549 1533 1435 1476 1567
564 1648 1521 1463 1596 1582 1487 1533 1623
565 1709 1570 1521 1648 1635 1550 1582 1676
566 1768 1629 1570 1709 1701 1601 1635 1742
567 1816 1696 1629 1768 1756 1661 1701 1789
568 1880 1754 1696 1816 1811 1727 1756 1845
569 1928 1812 1754 1880 1877 1784 1811 1906
570 1988 1881 1812 1928 1929 1842 1877 1959
571 2059 1936 1881 1988 1993 1910 1929 2016
572 2118 1999 1936 2059 2064 1964 1993 2086
573 2178 2071 1999 2118 2127 2042 2064 2148
574 2242 2139 2071 2178 2186 2107 2127 2208
575 2302 2207 2139 2242 2257 2173 2186 2272
576 2375 2278 2207 2302 2326 2243 2257 2340
577 2453 2355 2278 2375 2403 2316 2326 2413
578 2527 2439 2355 2453 2483 2394 2403 2489
579 2597 2525 2439 2527 2559 2482 2483 2560
580 2670 2609 2525 2597 2636 2564 2559 2632
581 1353 1224 1170 1294 1288 1198 1228 1324
582 1405 1284 1224 1353 1347 1255 1288 1379
583 1463 1345 1284 1405 1398 1315 1347 1435
584 1521 1400 1345 1463 1459 1372 1398 1487
585 1570 1465 1400 1521 1519 1432 1459 1550
586 1629 1525 1465 1570 1572 1492 1519 1601
587 1696 1581 1525 1629 1630 1556 1572 1661
588 1754 1641 1581 1696 1703 1613 1630 1727
589 1812 1715 1641 1754 1767 1674 1703 1784
590 1881 1774 1715 1812 1821 1749 1767 1842
591 1936 1838 1774 1881 1893 1805 1821 1910
592 1999 1912 1838 1936 1953 1879 1893 1964
593 2071 1970 1912 1999 2017 1941 1953 2042
594 2139 2053 1970 2071 2099 2009 2017 2107
595 2207 2129 2053 2139 2164 2089 2099 2173
596 2278 2202 2129 2207 2239 2161 2164 2243
597 2355 2277 2202 2278 2315 2240 2239 2316
598 2439 2363 2277 2355 2400 2321 2315 2394
599 2525 2463 2363 2439 2492 2412 2400 2482
600 2609 2551 2463 2525 2579 2508 2492 2564
601 1224 1127 1063 1170 1174 1094 1117 1198
602 1284 1184 1127 1224 1230 1148 1174 1255
603 1345 1239 1184 1284 1291 1213 1230 1315
604 1400 1301 1239 1345 1355 1272 1291 1372
605 1465 1365 1301 1400 1413 1335 1355 1432
606 1525 1427 1365 1465 1473 1394 1413 1492
607 1581 1486 1427 1525 1540 1456 1473 1556
608 1641 1558 1486 1581 1597 1524 1540 1613
609 1715 1616 1558 1641 1662 1585 1597 1674
610 1774 1687 1616 1715 1735 1651 1662 1749
611 1838 1759 1687 1774 1798 1724 1735 1805
612 1912 1825 1759 1838 1866 1790 1798 1879
613 1970 1901 1825 1912 1934 1861 1866 1941
614 2053 1967 1901 1970 2004 1933 1934 2009
615 2129 2057 1967 2053 2092 2008 2004 2089
616 2202 2135 2057 2129 2166 2095 2092 2161
617 2277 2218 2135 2202 2245 2175 2166 2240
618 2363 2299 2218 2277 2334 2264 2245 2321
619 2463 2402 2299 2363 2431 2350 2334 2412
620 2551 2507 2402 2463 2530 2458 2431 2508
621 1127 1039 977 1063 1074 1002 1020 1094
622 1184 1096 1039 1127 1139 1065 1074 1148
623 1239 1155 1096 1184 1197 1128 1139 1213
624 1301 1219 1155 1239 1256 1188 1197 1272
625 1365 1279 1219 1301 1322 1248 1256 1335
626 1427 1346 1279 1365 1386 1311 1322 1394
627 1486 1410 1346 1427 1448 1378 1386 1456
628 1558 1477 1410 1486 1517 1441 1448 1524
629 1616 1546 1477 1558 1578 1507 1517 1585
630 1687 1611 1546 1616 1645 1573 1578 1651
631 1759 1683 1611 1687 1721 1642 1645 1724
632 1825 1762 1683 1759 1792 1723 1721 1790
633 1901 1830 1762 1825 1863 1796 1792 1861
634 1967 1913 1830 1901 1940 1875 1863 1933
635 2057 1989 1913 1967 2015 1951 1940 2008
636 2135 2080 1989 2057 2110 2039 2015 2095
637 2218 2163 2080 2135 2187 2123 2110 2175
638 2299 2258 2163 2218 2279 2210 2187 2264
639 2402 2354 2258 2299 2380 2298 2279 2350
640 2507 2467 2354 2402 2486 2407 2380 2458
641 1039 960 905 977 997 926 944 1002
642 1096 1023 960 1039 1056 989 997 1065
643 1155 1082 1023 1096 1123 1050 1056 1128
644 1219 1144 1082 1155 1182 1112 1123 1188
645 1279 1210 1144 1219 1243 1178 1182 1248
646 1346 1274 1210 1279 1308 1240 1243 1311
647 1410 1341 1274 1346 1376 1307 1308 1378
648 1477 1409 1341 1410 1440 1375 1376 1441
649 1546 1479 1409 1477 1509 1443 1440 1507
650 1611 1555 1479 1546 1579 1516 1509 1573
651 1683 1620 1555 1611 1654 1586 1579 1642
652 1762 1705 1620 1683 1733 1660 1654 1723
653 1830 1779 1705 1762 1803 1747 1733 1796
654 1913 1857 1779 1830 1888 1818 1803 1875
655 1989 1942 1857 1913 1962 1902 1888 1951
656 2080 2035 1942 1989 2060 1979 1962 2039
657 2163 2125 2035 2080 2146 2078 2060 2123
658 2258 2219 2125 2163 2233 2168 2146 2210
659 2354 2317 2219 2258 2337 2269 2233 2298
660 2467 2432 2317 2354 2449 2371 2337 2407
661 960 903 843 905 924 874 876 926
662 1023 959 903 960 988 923 924 989
663 1082 1024 959 1023 1051 990 988 1050
664 1144 1086 1024 1082 1114 1053 1051 1112
665 1210 1147 1086 1144 1180 1120 1114 1178
666 1274 1217 1147 1210 1244 1185 1180 1240
667 1341 1283 1217 1274 1312 1250 1244 1307
668 1409 1356 1283 1341 1384 1319 1312 1375
669 1479 1425 1356 1409 1453 1390 1384 1443
670 1555 1496 1425 1479 1527 1461 1453 1516
671 1620 1569 1496 1555 1595 1539 1527 1586
672 1705 1646 1569 1620 1671 1609 1595 1660
673 1779 1739 1646 1705 1758 1695 1671 1747
674 1857 1814 1739 1779 1836 1773 1758 1818
675 1942 1904 1814 1857 1923 1858 1836 1902
676 2035 1990 1904 1942 2005 1949 1923 1979
677 2125 2091 1990 2035 2109 2046 2005 2078
678 2219 2183 2091 2125 2203 2137 2109 2168
679 2317 2286 2183 2219 2296 2232 2203 2269
680 2432 2401 2286 2317 2418 2341 2296 2371
681 903 848 799 843 878 825 819 874
682 959 912 848 903 937 883 878 923
683 1024 972 912 959 996 947 937 990
684 1086 1040 972 1024 1060 1001 996 1053
685 1147 1102 1040 1086 1129 1067 1060 1120
686 1217 1167 1102 1147 1191 1135 1129 1185
687 1283 1233 1167 1217 1258 1203 1191 1250
688 1356 1306 1233 1283 1333 1270 1258 1319
689 1425 1383 1306 1356 1399 1344 1333 1390
690 1496 1455 1383 1425 1478 1417 1399 1461
691 1569 1536 1455 1496 1557 1493 1478 1539
692 1646 1610 1536 1569 1627 1566 1557 1609
693 1739 1699 1610 1646 1718 1655 1627 1695
694 1814 1783 1699 1739 1800 1746 1718 1773
695 1904 1870 1783 1814 1889 1823 1800 1858
696 1990 1960 1870 1904 1971 1918 1889 1949
697 2091 2066 1960 1990 2075 2003 1971 2046
698 2183 2160 2066 2091 2171 2113 2075 2137
699 2286 2267 2160 2183 2275 2214 2171 2232
700 2401 2379 2267 2286 2391 2319 2275 2341
701 848 814 759 799 833 783 772 825
702 912 873 814 848 890 839 833 883
703 972 925 873 912 955 902 890 947
704 1040 993 925 972 1015 963 955 1001
705 1102 1059 993 1040 1078 1033 1015 1067
706 1167 1132 1059 1102 1145 1095 1078 1135
707 1233 1196 1132 1167 1218 1161 1145 1203
708 1306 1266 1196 1233 1287 1229 1218 1270
709 1383 1343 1266 1306 1362 1304 1287 1344
710 1455 1422 1343 1383 1437 1385 1362 1417
711 1536 1497 1422 1455 1518 1457 1437 1493
712 1610 1577 1497 1536 1592 1544 1518 1566
713 1699 1663 1577 1610 1679 1619 1592 1655
714 1783 1755 1663 1699 1769 1712 1679 1746
715 1870 1843 1755 1783 1854 1799 1769 1823
716 1960 1935 1843 1870 1950 1894 1854 1918
717 2066 2043 1935 1960 2052 1981 1950 2003
718 2160 2143 2043 2066 2152 2093 2052 2113
719 2267 2244 2143 2160 2255 2191 2152 2214
720 2379 2358 2244 2267 2367 2294 2255 2319
721 814 776 729 759 800 754 744 783
722 873 838 776 814 852 811 800 839
723 925 899 838 873 914 870 852 902
724 993 961 899 925 980 922 914 963
725 1059 1032 961 993 1044 992 980 1033
726 1132 1097 1032 1059 1109 1061 1044 1095
727 1196 1165 1097 1132 1181 1134 1109 1161
728 1266 1235 1165 1196 1252 1201 1181 1229
729 1343 1313 1235 1266 1328 1276 1252 1304
730 1422 1392 1313 1343 1403 1354 1328 1385
731 1497 1472 1392 1422 1482 1431 1403 1457
732 1577 1559 1472 1497 1564 1514 1482 1544
733 1663 1637 1559 1577 1653 1594 1564 1619
734 1755 1737 1637 1663 1750 1685 1653 1712
735 1843 1820 1737 1755 1832 1778 1750 1799
736 1935 1920 1820 1843 1927 1871 1832 1894
737 2043 2014 1920 1935 2032 1963 1927 1981
738 2143 2128 2014 2043 2133 2073 2032 2093
739 2244 2230 2128 2143 2236 2176 2133 2191
740 2358 2342 2230 2244 2349 2285 2236 2294
741 776 758 703 729 767 733 717 754
742 838 813 758 776 828 781 767 811
743 899 875 813 838 887 840 828 870
744 961 934 875 899 952 906 887 922
745 1032 1000 934 961 1014 964 952 992
746 1097 1069 1000 1032 1080 1038 1014 1061
747 1165 1142 1069 1097 1149 1104 1080 1134
748 1235 1214 1142 1165 1223 1175 1149 1201
749 1313 1290 1214 1235 1299 1251 1223 1276
750 1392 1367 1290 1313 1382 1329 1299 1354
751 1472 1450 1367 1392 1460 1408 1382 1431
752 1559 1538 1450 1472 1548 1491 1460 1514
753 1637 1618 1538 1559 1626 1574 1548 1594
754 1737 1717 1618 1637 1726 1667 1626 1685
755 1820 1807 1717 1737 1813 1765 1726 1778
756 1920 1907 1807 1820 1915 1852 1813 1871
757 2014 2001 1907 1920 2007 1952 1915 1963
758 2128 2114 2001 2014 2119 2061 2007 2073
759 2230 2221 2114 2128 2226 2162 2119 2176
760 2342 2331 2221 2230 2338 2273 2226 2285
761 758 739 689 703 747 710 693 733
762 813 795 739 758 806 765 747 781
763 875 846 795 813 863 821 806 840
764 934 913 846 875 917 884 863 906
765 1000 982 913 934 987 951 917 964
766 1069 1048 982 1000 1057 1012 987 1038
767 1142 1122 1048 1069 1133 1081 1057 1104
768 1214 1192 1122 1142 1204 1154 1133 1175
769 1290 1268 1192 1214 1278 1226 1204 1251
770 1367 1352 1268 1290 1360 1309 1278 1329
771 1450 1433 1352 1367 1439 1391 1360 1408
772 1538 1520 1433 1450 1531 1474 1439 1491
773 1618 1603 1520 1538 1614 1563 1531 1574
774 1717 1704 1603 1618 1708 1649 1614 1667
775 1807 1795 1704 1717 1802 1752 1708 1765
776 1907 1897 1795 1807 1900 1841 1802 1852
777 2001 1991 1897 1907 1994 1943 1900 1952
778 2114 2104 1991 2001 2111 2050 1994 2061
779 2221 2209 2104 2114 2216 2156 2111 2162
780 2331 2322 2209 2221 2328 2268 2216 2273
781 739 723 673 689 732 696 680 710
782 795 771 723 739 782 748 732 765
783 846 835 771 795 842 808 782 821
784 913 893 835 846 907 868 842 884
785 982 962 893 913 968 920 907 951
786 1048 1036 962 982 1041 994 968 1012
787 1122 1103 1036 1048 1108 1066 1041 1081
788 1192 1177 1103 1122 1187 1141 1108 1154
789 1268 1253 1177 1192 1261 1215 1187 1226
790 1352 1337 1253 1268 1342 1292 1261 1309
791 1433 1420 1337 1352 1426 1377 1342 1391
792 1520 1503 1420 1433 1511 1464 1426 1474
793 1603 1591 1503 1520 1599 1554 1511 1563
794 1704 1689 1591 1603 1697 1636 1599 1649
795 1795 1786 1689 1704 1788 1745 1697 1752
796 1897 1887 1786 1795 1891 1831 1788 1841
797 1991 1978 1887 1897 1986 1931 1891 1943
798 2104 2096 1978 1991 2100 2045 1986 2050
799 2209 2204 2096 2104 2206 2150 2100 2156
800 2322 2313 2204 2209 2318 2260 2206 2268
801 723 709 662 673 718 687 670 696
802 771 764 709 723 768 737 718 748
803 835 822 764 771 830 796 768 808
804 893 886 822 835 889 847 830 868
805 962 953 886 893 956 915 889 920
806 1036 1018 953 962 1026 986 956 994
807 1103 1090 1018 1036 1098 1052 1026 1066
808 1177 1163 1090 1103 1171 1130 1098 1141
809 1253 1241 1163 1177 1247 1205 1171 1215
810 1337 1325 1241 1253 1330 1282 1247 1292
811 1420 1407 1325 1337 1414 1366 1330 1377
812 1503 1495 1407 1420 1499 1451 1414 1464
813 1591 1584 1495 1503 1588 1545 1499 1554
814 1689 1677 1584 1591 1682 1628 1588 1636
815 1786 1777 1677 1689 1781 1731 1682 1745
816 1887 1882 1777 1786 1883 1824 1781 1831
817 1978 1973 1882 1887 1975 1926 1883 1931
818 2096 2090 1973 1978 2094 2037 1975 2045
819 2204 2195 2090 2096 2199 2144 2094 2150
820 2313 2306 2195 2204 2311 2250 2199 2260
821 709 700 656 662 705 678 659 687
822 764 755 700 709 760 727 705 737
823 822 812 755 764 816 778 760 796
824 886 877 812 822 881 841 816 847
825 953 946 877 886 949 908 881 915
826 1018 1006 946 953 1011 973 949 986
827 1090 1075 1006 1018 1085 1042 1011 1052
828 1163 1152 1075 1090 1159 1118 1085 1130
829 1241 1231 1152 1163 1236 1193 1159 1205
830 1325 1317 1231 1241 1321 1273 1236 1282
831 1407 1396 1317 1325 1402 1358 1321 1366
832 1495 1484 1396 1407 1490 1442 1402 1451
833 1584 1575 1484 1495 1580 1537 1490 1545
834 1677 1669 1575 1584 1673 1624 1580 1628
835 1777 1770 1669 1677 1772 1725 1673 1731
836 1882 1872 1770 1777 1878 1819 1772 1824
837 1973 1968 1872 1882 1969 1922 1878 1926
838 2090 2083 1968 1973 2088 2031 1969 2037
839 2195 2190 2083 2090 2192 2138 2088 2144
840 2306 2300 2190 2195 2304 2246 2192 2250
841 613 653 646 606 631 648 625 611
842 619 660 653 613 639 657 631 616
843 624 668 660 619 643 664 639 622
844 630 676 668 624 650 671 643 626
845 640 683 676 630 658 679 650 637
846 645 691 683 640 669 688 658 642
847 656 700 691 645 678 694 669 652
848 653 711 704 646 682 708 675 648
849 660 720 711 653 690 716 682 657
850 668 725 720 660 692 722 690 664
851 676 734 725 668 698 728 692 671
852 683 738 734 676 707 735 698 679
853 691 745 738 683 719 742 707 688
854 700 755 745 691 727 749 719 694
855 711 777 770 704 746 774 740 708
856 720 784 777 711 752 780 746 716
857 725 791 784 720 757 787 752 722
858 734 797 791 725 763 793 757 728
859 738 801 797 734 766 798 763 735
860 745 807 801 738 769 805 766 742
861 755 812 807 745 778 809 769 749
862 777 854 850 770 818 853 815 774
863 784 858 854 777 823 855 818 780
864 791 860 858 784 827 859 823 787
865 797 862 860 791 829 861 827 793
866 801 865 862 797 832 864 829 798
867 807 869 865 801 834 866 832 805
868 812 877 869 807 841 871 834 809
869 854 943 938 850 895 941 891 853
870 858 940 943 854 898 942 895 855
871 860 935 940 858 897 939 898 859
872 862 930 935 860 894 933 897 861
873 865 927 930 862 896 928 894 864
874 869 931 927 865 901 929 896 866
875 877 946 931 869 908 936 901 871
876 943 1027 1029 938 985 1028 984 941
877 940 1021 1027 943 981 1025 985 942
878 935 1017 1021 940 976 1019 981 939
879 930 1010 1017 935 970 1013 976 933
880 927 1007 1010 930 967 1009 970 928
881 931 1003 1007 927 966 1005 967 929
882 946 1006 1003 931 973 1004 966 936
883 1027 1113 1125 1029 1070 1121 1071 1028
884 1021 1107 1113 1027 1064 1111 1070 1025
885 1017 1101 1107 1021 1055 1105 1064 1019
886 1010 1093 1101 1017 1049 1099 1055 1013
887 1007 1087 1093 1010 1047 1089 1049 1009
888 1003 1079 1087 1007 1043 1083 1047 1005
889 1006 1075 1079 1003 1042 1077 1043 1004
890 1113 1211 1221 1125 1162 1216 1169 1121
891 1107 1200 1211 1113 1150 1206 1162 1111
892 1101 1189 1200 1107 1143 1194 1150 1105
893 1093 1179 1189 1101 1136 1186 1143 1099
894 1087 1168 1179 1093 1131 1173 1136 1089
895 1079 1160 1168 1087 1126 1164 1131 1083
896 1075 1152 1160 1079 1118 1157 1126 1077
897 1211 1310 1327 1221 1257 1318 1271 1216
898 1200 1295 1310 1211 1245 1302 1257 1206
899 1189 1280 1295 1200 1232 1289 1245 1194
900 1179 1265 1280 1189 1222 1275 1232 1186
901 1168 1254 1265 1179 1212 1260 1222 1173
902 1160 1242 1254 1168 1202 1249 1212 1164
903 1152 1231 1242 1160 1193 1237 1202 1157
904 1310 1416 1436 1327 1364 1424 1381 1318
905 1295 1395 1416 1310 1350 1404 1364 1302
906 1280 1380 1395 1295 1331 1388 1350 1289
907 1265 1363 1380 1280 1316 1369 1331 1275
908 1254 1349 1363 1265 1298 1357 1316 1260
909 1242 1332 1349 1254 1286 1340 1298 1249
910 1231 1317 1332 1242 1273 1323 1286 1237
911 1416 1528 1553 1436 1468 1541 1489 1424
912 1395 1502 1528 1416 1447 1512 1468 1404
913 1380 1480 1502 1395 1429 1488 1447 1388
914 1363 1458 1480 1380 1412 1471 1429 1369
915 1349 1438 1458 1363 1393 1449 1412 1357
916 1332 1421 1438 1349 1374 1430 1393 1340
917 1317 1396 1421 1332 1358 1411 1374 1323
918 1528 1633 1668 1553 1576 1650 1604 1541
919 1502 1608 1633 1528 1560 1622 1576 1512
920 1480 1583 1608 1502 1534 1593 1560 1488
921 1458 1561 1583 1480 1508 1568 1534 1471
922 1438 1542 1561 1458 1483 1552 1508 1449
923 1421 1513 1542 1438 1467 1529 1483 1430
924 1396 1484 1513 1421 1442 1500 1467 1411
925 1633 1761 1794 1668 1702 1775 1736 1650
926 1608 1729 1761 1633 1666 1748 1702 1622
927 1583 1698 1729 1608 1634 1713 1666 1593
928 1561 1664 1698 1583 1612 1678 1634 1568
929 1542 1631 1664 1561 1587 1647 1612 1552
930 1513 1606 1631 1542 1562 1621 1587 1529
931 1484 1575 1606 1513 1537 1590 1562 1500
932 1761 1884 1924 1794 1817 1903 1855 1775
933 1729 1840 1884 1761 1785 1860 1817 1748
934 1698 1808 1840 1729 1753 1822 1785 1713
935 1664 1776 1808 1698 1722 1791 1753 1678
936 1631 1751 1776 1664 1691 1764 1722 1647
937 1606 1714 1751 1631 1657 1730 1691 1621
938 1575 1669 1714 1606 1624 1693 1657 1590
939 1884 2002 2062 1924 1945 2036 1985 1903
940 1840 1961 2002 1884 1905 1980 1945 1860
941 1808 1925 1961 1840 1864 1946 1905 1822
942 1776 1890 1925 1808 1827 1909 1864 1791
943 1751 1849 1890 1776 1797 1869 1827 1764
944 1714 1810 1849 1751 1766 1829 1797 1730
945 1669 1770 1810 1714 1725 1793 1766 1693
946 2002 2145 2198 2062 2077 2169 2132 2036
947 1961 2098 2145 2002 2033 2121 2077 1980
948 1925 2051 2098 1961 1977 2072 2033 1946
949 1890 2000 2051 1925 1947 2024 1977 1909
950 1849 1958 2000 1890 1908 1976 1947 1869
951 1810 1919 1958 1849 1862 1939 1908 1829
952 1770 1872 1919 1810 1819 1899 1862 1793
953 2145 2281 2344 2198 2212 2308 2271 2169
954 2098 2227 2281 2145 2159 2251 2212 2121
955 2051 2174 2227 2098 2116 2201 2159 2072
956 2000 2130 2174 2051 2067 2153 2116 2024
957 1958 2079 2130 2000 2012 2105 2067 1976
958 1919 2028 2079 1958 1965 2058 2012 1939
959 1872 1968 2028 1919 1922 1996 1965 1899
960 2281 2438 2506 2344 2353 2469 2426 2308
961 2227 2366 2438 2281 2290 2397 2353 2251
962 2174 2301 2366 2227 2238 2335 2290 2201
963 2130 2248 2301 2174 2185 2276 2238 2153
964 2079 2193 2248 2130 2136 2223 2185 2105
965 2028 2142 2193 2079 2085 2167 2136 2058
966 1968 2083 2142 2028 2031 2117 2085 1996
967 2438 2589 2662 2506 2513 2625 2580 2469
968 2366 2519 2589 2438 2445 2554 2513 2397
969 2301 2452 2519 2366 2374 2484 2445 2335
970 2248 2383 2452 2301 2312 2417 2374 2276
971 2193 2314 2383 2248 2254 2345 2312 2223
972 2142 2252 2314 2193 2194 2283 2254 2167
973 2083 2190 2252 2142 2138 2224 2194 2117
974 2589 2741 2817 2662 2667 2780 2739 2625
975 2519 2671 2741 2589 2594 2704 2667 2554
976 2452 2596 2671 2519 2526 2631 2594 2484
977 2383 2522 2596 2452 2456 2557 2526 2417
978 2314 2451 2522 2383 2381 2487 2456 2345
979 2252 2372 2451 2314 2310 2411 2381 2283
980 2190 2300 2372 2252 2246 2339 2310 2224
981 3013 2854 2662 2817 2939 2758 2739 2919
982 3171 3032 2854 3013 3107 2952 2939 3102
983 3287 3166 3032 3171 3228 3103 3107 3235
984 3392 3270 3166 3287 3338 3220 3228 3344
985 3475 3371 3270 3392 3426 3322 3338 3435
986 2854 2687 2506 2662 2775 2604 2580 2758
987 3032 2839 2687 2854 2943 2764 2775 2952
988 3166 2990 2839 3032 3086 2917 2943 3103
989 3270 3125 2990 3166 3200 3058 3086 3220
990 3371 3238 3125 3270 3310 3181 3200 3322
991 2687 2509 2344 2506 2601 2433 2426 2604
992 2839 2642 2509 2687 2743 2576 2601 2764
993 2990 2763 2642 2839 2879 2701 2743 2917
994 3125 2903 2763 2990 3019 2827 2879 3058
995 3238 3062 2903 3125 3161 2982 3019 3181
996 2509 2323 2198 2344 2415 2266 2271 2433
997 2642 2430 2323 2509 2538 2376 2415 2576
998 2763 2534 2430 2642 2653 2481 2538 2701
999 2903 2650 2534 2763 2776 2585 2653 2827
1000 3062 2798 2650 2903 2933 2716 2776 2982
1001 2323 2155 2062 2198 2235 2115 2132 2266
1002 2430 2228 2155 2323 2324 2189 2235 2376
1003 2534 2289 2228 2430 2410 2261 2324 2481
1004 2650 2384 2289 2534 2516 2333 2410 2585
1005 2798 2515 2384 2650 2659 2443 2516 2716
1006 2155 1987 1924 2062 2074 1957 1985 2115
1007 2228 2044 1987 2155 2134 2011 2074 2189
1008 2289 2082 2044 2228 2184 2065 2134 2261
1009 2384 2141 2082 2289 2256 2112 2184 2333
1010 2515 2229 2141 2384 2365 2180 2256 2443
1011 1987 1834 1794 1924 1914 1815 1855 1957
1012 2044 1856 1834 1987 1948 1846 1914 2011
1013 2082 1885 1856 2044 1972 1868 1948 2065
1014 2141 1917 1885 2082 2019 1898 1972 2112
1015 2229 1966 1917 2141 2103 1937 2019 2180
1016 1834 1681 1668 1794 1763 1675 1736 1815
1017 1856 1688 1681 1834 1771 1686 1763 1846
1018 1885 1692 1688 1856 1787 1690 1771 1868
1019 1917 1707 1692 1885 1806 1700 1787 1898
1020 1966 1741 1707 1917 1851 1719 1806 1937
1021 1681 1543 1553 1668 1607 1547 1604 1675
1022 1688 1530 1543 1681 1602 1535 1607 1686
1023 1692 1515 1530 1688 1598 1522 1602 1690
1024 1707 1504 1515 1692 1600 1506 1598 1700
1025 1741 1510 1504 1707 1617 1505 1600 1719
1026 1543 1397 1436 1553 1469 1418 1489 1547
1027 1530 1371 1397 1543 1446 1387 1469 1535
1028 1515 1351 1371 1530 1428 1359 1446 1522
1029 1504 1326 1351 1515 1415 1336 1428 1506
1030 1510 1303 1326 1504 1406 1314 1415 1505
1031 1397 1269 1327 1436 1338 1296 1381 1418
1032 1371 1225 1269 1397 1297 1246 1338 1387
1033 1351 1190 1225 1371 1264 1208 1297 1359
1034 1326 1151 1190 1351 1234 1172 1264 1336
1035 1303 1115 1151 1326 1207 1137 1234 1314
1036 1269 1146 1221 1327 1209 1183 1271 1296
1037 1225 1092 1146 1269 1158 1124 1209 1246
1038 1190 1046 1092 1225 1116 1068 1158 1208
1039 1151 995 1046 1190 1073 1022 1116 1172
1040 1115 948 995 1151 1034 969 1073 1137
1041 1146 1037 1125 1221 1091 1072 1169 1183
1042 1092 965 1037 1146 1035 998 1091 1124
1043 1046 911 965 1092 979 945 1035 1068
1044 995 851 911 1046 916 885 979 1022
1045 948 792 851 995 867 826 916 969
1046 1037 919 1029 1125 983 971 1071 1072
1047 965 849 919 1037 910 888 983 998
1048 911 790 849 965 845 820 910 945
1049 851 730 790 911 789 762 845 885
1050 792 663 730 851 724 695 789 826
1051 919 831 938 1029 879 880 984 971
1052 849 750 831 919 804 785 879 888
1053 790 684 750 849 736 715 804 820
1054 730 629 684 790 674 655 736 762
1055 663 590 629 730 620 610 674 695
1056 831 743 850 938 779 794 891 880
1057 750 661 743 831 702 697 779 785
1058 684 612 661 750 641 635 702 715
1059 629 570 612 684 600 593 641 655
1060 590 525 570 629 555 550 600 610
1061 743 666 770 850 699 714 815 794
1062 661 602 666 743 627 628 699 697
1063 612 559 602 661 586 580 627 635
1064 570 515 559 612 542 536 586 593
1065 525 469 515 570 495 493 542 550
1066 666 615 704 770 638 651 740 714
1067 602 560 615 666 581 587 638 628
1068 559 512 560 602 535 534 581 580
1069 515 463 512 559 488 485 535 536
1070 469 414 463 515 441 440 488 493
1071 615 577 646 704 596 608 675 651
1072 560 518 577 615 538 546 596 587
1073 512 465 518 560 486 491 538 534
1074 463 413 465 512 436 439 486 485
1075 414 366 413 463 387 388 436 440
1076 577 540 606 646 558 573 625 608
1077 518 478 540 577 500 509 558 546
1078 465 419 478 518 444 451 500 491
1079 413 367 419 465 390 395 444 439
1080 366 319 367 413 342 343 390 388
1081 540 547 613 606 543 579 611 573
1082 478 483 547 540 480 514 543 509
1083 419 427 483 478 423 457 480 451
1084 367 376 427 419 370 403 423 395
1085 319 326 376 367 321 351 370 343
1086 547 554 619 613 551 585 616 579
1087 483 494 554 547 489 523 551 514
1088 427 438 494 483 430 468 489 457
1089 376 384 438 427 381 411 430 403
1090 326 336 384 376 329 360 381 351
1091 554 564 624 619 556 594 622 585
1092 494 504 564 554 501 527 556 523
1093 438 452 504 494 445 474 501 468
1094 384 400 452 438 391 421 445 411
1095 336 349 400 384 346 373 391 360
1096 564 568 630 624 566 599 626 594
1097 504 513 568 564 508 541 566 527
1098 452 458 513 504 454 484 508 474
1099 400 409 458 452 404 432 454 421
1100 349 364 409 400 357 383 404 373
1101 568 578 640 630 575 604 637 599
1102 513 524 578 568 519 552 575 541
1103 458 471 524 513 467 499 519 484
1104 409 422 471 458 417 449 467 432
1105 364 379 422 409 369 402 417 383
1106 578 588 645 640 583 614 642 604
1107 524 531 588 578 526 562 583 552
1108 471 482 531 524 476 510 526 499
1109 422 437 482 471 428 460 476 449
1110 379 398 437 422 386 418 428 402
1111 588 597 656 645 592 623 652 614
1112 531 545 597 588 539 569 592 562
1113 482 502 545 531 492 521 539 510
1114 437 455 502 482 448 475 492 460
1115 398 415 455 437 405 433 448 418
1116 172 126 122 166 148 123 144 169
1117 181 139 126 172 156 132 148 176
1118 194 155 139 181 178 147 156 189
1119 217 182 155 194 200 170 178 208
1120 240 212 182 217 224 193 200 228
1121 268 241 212 240 257 226 224 253
1122 302 276 241 268 286 260 257 283
1123 334 311 276 302 322 294 286 316
1124 372 354 311 334 362 331 322 353
1125 415 398 354 372 405 374 362 397
1126 126 90 84 122 108 86 103 123
1127 139 102 90 126 117 97 108 132
1128 155 121 102 139 140 112 117 147
1129 182 149 121 155 165 136 140 170
1130 212 183 149 182 195 163 165 193
1131 241 218 183 212 229 201 195 226
1132 276 255 218 241 263 235 229 260
1133 311 292 255 276 305 272 263 294
1134 354 335 292 311 345 313 305 331
1135 398 379 335 354 386 356 345 374
1136 90 61 55 84 76 57 70 86
1137 102 75 61 90 87 68 76 97
1138 121 93 75 102 107 82 87 112
1139 149 118 93 121 135 105 107 136
1140 183 154 118 149 168 137 135 163
1141 218 192 154 183 207 174 168 201
1142 255 234 192 218 244 214 207 235
1143 292 275 234 255 284 254 244 272
1144 335 317 275 292 324 297 284 313
1145 379 364 317 335 369 340 324 356
1146 61 38 32 55 49 35 41 57
1147 75 51 38 61 63 45 49 68
1148 93 71 51 75 81 59 63 82
1149 118 99 71 93 109 83 81 105
1150 154 130 99 118 142 115 109 137
1151 192 173 130 154 184 151 142 174
1152 234 216 173 192 223 191 184 214
1153 275 258 216 234 264 236 223 254
1154 317 304 258 275 308 279 264 297
1155 364 349 304 317 357 323 308 340
1156 38 21 15 32 30 18 23 35
1157 51 34 21 38 40 27 30 45
1158 71 53 34 51 62 43 40 59
1159 99 78 53 71 88 65 62 83
1160 130 113 78 99 120 96 88 115
1161 173 152 113 130 160 133 120 151
1162 216 199 152 173 209 177 160 191
1163 258 243 199 216 250 220 209 236
1164 304 287 243 258 296 266 250 279
1165 349 336 287 304 346 312 296 323
1166 21 11 5 15 14 7 9 18
1167 34 22 11 21 28 16 14 27
1168 53 39 22 34 48 31 28 43
1169 78 66 39 53 74 52 48 65
1170 113 100 66 78 104 80 74 96
1171 152 138 100 113 145 116 104 133
1172 199 187 138 152 190 158 145 177
1173 243 231 187 199 237 210 190 220
1174 287 278 231 243 285 256 237 266
1175 336 326 278 287 329 303 285 312
1176 11 6 1 5 8 3 2 7
1177 22 17 6 11 19 10 8 16
1178 39 33 17 22 37 24 19 31
1179 66 56 33 39 60 46 37 52
1180 100 89 56 66 91 73 60 80
1181 138 128 89 100 134 106 91 116
1182 187 175 128 138 179 150 134 158
1183 231 222 175 187 227 198 179 210
1184 278 271 222 231 273 246 227 256
1185 326 319 271 278 321 293 273 303
1186 3975 3909 4094 4160 3942 4005 4128 4071
1187 3779 3716 3909 3975 3745 3811 3942 3877
1188 3579 3525 3716 3779 3550 3620 3745 3677
1189 3385 3332 3525 3579 3358 3432 3550 3482
1190 3114 3036 3332 3385 3074 3203 3358 3264
1191 2626 2548 3036 3114 2584 2803 3074 2888
1192 2108 2068 2548 2626 2084 2291 2584 2352
1193 1656 1639 2068 2108 1644 1847 2084 1876
1194 1262 1277 1639 1656 1267 1454 1644 1452
1195 921 958 1277 1262 950 1110 1267 1088
1196 667 701 958 921 685 824 950 786
1197 530 561 701 667 548 618 685 595
1198 425 456 561 530 443 507 548 479
1199 333 365 456 425 348 408 443 378
1200 249 281 365 333 265 320 348 288
1201 167 206 281 249 188 242 265 211
1202 92 125 206 167 110 164 188 129
1203 42 67 125 92 54 94 110 64
1204 12 26 67 42 20 44 54 25
1205 1 6 26 12 3 13 20 4
1206 3909 3846 4026 4094 3875 3937 4061 4005
1207 3716 3660 3846 3909 3685 3750 3875 3811
1208 3525 3476 3660 3716 3502 3569 3685 3620
1209 3332 3283 3476 3525 3303 3390 3502 3432
1210 3036 2967 3283 3332 2999 3151 3303 3203
1211 2548 2495 2967 3036 2521 2735 2999 2803
1212 2068 2048 2495 2548 2056 2259 2521 2291
1213 1639 1640 2048 2068 1638 1837 2056 1847
1214 1277 1293 1640 1639 1285 1466 1638 1454
1215 958 991 1293 1277 978 1140 1285 1110
1216 701 741 991 958 721 856 978 824
1217 561 584 741 701 572 644 721 618
1218 456 481 584 561 470 529 572 507
1219 365 393 481 456 377 435 470 408
1220 281 309 393 365 299 350 377 320
1221 206 238 309 281 221 274 299 242
1222 125 161 238 206 143 203 221 164
1223 67 95 161 125 79 124 143 94
1224 26 47 95 67 36 69 79 44
1225 6 17 47 26 10 29 36 13
1226 3846 3784 3959 4026 3814 3873 3995 3937
1227 3660 3606 3784 3846 3634 3695 3814 3750
1228 3476 3440 3606 3660 3459 3520 3634 3569
1229 3283 3239 3440 3476 3259 3349 3459 3390
1230 2967 2908 3239 3283 2934 3104 3259 3151
1231 2495 2462 2908 2967 2477 2688 2934 2735
1232 2048 2034 2462 2495 2040 2231 2477 2259
1233 1640 1652 2034 2048 1643 1835 2040 1837
1234 1293 1320 1652 1640 1305 1481 1643 1466
1235 991 1031 1320 1293 1008 1166 1305 1140
1236 741 773 1031 991 761 892 1008 856
1237 584 609 773 741 598 677 761 644
1238 481 511 609 584 497 557 598 529
1239 393 420 511 481 406 464 497 435
1240 309 341 420 393 325 380 406 350
1241 238 269 341 309 252 306 325 274
1242 161 196 269 238 180 233 252 203
1243 95 127 196 161 111 159 180 124
1244 47 72 127 95 58 98 111 69
1245 17 33 72 47 24 50 58 29
1246 3784 3724 3890 3959 3755 3807 3926 3873
1247 3606 3562 3724 3784 3587 3642 3755 3695
1248 3440 3403 3562 3606 3421 3480 3587 3520
1249 3239 3198 3403 3440 3217 3311 3421 3349
1250 2908 2863 3198 3239 2886 3057 3217 3104
1251 2462 2434 2863 2908 2446 2654 2886 2688
1252 2034 2021 2434 2462 2026 2222 2446 2231
1253 1652 1665 2021 2034 1658 1839 2026 1835
1254 1320 1348 1665 1652 1334 1501 1658 1481
1255 1031 1062 1348 1320 1045 1199 1334 1166
1256 773 817 1062 1031 802 932 1045 892
1257 609 634 817 773 621 713 802 677
1258 511 533 634 609 522 582 621 557
1259 420 450 533 511 431 490 522 464
1260 341 368 450 420 355 407 431 380
1261 269 301 368 341 282 330 355 306
1262 196 230 301 269 215 262 282 233
1263 127 162 230 196 146 197 215 159
1264 72 101 162 127 85 131 146 98
1265 33 56 101 72 46 77 85 50
1266 3724 3668 3821 3890 3697 3744 3855 3807
1267 3562 3516 3668 3724 3537 3592 3697 3642
1268 3403 3366 3516 3562 3384 3445 3537 3480
1269 3198 3162 3366 3403 3179 3269 3384 3311
1270 2863 2819 3162 3198 2837 3011 3179 3057
1271 2434 2406 2819 2863 2421 2619 2837 2654
1272 2021 2022 2406 2434 2020 2211 2421 2222
1273 1665 1680 2022 2021 1670 1848 2020 1839
1274 1348 1373 1680 1665 1361 1526 1670 1501
1275 1062 1100 1373 1348 1076 1227 1361 1199
1276 817 857 1100 1062 837 975 1076 932
1277 634 665 857 817 647 756 837 713
1278 533 563 665 634 549 603 647 582
1279 450 473 563 533 461 516 549 490
1280 368 399 473 450 382 434 461 407
1281 301 328 399 368 310 359 382 330
1282 230 261 328 301 248 295 310 262
1283 162 204 261 230 186 232 248 197
1284 101 141 204 162 119 171 186 131
1285 56 89 141 101 73 114 119 77
1286 3668 3608 3748 3821 3640 3680 3786 3744
1287 3516 3470 3608 3668 3497 3540 3640 3592
1288 3366 3325 3470 3516 3346 3404 3497 3445
1289 3162 3123 3325 3366 3142 3229 3346 3269
1290 2819 2782 3123 3162 2801 2964 3142 3011
1291 2406 2390 2782 2819 2398 2587 2801 2619
1292 2022 2030 2390 2406 2027 2205 2398 2211
1293 1680 1706 2030 2022 1694 1859 2027 1848
1294 1373 1401 1706 1680 1389 1551 1694 1526
1295 1100 1138 1401 1373 1119 1263 1389 1227
1296 857 904 1138 1100 882 1016 1119 975
1297 665 706 904 857 686 803 882 756
1298 563 589 706 665 574 636 686 603
1299 473 505 589 563 487 544 574 516
1300 399 426 505 473 412 466 487 434
1301 328 358 426 399 344 392 412 359
1302 261 298 358 328 280 327 344 295
1303 204 239 298 261 219 267 280 232
1304 141 185 239 204 157 213 219 171
1305 89 128 185 141 106 153 157 114
1306 3608 3554 3681 3748 3585 3618 3717 3680
1307 3470 3428 3554 3608 3453 3492 3585 3540
1308 3325 3276 3428 3470 3299 3360 3453 3404
1309 3123 3069 3276 3325 3095 3186 3299 3229
1310 2782 2732 3069 3123 2756 2909 3095 2964
1311 2390 2362 2732 2782 2378 2552 2756 2587
1312 2030 2025 2362 2390 2029 2188 2378 2205
1313 1706 1720 2025 2030 1711 1867 2029 1859
1314 1401 1434 1720 1706 1419 1565 1711 1551
1315 1138 1176 1434 1401 1156 1300 1419 1263
1316 904 954 1176 1138 918 1058 1156 1016
1317 706 753 954 904 731 844 918 803
1318 589 617 753 706 601 672 731 636
1319 505 532 617 589 520 576 601 544
1320 426 459 532 505 446 496 520 466
1321 358 394 459 426 375 424 446 392
1322 298 332 394 358 315 361 375 327
1323 239 277 332 298 259 307 315 267
1324 185 225 277 239 205 251 259 213
1325 128 175 225 185 150 202 205 153
1326 3554 3500 3610 3681 3528 3555 3648 3618
1327 3428 3378 3500 3554 3406 3441 3528 3492
1328 3276 3223 3378 3428 3252 3305 3406 3360
1329 3069 3001 3223 3276 3038 3132 3252 3186
1330 2732 2680 3001 3069 2710 2843 3038 2909
1331 2362 2332 2680 2732 2346 2510 2710 2552
1332 2025 2013 2332 2362 2018 2172 2346 2188
1333 1720 1734 2013 2025 1728 1873 2018 1867
1334 1434 1462 1734 1720 1445 1589 1728 1565
1335 1176 1220 1462 1434 1195 1339 1445 1300
1336 954 999 1220 1176 974 1106 1195 1058
1337 753 810 999 954 775 900 974 844
1338 617 654 810 753 633 726 775 672
1339 532 567 654 617 553 605 633 576
1340 459 498 567 532 477 528 553 496
1341 394 429 498 459 410 462 477 424
1342 332 371 429 394 352 401 410 361
1343 277 318 371 332 300 347 352 307
1344 225 270 318 277 247 291 300 251
1345 175 222 270 225 198 245 247 202
1346 3500 3438 3544 3610 3465 3490 3578 3555
1347 3378 3317 3438 3500 3350 3382 3465 3441
1348 3223 3158 3317 3378 3190 3242 3350 3305
1349 3001 2914 3158 3223 2962 3050 3190 3132
1350 2680 2610 2914 3001 2647 2760 2962 2843
1351 2332 2287 2610 2680 2309 2450 2647 2510
1352 2013 1997 2287 2332 2006 2147 2309 2172
1353 1734 1743 1997 2013 1740 1865 2006 1873
1354 1462 1485 1743 1734 1475 1605 1740 1589
1355 1220 1259 1485 1462 1238 1370 1475 1339
1356 999 1054 1259 1220 1030 1153 1238 1106
1357 810 872 1054 999 836 957 1030 900
1358 654 712 872 810 681 788 836 726
1359 567 607 712 654 591 649 681 605
1360 498 537 607 567 517 571 591 528
1361 429 472 537 498 453 506 517 462
1362 371 416 472 429 396 447 453 401
1363 318 363 416 371 339 389 396 347
1364 270 314 363 318 289 337 339 291
1365 222 271 314 270 246 290 289 245
1366 3438 3371 3475 3544 3410 3426 3510 3490
1367 3317 3238 3371 3438 3277 3310 3410 3382
1368 3158 3062 3238 3317 3116 3161 3277 3242
1369 2914 2798 3062 3158 2858 2933 3116 3050
1370 2610 2515 2798 2914 2562 2659 2858 2760
1371 2287 2229 2515 2610 2265 2365 2562 2450
1372 1997 1966 2229 2287 1984 2103 2265 2147
1373 1743 1741 1966 1997 1744 1851 1984 1865
1374 1485 1510 1741 1743 1498 1617 1744 1605
1375 1259 1303 1510 1485 1281 1406 1498 1370
1376 1054 1115 1303 1259 1084 1207 1281 1153
1377 872 948 1115 1054 909 1034 1084 957
1378 712 792 948 872 751 867 909 788
1379 607 663 792 712 632 724 751 649
1380 537 590 663 607 565 620 632 571
1381 472 525 590 537 503 555 565 506
1382 416 469 525 472 442 495 503 447
1383 363 414 469 416 385 441 442 389
1384 314 366 414 363 338 387 385 337
1385 271 319 366 314 293 342 338 290
