19.952 19.911 0.0155067 
20.2864 19.577 0.0140847 
20.7238 19.1413 0.0114815 
21.0599 18.8073 0.00835995 
19.4378 19.911 0.0230132 
19.7733 19.577 0.0229478 
20.2164 19.1413 0.021564 
20.5602 18.8073 0.0192149 
18.7667 19.911 0.0446067 
19.1026 19.577 0.0437276 
19.5518 19.1413 0.0405763 
19.9044 18.8073 0.0362176 
18.252 19.911 0.060653 
18.5875 19.577 0.0603253 
19.0403 19.1413 0.0557725 
19.399 18.8073 0.0491501 
18.0093 19.911 0.0211086 
18.3439 19.577 0.0271988 
18.7977 19.1413 0.0365652 
19.1588 18.8073 0.0451534 
17.6128 19.911 0.0123502 
17.945 19.577 0.017637 
18.3992 19.1413 0.0260346 
18.7633 18.8073 0.0325118 
17.0954 19.911 0.00471422 
17.4238 19.577 0.00761007 
17.8777 19.1413 0.0122734 
18.2451 18.8073 0.0162112 
16.6987 19.911 0.00117473 
17.0237 19.577 0.000754583 
17.4767 19.1413 0.00209545 
17.8461 18.8073 0.00388513 
16.5115 19.911 0.000960982 
16.8342 19.577 0.0011114 
17.2859 19.1413 0.00140341 
17.6556 18.8073 0.0013033 
16.2058 19.911 0.000665522 
16.5234 19.577 0.000944915 
16.9712 19.1413 0.00102497 
17.3399 18.8073 0.000845172 
15.8067 19.911 0.00085719 
16.1173 19.577 0.00105788 
16.5594 19.1413 0.00108928 
16.9264 18.8073 0.000867543 
15.5007 19.911 0.00128465 
15.8056 19.577 0.00142377 
16.2428 19.1413 0.00154702 
16.6082 18.8073 0.00135173 
15.3562 19.911 0.00111609 
15.6575 19.577 0.00109402 
16.0912 19.1413 0.000702415 
16.4547 18.8073 0.000331253 
15.12 19.911 0.00115552 
15.4134 19.577 0.00118746 
15.8386 19.1413 0.000838315 
16.1968 18.8073 0.000449475 
14.8116 19.911 0.0011878 
15.0945 19.577 0.00127468 
15.508 19.1413 0.000983239 
15.8591 18.8073 0.000602285 
14.5752 19.911 0.00121649 
14.8497 19.577 0.00131564 
15.254 19.1413 0.00107013 
15.5992 18.8073 0.00070682 
14.4635 19.911 0.00139193 
14.7325 19.577 0.00132303 
15.1304 19.1413 0.00104108 
15.4713 18.8073 0.000780716 
14.2803 19.911 0.00140966 
14.5377 19.577 0.00137426 
14.9211 19.1413 0.00112655 
15.2514 18.8073 0.000877134 
14.0412 19.911 0.00144029 
14.2831 19.577 0.00144451 
14.6472 19.1413 0.00123841 
14.9633 18.8073 0.00100224 
13.858 19.911 0.00146748 
14.0877 19.577 0.00150087 
14.4367 19.1413 0.00132759 
14.7418 18.8073 0.00109746 
13.771 19.911 0.00136844 
13.993 19.577 0.00140681 
14.3317 19.1413 0.00123971 
14.6291 18.8073 0.00101208 
13.6281 19.911 0.00128894 
13.833 19.577 0.0013519 
14.1489 19.1413 0.00122037 
14.4283 18.8073 0.00101374 
13.4416 19.911 0.00118514 
13.6242 19.577 0.00128043 
13.9103 19.1413 0.00119568 
14.1664 18.8073 0.00101689 
13.2987 19.911 0.00110603 
13.4642 19.577 0.00122606 
13.7275 19.1413 0.0011774 
13.9656 18.8073 0.00102025 
13.2306 19.911 0.0011882 
13.3852 19.577 0.00121574 
13.6333 19.1413 0.00111089 
13.8591 18.8073 0.000950775 
13.1182 19.911 0.00115889 
13.2494 19.577 0.00118671 
13.4641 19.1413 0.00108715 
13.6621 18.8073 0.000931845 
12.9719 19.911 0.00111547 
13.0738 19.577 0.0011469 
13.2467 19.1413 0.00105862 
13.4097 18.8073 0.000912245 
12.86 19.911 0.00107683 
12.9406 19.577 0.0011148 
13.0826 19.1413 0.00103847 
13.2199 18.8073 0.0009012 
12.8068 19.911 0.00102391 
12.8745 19.577 0.00109495 
12.9966 19.1413 0.00106591 
13.116 18.8073 0.000929739 
12.7194 19.911 0.00104359 
12.7627 19.577 0.00108352 
12.8434 19.1413 0.00104263 
12.9239 18.8073 0.000911688 
12.6071 19.911 0.00105992 
12.6249 19.577 0.00105658 
12.66 19.1413 0.00100518 
12.6961 18.8073 0.000889207 
12.5224 19.911 0.00106318 
12.5256 19.577 0.00102495 
12.5322 19.1413 0.000969521 
12.5392 18.8073 0.000872934 
21.2673 18.6016 0.00994523 
21.7095 18.1632 0.00744449 
22.2878 17.5913 0.00422081 
22.7319 17.153 0.00184034 
20.7734 18.6016 0.017658 
21.2302 18.1632 0.0146953 
21.8322 17.5913 0.0113166 
22.2984 17.153 0.00899467 
20.125 18.6016 0.0335655 
20.6007 18.1632 0.0293528 
21.2338 17.5913 0.0240388 
21.7286 17.153 0.0199893 
19.6249 18.6016 0.0461964 
20.1152 18.1632 0.0408194 
20.7721 17.5913 0.0339099 
21.2888 17.153 0.0285522 
19.3869 18.6016 0.0496793 
19.8832 18.1632 0.056523 
20.5503 17.5913 0.0666785 
21.0766 17.153 0.0751635 
18.9944 18.6016 0.0374776 
19.4986 18.1632 0.0461354 
20.1801 17.5913 0.0588959 
20.7206 17.153 0.0690711 
18.4797 18.6016 0.0217142 
18.9943 18.1632 0.0322216 
19.6946 17.5913 0.0483681 
20.2536 17.153 0.0617388 
18.0833 18.6016 0.00858233 
18.6058 18.1632 0.0210968 
19.3206 17.5913 0.039856 
19.8937 17.153 0.0555915 
17.8935 18.6016 0.00252052 
18.4186 18.1632 0.00767537 
19.1386 17.5913 0.0179945 
19.7172 17.153 0.0315069 
17.578 18.6016 0.00130509 
18.1049 18.1632 0.00456131 
18.8302 17.5913 0.0122592 
19.4151 17.153 0.0227757 
17.1646 18.6016 0.00116543 
17.6938 18.1632 0.00161307 
18.426 17.5913 0.00520254 
19.0192 17.153 0.0114139 
16.8464 18.6016 0.00146619 
17.3773 18.1632 1.5741e-05 
18.1147 17.5913 0.00062472 
18.7143 17.153 0.00329167 
16.6921 18.6016 0.000780682 
17.2221 18.1632 0.000325151 
17.9598 17.5913 0.000355164 
18.5605 17.153 0.000868851 
16.4315 18.6016 0.000641598 
16.9566 18.1632 0.000244876 
17.6896 17.5913 0.000349701 
18.2883 17.153 0.000946901 
16.0901 18.6016 0.000565027 
16.6086 18.1632 0.000236784 
17.3356 17.5913 0.000444228 
17.9317 17.153 0.00116178 
15.8273 18.6016 0.00061939 
16.3408 18.1632 0.000298895 
17.0632 17.5913 0.000593476 
17.6572 17.153 0.00143703 
15.6969 18.6016 0.00069949 
16.2055 18.1632 0.000343474 
16.9223 17.5913 0.000143431 
17.5125 17.153 0.000196972 
15.4706 18.6016 0.000799382 
15.9659 18.1632 0.000435206 
16.6661 17.5913 0.000202787 
17.2442 17.153 0.000230984 
15.1742 18.6016 0.000928967 
15.6521 18.1632 0.000556307 
16.3307 17.5913 0.000306851 
16.8931 17.153 0.000312374 
14.9461 18.6016 0.00102496 
15.4107 18.1632 0.000648328 
16.0728 17.5913 0.000388276 
16.623 17.153 0.000381515 
14.8287 18.6016 0.000989055 
15.2833 18.1632 0.000756671 
15.9324 17.5913 0.000483816 
16.4727 17.153 0.000332431 
14.6167 18.6016 0.00100584 
15.047 18.1632 0.000802665 
15.6639 17.5913 0.000557833 
16.179 17.153 0.00041869 
14.3401 18.6016 0.00100052 
14.7388 18.1632 0.000843038 
15.3136 17.5913 0.000644606 
15.7958 17.153 0.000522916 
14.1281 18.6016 0.000975887 
14.5026 18.1632 0.000858642 
15.0451 17.5913 0.000701624 
15.5022 17.153 0.00059613 
14.0139 18.6016 0.000906692 
14.3715 18.1632 0.000825203 
14.891 17.5913 0.0006781 
15.3297 17.153 0.000538723 
13.7991 18.6016 0.000888666 
14.1179 18.1632 0.000839484 
14.5833 17.5913 0.000722432 
14.978 17.153 0.000597369 
13.524 18.6016 0.000858595 
13.7919 18.1632 0.000855927 
14.1869 17.5913 0.00078255 
14.5244 17.153 0.000677622 
13.3169 18.6016 0.000830533 
13.546 18.1632 0.000867766 
13.887 17.5913 0.000831013 
14.1806 17.153 0.000743988 
13.2016 18.6016 0.000849533 
13.4051 18.1632 0.000877128 
13.7089 17.5913 0.000805503 
13.9712 17.153 0.000670705 
12.9839 18.6016 0.000848302 
13.1303 18.1632 0.000888963 
13.349 17.5913 0.000821566 
13.5377 17.153 0.000684084 
12.7248 18.6016 0.000845059 
12.7968 18.1632 0.000912975 
12.9044 17.5913 0.000859265 
12.9973 17.153 0.000723002 
12.5451 18.6016 0.000846531 
12.5602 18.1632 0.000944516 
12.5829 17.5913 0.000907205 
12.6024 17.153 0.000774768 
22.9837 16.9048 0.00101457 
23.4842 16.4117 0.00144837 
24.1379 15.7683 0.00237284 
24.6393 15.2752 0.0037682 
22.5638 16.9048 0.00780531 
23.0924 16.4117 0.00589046 
23.785 15.7683 0.00433383 
24.3181 15.2752 0.00223941 
22.0121 16.9048 0.0172304 
22.5783 16.4117 0.0126745 
23.323 15.7683 0.00661919 
23.8983 15.2752 0.00166346 
21.5863 16.9048 0.024877 
22.182 16.4117 0.0184535 
22.9676 15.7683 0.00967953 
23.5761 15.2752 0.00292789 
21.3802 16.9048 0.0764298 
21.9889 16.4117 0.0727141 
22.7926 15.7683 0.0554216 
23.4157 15.2752 0.0320535 
21.0332 16.9048 0.0716294 
21.6609 16.4117 0.0732409 
22.4911 15.7683 0.0642025 
23.1361 15.2752 0.0474309 
20.5782 16.9048 0.0662172 
21.2311 16.4117 0.0749421 
22.0968 15.7683 0.0765571 
22.7709 15.2752 0.0691897 
20.2275 16.9048 0.0624114 
20.9003 16.4117 0.0768208 
21.7938 15.7683 0.0869252 
22.4908 15.2752 0.0868709 
20.0547 16.9048 0.0384885 
20.7353 16.4117 0.0550991 
21.6399 15.7683 0.0829277 
22.346 15.2752 0.109321 
19.757 16.9048 0.0289276 
20.447 16.4117 0.0441878 
21.3653 15.7683 0.0702876 
22.0831 15.2752 0.0953918 
19.3669 16.9048 0.0162115 
20.0696 16.4117 0.029536 
21.0064 15.7683 0.0531267 
21.7398 15.2752 0.0763311 
19.0666 16.9048 0.00650591 
19.7794 16.4117 0.0180291 
20.7308 15.7683 0.0394857 
21.4765 15.2752 0.0610732 
18.9139 16.9048 0.00186517 
19.6291 16.4117 0.00832558 
20.5843 15.7683 0.0216248 
21.3334 15.2752 0.0352491 
18.641 16.9048 0.00126697 
19.3552 16.4117 0.00554816 
20.3102 15.7683 0.0154127 
21.0598 15.2752 0.0263573 
18.2835 16.9048 0.00086175 
18.9969 16.4117 0.00209575 
19.952 15.7683 0.00724648 
20.7026 15.2752 0.0145697 
18.0085 16.9048 0.000815612 
18.7215 16.4117 0.000151123 
19.677 15.7683 0.00164508 
20.4287 15.2752 0.00575853 
17.8619 16.9048 0.000116834 
18.5714 16.4117 0.000631037 
19.5225 15.7683 0.0014352 
20.2711 15.2752 0.00214253 
17.587 16.9048 0.000125052 
18.2833 16.4117 0.000406871 
19.2177 15.7683 0.000960269 
19.9537 15.2752 0.00149209 
17.2272 16.9048 0.000170451 
17.9066 16.4117 0.000181223 
18.8196 15.7683 0.00041139 
19.5395 15.2752 0.000720375 
16.9506 16.9048 0.000259237 
17.6173 16.4117 0.000126049 
18.514 15.7683 5.77078e-05 
19.2219 15.2752 0.000193306 
16.7946 16.9048 0.000197378 
17.4504 16.4117 4.80524e-05 
18.3327 15.7683 0 
19.0295 15.2752 4.734e-05 
16.4865 16.9048 0.000309577 
17.1133 16.4117 0.000108444 
17.9577 15.7683 1.02198e-05 
18.6252 15.2752 2.92766e-05 
16.0845 16.9048 0.000433708 
16.6737 16.4117 0.000173009 
17.4685 15.7683 1.49767e-05 
18.0977 15.2752 0 
15.7764 16.9048 0.000510561 
16.3367 16.4117 0.000207303 
17.0935 15.7683 1.14782e-05 
17.6934 15.2752 0 
15.5933 16.9048 0.000470139 
16.1323 16.4117 0.000209474 
16.861 15.7683 3.54807e-05 
17.4389 15.2752 0 
15.2161 16.9048 0.000564118 
15.704 16.4117 0.00026299 
16.3642 15.7683 5.45756e-05 
16.8885 15.2752 0 
14.7288 16.9048 0.000621133 
15.1486 16.4117 0.000287117 
15.718 15.7683 5.85426e-05 
16.1712 15.2752 0 
14.359 16.9048 0.000617343 
14.7257 16.4117 0.00027537 
15.2243 15.7683 4.72896e-05 
15.6219 15.2752 0 
14.1313 16.9048 0.000599024 
14.4611 16.4117 0.000404332 
14.9098 15.7683 0.000161754 
15.2679 15.2752 0 
13.6542 16.9048 0.000651259 
13.8969 16.4117 0.000420125 
14.2267 15.7683 0.000150152 
14.4896 15.2752 0 
13.0555 16.9048 0.000636244 
13.1784 16.4117 0.000394652 
13.3451 15.7683 0.000127594 
13.4779 15.2752 0 
12.6148 16.9048 0.000572269 
12.6412 16.4117 0.000352665 
12.6769 15.7683 0.00011579 
12.7054 15.2752 0 
24.8988 15.0201 0.00291956 
25.3708 14.556 0.00191505 
25.9863 13.9504 0.00183083 
26.4577 13.4863 0.00322528 
24.5944 15.0201 0.00293921 
25.0964 14.556 0.00181382 
25.7496 13.9504 0.00131804 
26.2489 13.4863 0.00237477 
24.1971 15.0201 0.00242683 
24.7393 14.556 0.00138534 
25.4431 13.9504 0.000584713 
25.9797 13.4863 0.00116837 
23.8926 15.0201 0.00201179 
24.4663 14.556 0.000977341 
25.2099 13.9504 6.3645e-05 
25.7759 13.4863 0.000211817 
23.7401 15.0201 0.0236412 
24.3278 14.556 0.00987867 
25.0889 13.9504 0.000874971 
25.6678 13.4863 0.00427819 
23.4722 15.0201 0.0409529 
24.0807 14.556 0.0269423 
24.8677 13.9504 0.0167199 
25.4657 13.4863 0.0186644 
23.1226 15.0201 0.0636647 
23.7589 14.556 0.0492511 
24.5806 13.9504 0.037713 
25.204 13.4863 0.0378698 
22.8547 15.0201 0.0811835 
23.5127 14.556 0.0663668 
24.3616 13.9504 0.053855 
25.0049 13.4863 0.05298 
22.7149 15.0201 0.122427 
23.3817 14.556 0.144088 
24.2415 13.9504 0.161087 
24.8927 13.4863 0.163126 
22.4583 15.0201 0.10669 
23.1362 14.556 0.130923 
24.0096 13.9504 0.151899 
24.6706 13.4863 0.157187 
22.1235 15.0201 0.08622 
22.8163 14.556 0.113511 
23.7081 13.9504 0.139601 
24.3822 13.4863 0.149268 
21.8668 15.0201 0.0704669 
22.5714 14.556 0.0999101 
23.4777 13.9504 0.129875 
24.1623 13.4863 0.143151 
21.7256 15.0201 0.0421167 
22.4336 14.556 0.0719539 
23.3438 13.9504 0.111905 
24.0311 13.4863 0.140759 
21.4525 15.0201 0.0333921 
22.161 14.556 0.0592955 
23.0713 13.9504 0.0942884 
23.7584 13.4863 0.119833 
21.0961 15.0201 0.0212208 
21.8056 14.556 0.0419036 
22.7167 13.9504 0.0703942 
23.4037 13.4863 0.0915702 
20.8229 15.0201 0.0113578 
21.5336 14.556 0.027973 
22.4456 13.9504 0.0514683 
23.1328 13.4863 0.0692548 
20.6638 15.0201 0.00312387 
21.3717 14.556 0.00544518 
22.2798 13.9504 0.00845957 
22.9639 13.4863 0.0104487 
20.34 15.0201 0.00227031 
21.0361 14.556 0.00387534 
21.9286 13.9504 0.00592953 
22.6006 13.4863 0.00728063 
19.9176 15.0201 0.00114427 
20.5986 14.556 0.00188176 
21.4711 13.9504 0.00275116 
22.1275 13.4863 0.00327087 
19.5937 15.0201 0.000308071 
20.2634 14.556 0.000480803 
21.1209 13.9504 0.000571626 
21.7657 13.4863 0.000511865 
19.3957 15.0201 7.16352e-05 
20.055 14.556 0.000205729 
20.899 13.9504 0.000205887 
21.5333 13.4863 7.16659e-05 
18.9761 15.0201 3.30345e-06 
19.6078 14.556 0.000128262 
20.4159 13.9504 0.000119848 
21.0229 13.4863 0 
18.4287 15.0201 0 
19.0243 14.556 7.4711e-05 
19.7856 13.9504 5.82381e-05 
20.3569 13.4863 0 
18.0092 15.0201 0 
18.5772 14.556 6.71986e-05 
19.3025 13.9504 4.54434e-05 
19.8464 13.4863 0 
17.7433 15.0201 0 
18.2905 14.556 1.20098e-05 
18.9892 13.9504 5.04063e-06 
19.5128 13.4863 0 
17.1648 15.0201 0 
17.6615 14.556 0 
18.2951 13.9504 0 
18.7696 13.4863 0 
16.4102 15.0201 0 
16.8396 14.556 0 
17.3867 13.9504 0 
17.7959 13.4863 0 
15.8319 15.0201 0 
16.2088 14.556 0 
16.6883 13.9504 0 
17.0465 13.4863 0 
15.4571 15.0201 0 
15.7966 14.556 0 
16.2285 13.9504 0 
16.5509 13.4863 0 
14.6286 15.0201 0 
14.8784 14.556 0 
15.1963 13.9504 0 
15.4337 13.4863 0 
13.5482 15.0201 0 
13.6747 14.556 0 
13.8357 13.9504 0 
13.9561 13.4863 0 
12.7205 15.0201 0 
12.7476 14.556 0 
12.7822 13.9504 0 
12.8081 13.4863 0 
26.6837 13.2637 0.00432259 
27.0604 12.8924 0.00538969 
27.5512 12.408 0.0113004 
27.9267 12.0367 0.0208341 
26.4879 13.2637 0.00367238 
26.8851 12.8924 0.00509213 
27.3997 12.408 0.0115108 
27.7914 12.0367 0.0211305 
26.2361 13.2637 0.00230501 
26.6603 12.8924 0.00398265 
27.2064 12.408 0.0109574 
27.6193 12.0367 0.0207197 
26.0459 13.2637 0.000898575 
26.4909 12.8924 0.00256689 
27.0614 12.408 0.00983984 
27.491 12.0367 0.0202541 
25.9438 13.2637 0.00456756 
26.398 12.8924 0.000789589 
26.9792 12.408 0.00833252 
27.4158 12.0367 0.0249089 
25.7504 13.2637 0.0144785 
26.2183 12.8924 0.0097225 
26.8148 12.408 0.0142849 
27.2613 12.0367 0.0287921 
25.5004 13.2637 0.0274909 
25.9862 12.8924 0.0200438 
26.6029 12.408 0.0211726 
27.0627 12.0367 0.0323287 
25.3105 13.2637 0.037354 
25.8101 12.8924 0.0277089 
26.4426 12.408 0.0260057 
26.9126 12.0367 0.0345506 
25.202 13.2637 0.143917 
25.707 12.8924 0.139889 
26.3455 12.408 0.148969 
26.8193 12.0367 0.167319 
24.9843 13.2637 0.141182 
25.4959 12.8924 0.147913 
26.1413 12.408 0.170984 
26.6189 12.0367 0.20037 
24.7019 13.2637 0.14039 
25.2223 12.8924 0.161298 
25.8767 12.408 0.203069 
26.3595 12.0367 0.247826 
24.4867 13.2637 0.141836 
25.0139 12.8924 0.173737 
25.6754 12.408 0.23013 
26.1623 12.0367 0.287569 
24.3567 13.2637 0.151043 
24.8854 12.8924 0.183283 
25.5481 12.408 0.21222 
26.0354 12.0367 0.22662 
24.0837 13.2637 0.132492 
24.6114 12.8924 0.157631 
25.2717 12.408 0.177849 
25.7563 12.0367 0.185517 
23.7288 13.2637 0.10504 
24.2553 12.8924 0.120846 
24.9127 12.408 0.129538 
25.3937 12.0367 0.128122 
23.4578 13.2637 0.0810595 
23.9835 12.8924 0.0901066 
24.6386 12.408 0.0900015 
25.1172 12.0367 0.0811283 
23.2872 13.2637 0.0133793 
23.8101 12.8924 0.0130872 
24.4611 12.408 0.0135098 
24.9361 12.0367 0.0144488 
22.9181 13.2637 0.0095142 
23.431 12.8924 0.00920377 
24.0685 12.408 0.00945657 
24.5328 12.0367 0.0101344 
22.4375 13.2637 0.00434485 
22.9375 12.8924 0.0040106 
23.5575 12.408 0.00401382 
24.008 12.0367 0.00431601 
22.0699 13.2637 0.000570552 
22.5601 12.8924 0.00019499 
23.1668 12.408 0 
23.6068 12.0367 0 
21.8326 13.2637 4.47245e-05 
22.3144 12.8924 0.00010893 
22.9102 12.408 6.60701e-05 
23.3417 12.0367 0 
21.3091 13.2637 0 
21.7693 12.8924 4.70532e-06 
22.3372 12.408 0 
22.7477 12.0367 0 
20.626 13.2637 0 
21.058 12.8924 0 
21.5897 12.408 0 
21.9727 12.0367 0 
20.1025 13.2637 0 
20.5128 12.8924 0 
21.0167 12.408 0 
21.3787 12.0367 0 
19.7592 13.2637 0 
20.1537 12.8924 0 
20.6373 12.408 0 
20.9843 12.0367 0 
18.9926 13.2637 0 
19.3488 12.8924 0 
19.7844 12.408 0 
20.096 12.0367 0 
17.9879 13.2637 0 
18.2937 12.8924 0 
18.6661 12.408 0 
18.9312 12.0367 0 
17.2144 13.2637 0 
17.4814 12.8924 0 
17.805 12.408 0 
18.0341 12.0367 0 
16.7018 13.2637 0 
16.9411 12.8924 0 
17.2309 12.408 0 
17.4357 12.0367 0 
15.5442 13.2637 0 
15.718 12.8924 0 
15.9286 12.408 0 
16.0775 12.0367 0 
14.0117 13.2637 0 
14.0982 12.8924 0 
14.2032 12.408 0 
14.2775 12.0367 0 
12.82 13.2637 0 
12.8384 12.8924 0 
12.8607 12.408 0 
12.8765 12.0367 0 
28.0963 11.8689 0.00932602 
28.3571 11.6106 0.0314355 
28.6969 11.2736 0.0673039 
28.9569 11.0154 0.101474 
27.9677 11.8689 0.0105602 
28.2379 11.6106 0.0307932 
28.5879 11.2736 0.0625718 
28.8541 11.0154 0.0913502 
27.8044 11.8689 0.0102351 
28.0866 11.6106 0.0262573 
28.4494 11.2736 0.0524437 
28.7235 11.0154 0.0759534 
27.6827 11.8689 0.00769619 
27.9738 11.6106 0.01922 
28.3462 11.2736 0.0409009 
28.626 11.0154 0.0623599 
27.6103 11.8689 0.0108822 
27.9053 11.6106 0.0193496 
28.2816 11.2736 0.0559318 
28.5636 11.0154 0.105608 
27.4599 11.8689 0.0165523 
27.7602 11.6106 0.0483519 
28.1418 11.2736 0.114938 
28.4264 11.0154 0.185205 
27.2665 11.8689 0.0301074 
27.5735 11.6106 0.0918635 
27.9616 11.2736 0.198801 
28.2496 11.0154 0.299892 
27.1203 11.8689 0.0472645 
27.4324 11.6106 0.1294 
27.8254 11.2736 0.268339 
28.1158 11.0154 0.39662 
27.0285 11.8689 0.196528 
27.3423 11.6106 0.277201 
27.7367 11.2736 0.359384 
28.0276 11.0154 0.405301 
26.8295 11.8689 0.244505 
27.1448 11.6106 0.297968 
27.54 11.2736 0.346733 
27.8304 11.0154 0.369286 
26.5719 11.8689 0.297005 
26.8891 11.6106 0.314841 
27.2849 11.2736 0.319528 
27.5746 11.0154 0.309169 
26.3761 11.8689 0.329844 
26.6945 11.6106 0.320705 
27.0907 11.2736 0.291371 
27.3797 11.0154 0.255077 
26.2492 11.8689 0.243064 
26.5673 11.6106 0.219009 
26.9624 11.2736 0.194551 
27.2502 11.0154 0.179522 
25.9686 11.8689 0.195358 
26.284 11.6106 0.172404 
26.675 11.2736 0.147866 
26.9588 11.0154 0.13175 
25.6042 11.8689 0.13063 
25.9161 11.6106 0.109301 
26.3013 11.2736 0.0853199 
26.5799 11.0154 0.0683206 
25.3261 11.8689 0.0791114 
25.6352 11.6106 0.0592503 
26.016 11.2736 0.0359932 
26.2905 11.0154 0.0181105 
25.1433 11.8689 0.0185425 
25.4496 11.6106 0.0142783 
25.8264 11.2736 0.00935734 
26.0977 11.0154 0.00582325 
24.7352 11.8689 0.0119611 
25.0338 11.6106 0.00915287 
25.4003 11.2736 0.00582968 
25.6633 11.0154 0.00339814 
24.204 11.8689 0.00456452 
24.4925 11.6106 0.00345387 
24.8454 11.2736 0.00205421 
25.0976 11.0154 0.00100178 
23.7978 11.8689 0 
24.0786 11.6106 0 
24.4209 11.2736 0 
24.6648 11.0154 0 
23.529 11.8689 0 
23.8038 11.6106 0 
24.1383 11.2736 0 
24.3763 11.0154 0 
22.9255 11.8689 0 
23.186 11.6106 0 
23.5021 11.2736 0 
23.7261 11.0154 0 
22.1382 11.8689 0 
22.3799 11.6106 0 
22.6719 11.2736 0 
22.8778 11.0154 0 
21.5348 11.8689 0 
21.7621 11.6106 0 
22.0356 11.2736 0 
22.2276 11.0154 0 
21.1337 11.8689 0 
21.3509 11.6106 0 
21.6116 11.2736 0 
21.794 11.0154 0 
20.2297 11.8689 0 
20.4232 11.6106 0 
20.6545 11.2736 0 
20.8154 11.0154 0 
19.0445 11.8689 0 
19.2076 11.6106 0 
19.4009 11.2736 0 
19.5342 11.0154 0 
18.1318 11.8689 0 
18.2719 11.6106 0 
18.4366 11.2736 0 
18.549 11.0154 0 
17.5227 11.8689 0 
17.6467 11.6106 0 
17.7921 11.2736 0 
17.8909 11.0154 0 
16.1401 11.8689 0 
16.2277 11.6106 0 
16.3301 11.2736 0 
16.3995 11.0154 0 
14.3083 11.8689 0 
14.3503 11.6106 0 
14.3993 11.2736 0 
14.4324 11.0154 0 
12.8829 11.8689 0 
12.8916 11.6106 0 
12.9017 11.2736 0 
12.9084 11.0154 0 
29.0687 10.9042 0.0408528 
29.2285 10.7452 0.15592 
29.4367 10.5378 0.314724 
29.596 10.3789 0.44311 
28.9682 10.9042 0.0558519 
29.1309 10.7452 0.183997 
29.3418 10.5378 0.361244 
29.5026 10.3789 0.503449 
28.8404 10.9042 0.077753 
29.0062 10.7452 0.226124 
29.2202 10.5378 0.428533 
29.3823 10.3789 0.589202 
28.7448 10.9042 0.0971472 
28.9128 10.7452 0.261993 
29.1286 10.5378 0.484276 
29.2913 10.3789 0.65997 
28.6832 10.9042 0.183756 
28.8519 10.7452 0.362752 
29.0682 10.5378 0.566351 
29.231 10.3789 0.700413 
28.5468 10.9042 0.300574 
28.7164 10.7452 0.427548 
28.9329 10.5378 0.563356 
29.0952 10.3789 0.646159 
28.371 10.9042 0.426767 
28.5413 10.7452 0.482868 
28.7577 10.5378 0.528758 
28.9192 10.3789 0.543892 
28.2377 10.9042 0.502526 
28.4084 10.7452 0.504078 
28.6244 10.5378 0.480731 
28.785 10.3789 0.444647 
28.1496 10.9042 0.461616 
28.3201 10.7452 0.439469 
28.5355 10.5378 0.407399 
28.6954 10.3789 0.379509 
27.9519 10.9042 0.402999 
28.1215 10.7452 0.374231 
28.3351 10.5378 0.333388 
28.4931 10.3789 0.298353 
27.6954 10.9042 0.322222 
27.8635 10.7452 0.285155 
28.0745 10.5378 0.233352 
28.2298 10.3789 0.18897 
27.5 10.9042 0.256932 
27.6668 10.7452 0.213817 
27.8755 10.5378 0.154132 
28.0286 10.3789 0.102877 
27.3698 10.9042 0.182213 
27.5355 10.7452 0.141937 
27.7426 10.5378 0.0978799 
27.8942 10.3789 0.0683013 
27.0766 10.9042 0.122693 
27.2395 10.7452 0.0938237 
27.4426 10.5378 0.0627487 
27.5908 10.3789 0.0424204 
26.6952 10.9042 0.0539786 
26.8544 10.7452 0.0393936 
27.0519 10.5378 0.0244984 
27.1956 10.3789 0.015643 
26.4039 10.9042 0.00733272 
26.5599 10.7452 0.00277888 
26.7531 10.5378 0 
26.8931 10.3789 0 
26.2096 10.9042 0.00234143 
26.3634 10.7452 0.00138587 
26.5536 10.5378 0.000390472 
26.6911 10.3789 0 
25.7717 10.9042 0.00179347 
25.9203 10.7452 0.00105596 
26.1036 10.5378 0.000327844 
26.2357 10.3789 0 
25.2012 10.9042 0.000840502 
25.343 10.7452 0.000404606 
25.5171 10.5378 4.06128e-05 
25.642 10.3789 0 
24.7647 10.9042 0 
24.9011 10.7452 0 
25.068 10.5378 0 
25.1873 10.3789 0 
24.4737 10.9042 0 
24.6064 10.7452 0 
24.7684 10.5378 0 
24.884 10.3789 0 
23.8175 10.9042 0 
23.9418 10.7452 0 
24.0929 10.5378 0 
24.2003 10.3789 0 
22.9614 10.9042 0 
23.0747 10.7452 0 
23.2116 10.5378 0 
23.3083 10.3789 0 
22.3052 10.9042 0 
22.4101 10.7452 0 
22.5361 10.5378 0 
22.6246 10.3789 0 
21.8677 10.9042 0 
21.9668 10.7452 0 
22.0857 10.5378 0 
22.1687 10.3789 0 
20.88 10.9042 0 
20.9664 10.7452 0 
21.0693 10.5378 0 
21.1406 10.3789 0 
19.5873 10.9042 0 
19.6578 10.7452 0 
19.7407 10.5378 0 
19.7973 10.3789 0 
18.5935 10.9042 0 
18.6522 10.7452 0 
18.7204 10.5378 0 
18.7662 10.3789 0 
17.9298 10.9042 0 
17.9806 10.7452 0 
18.0393 10.5378 0 
18.0784 10.3789 0 
16.4263 10.9042 0 
16.4603 10.7452 0 
16.4992 10.5378 0 
16.5247 10.3789 0 
14.4449 10.9042 0 
14.4599 10.7452 0 
14.4769 10.5378 0 
14.4878 10.3789 0 
12.9109 10.9042 0 
12.9139 10.7452 0 
12.9171 10.5378 0 
12.9191 10.3789 0 
29.6619 10.3132 0.998492 
29.7497 10.2255 1.09114 
29.8643 10.1111 1.14366 
29.952 10.0234 1.13271 
29.5689 10.3132 1.02251 
29.6571 10.2255 1.0709 
29.7718 10.1111 1.06286 
29.8595 10.0234 1.00348 
29.4488 10.3132 1.04407 
29.5372 10.2255 1.03355 
29.6517 10.1111 0.945825 
29.7389 10.0234 0.827739 
29.3579 10.3132 1.05614 
29.4461 10.2255 0.996233 
29.5601 10.1111 0.847226 
29.6465 10.0234 0.688749 
29.2975 10.3132 0.997058 
29.3855 10.2255 0.873667 
29.499 10.1111 0.713088 
29.585 10.0234 0.583653 
29.1614 10.3132 0.802612 
29.2489 10.2255 0.702695 
29.3614 10.1111 0.569598 
29.4464 10.0234 0.463891 
28.9848 10.3132 0.578721 
29.0713 10.2255 0.50834 
29.1822 10.1111 0.411616 
29.2657 10.0234 0.332956 
28.8501 10.3132 0.431221 
28.9356 10.2255 0.381925 
29.045 10.1111 0.312846 
29.1272 10.0234 0.253975 
28.7601 10.3132 0.355018 
28.845 10.2255 0.310578 
28.9535 10.1111 0.25118 
29.0349 10.0234 0.202133 
28.5569 10.3132 0.246197 
28.6406 10.2255 0.215008 
28.7472 10.1111 0.172106 
28.827 10.0234 0.135535 
28.2924 10.3132 0.129381 
28.3743 10.2255 0.114816 
28.4783 10.1111 0.0923115 
28.5559 10.0234 0.0716677 
28.0902 10.3132 0.0595025 
28.1705 10.2255 0.0566613 
28.2724 10.1111 0.0489016 
28.3481 10.0234 0.0404621 
27.9551 10.3132 0.0419912 
28.0345 10.2255 0.0375025 
28.135 10.1111 0.031451 
28.2097 10.0234 0.0267088 
27.6502 10.3132 0.0268718 
27.7276 10.2255 0.0240382 
27.8254 10.1111 0.0199733 
27.8978 10.0234 0.0166395 
27.253 10.3132 0.0105902 
27.3276 10.2255 0.00982449 
27.4216 10.1111 0.00837767 
27.491 10.0234 0.00695458 
26.9489 10.3132 0.000469333 
27.0213 10.2255 0.00137132 
27.1122 10.1111 0.00196114 
27.1792 10.0234 0.00185618 
26.7459 10.3132 0 
26.8169 10.2255 0 
26.906 10.1111 0 
26.9715 10.0234 0 
26.2883 10.3132 0 
26.3562 10.2255 0 
26.4413 10.1111 0 
26.5036 10.0234 0 
25.6915 10.3132 0 
25.7554 10.2255 0 
25.8351 10.1111 0 
25.8933 10.0234 0 
25.2345 10.3132 0 
25.2951 10.2255 0 
25.3706 10.1111 0 
25.4255 10.0234 0 
24.9296 10.3132 0 
24.9883 10.2255 0 
25.061 10.1111 0 
25.1138 10.0234 0 
24.2426 10.3132 0 
24.2967 10.2255 0 
24.3636 10.1111 0 
24.412 10.0234 0 
23.3461 10.3132 0 
23.3944 10.2255 0 
23.4537 10.1111 0 
23.4963 10.0234 0 
22.659 10.3132 0 
22.7028 10.2255 0 
22.7563 10.1111 0 
22.7945 10.0234 0 
22.2009 10.3132 0 
22.2418 10.2255 0 
22.2915 10.1111 0 
22.327 10.0234 0 
21.1681 10.3132 0 
21.2027 10.2255 0 
21.2445 10.1111 0 
21.274 10.0234 0 
19.8189 10.3132 0 
19.8458 10.2255 0 
19.8779 10.1111 0 
19.9001 10.0234 0 
18.7835 10.3132 0 
18.8049 10.2255 0 
18.8299 10.1111 0 
18.8469 10.0234 0 
18.093 10.3132 0 
18.1108 10.2255 0 
18.1315 10.1111 0 
18.1453 10.0234 0 
16.534 10.3132 0 
16.5448 10.2255 0 
16.5571 10.1111 0 
16.5651 10.0234 0 
14.4916 10.3132 0 
14.4956 10.2255 0 
14.5 10.1111 0 
14.5026 10.0234 0 
12.9198 10.3132 0 
12.9204 10.2255 0 
12.921 10.1111 0 
12.9214 10.0234 0 
12.4132 19.9106 0.00104871 
12.4132 19.575 0.00111628 
12.4132 19.1372 0.00107299 
12.4132 18.8017 0.000958834 
12.0875 19.9085 0.00131947 
12.0875 19.5653 0.00132031 
12.0875 19.1174 0.00116745 
12.0875 18.7742 0.000972766 
11.6625 19.9048 0.00166136 
11.6625 19.5473 0.00157016 
11.6625 19.0809 0.00127787 
11.6625 18.7235 0.000984147 
11.3368 19.901 0.00191633 
11.3368 19.5295 0.00175317 
11.3368 19.0448 0.00135942 
11.3368 18.6733 0.000996419 
11.1632 19.8988 0.00205802 
11.1632 19.5188 0.00188078 
11.1632 19.0231 0.00143287 
11.1632 18.6432 0.00100663 
10.8375 19.895 0.00200666 
10.8375 19.501 0.00184044 
10.8375 18.987 0.00141789 
10.8375 18.593 0.00101927 
10.4125 19.8912 0.00194219 
10.4125 19.4831 0.00179314 
10.4125 18.9505 0.00140097 
10.4125 18.5423 0.00103194 
10.0868 19.8892 0.00189495 
10.0868 19.4733 0.00176217 
10.0868 18.9307 0.00139161 
10.0868 18.5148 0.001041 
12.4132 18.5945 0.000881376 
12.4132 18.1524 0.000840168 
12.4132 17.5755 0.000765539 
12.4132 17.1334 0.000687682 
12.0875 18.5611 0.000904923 
12.0875 18.1048 0.000830014 
12.0875 17.5094 0.000698752 
12.0875 17.0531 0.00057124 
11.6625 18.5017 0.000907267 
11.6625 18.0267 0.000789113 
11.6625 17.4071 0.000588049 
11.6625 16.9321 0.00040543 
11.3368 18.4439 0.000891625 
11.3368 17.9546 0.00074154 
11.3368 17.3162 0.000491821 
11.3368 16.827 0.00027502 
11.1632 18.4096 0.000857452 
11.1632 17.9126 0.000636902 
11.1632 17.2642 0.000348487 
11.1632 16.7673 0.000152972 
10.8375 18.3518 0.000889502 
10.8375 17.8405 0.000662497 
10.8375 17.1734 0.000351354 
10.8375 16.6621 0.000136228 
10.4125 18.2924 0.000931656 
10.4125 17.7624 0.000701138 
10.4125 17.071 0.000364475 
10.4125 16.5411 0.000124826 
10.0868 18.259 0.000966386 
10.0868 17.7149 0.000737561 
10.0868 17.0049 0.000383118 
10.0868 16.4608 0.000124596 
12.4132 16.8828 0.00046338 
12.4132 16.3841 0.000252053 
12.4132 15.7335 5.13915e-05 
12.4132 15.2349 0 
12.0875 16.7936 0.000342884 
12.0875 16.2759 0.0001717 
12.0875 15.6005 1.51042e-05 
12.0875 15.0829 0 
11.6625 16.6621 0.000193637 
11.6625 16.1234 7.11069e-05 
11.6625 15.4207 0 
11.6625 14.8821 0 
11.3368 16.5496 8.36765e-05 
11.3368 15.9979 0 
11.3368 15.278 0 
11.3368 14.7263 0 
11.1632 16.4862 7.52641e-06 
11.1632 15.9284 0 
11.1632 15.2006 0 
11.1632 14.6428 0 
10.8375 16.3737 0 
10.8375 15.8028 0 
10.8375 15.0579 0 
10.8375 14.487 0 
10.4125 16.2422 0 
10.4125 15.6503 0 
10.4125 14.8781 0 
10.4125 14.2862 0 
10.0868 16.153 0 
10.0868 15.5421 0 
10.0868 14.7451 0 
10.0868 14.1342 0 
12.4132 14.977 0 
12.4132 14.5076 0 
12.4132 13.8951 0 
12.4132 13.4257 0 
12.0875 14.815 0 
12.0875 14.3274 0 
12.0875 13.6912 0 
12.0875 13.2036 0 
11.6625 14.6034 0 
11.6625 14.096 0 
11.6625 13.4341 0 
11.6625 12.9268 0 
11.3368 14.4409 0 
11.3368 13.9216 0 
11.3368 13.2439 0 
11.3368 12.7245 0 
11.1632 14.3543 0 
11.1632 13.8294 0 
11.1632 13.1446 0 
11.1632 12.6197 0 
10.8375 14.1918 0 
10.8375 13.6549 0 
10.8375 12.9543 0 
10.8375 12.4174 0 
10.4125 13.9802 0 
10.4125 13.4235 0 
10.4125 12.6973 0 
10.4125 12.1406 0 
10.0868 13.8182 0 
10.0868 13.2434 0 
10.0868 12.4934 0 
10.0868 11.9185 0 
12.4132 13.2007 0 
12.4132 12.8259 0 
12.4132 12.3368 0 
12.4132 11.9619 0 
12.0875 12.9704 0 
12.0875 12.5825 0 
12.0875 12.0765 0 
12.0875 11.6887 0 
11.6625 12.6841 0 
11.6625 12.2805 0 
11.6625 11.7539 0 
11.6625 11.3503 0 
11.3368 12.4756 0 
11.3368 12.0608 0 
11.3368 11.5195 0 
11.3368 11.1047 0 
11.1632 12.3677 0 
11.1632 11.9472 0 
11.1632 11.3984 0 
11.1632 10.9779 0 
10.8375 12.1593 0 
10.8375 11.7275 0 
10.8375 11.1641 0 
10.8375 10.7323 0 
10.4125 11.873 0 
10.4125 11.4254 0 
10.4125 10.8414 0 
10.4125 10.3939 0 
10.0868 11.6426 0 
10.0868 11.1821 0 
10.0868 10.5812 0 
10.0868 10.1207 0 
12.4132 11.7927 0 
12.4132 11.5326 0 
12.4132 11.1932 0 
12.4132 10.9331 0 
12.0875 11.5141 0 
12.0875 11.2465 0 
12.0875 10.8975 0 
12.0875 10.6299 0 
11.6625 11.1685 0 
11.6625 10.89 0 
11.6625 10.5266 0 
11.6625 10.2481 0 
11.3368 10.9174 0 
11.3368 10.6295 0 
11.3368 10.2539 0 
11.3368 9.96593 0 
11.1632 10.7877 0 
11.1632 10.4944 0 
11.1632 10.1118 0 
11.1632 9.81861 0 
10.8375 10.5366 0 
10.8375 10.2339 0 
10.8375 9.83907 0 
10.8375 9.53642 0 
10.4125 10.191 0 
10.4125 9.87742 0 
10.4125 9.46822 0 
10.4125 9.1546 0 
10.0868 9.91242 0 
10.0868 9.59139 0 
10.0868 9.17252 0 
10.0868 8.85149 0 
12.4132 10.8212 0 
12.4132 10.6615 0 
12.4132 10.4531 0 
12.4132 10.2934 0 
12.0875 10.5151 0 
12.0875 10.3517 0 
12.0875 10.1386 0 
12.0875 9.97516 0 
11.6625 10.1286 0 
11.6625 9.95843 0 
11.6625 9.73644 0 
11.6625 9.56629 0 
11.3368 9.8421 0 
11.3368 9.66528 0 
11.3368 9.43458 0 
11.3368 9.25776 0 
11.1632 9.6923 0 
11.1632 9.51149 0 
11.1632 9.27557 0 
11.1632 9.09476 0 
10.8375 9.40582 0 
10.8375 9.21834 0 
10.8375 8.97372 0 
10.8375 8.78623 0 
10.4125 9.01927 0 
10.4125 8.82503 0 
10.4125 8.5716 0 
10.4125 8.37735 0 
10.0868 8.71321 0 
10.0868 8.51528 0 
10.0868 8.25705 0 
10.0868 8.05912 0 
12.4132 10.2274 0 
12.4132 10.1394 0 
12.4132 10.0246 0 
12.4132 9.93665 0 
12.0875 9.90773 0 
12.0875 9.81806 0 
12.0875 9.70106 0 
12.0875 9.61138 0 
11.6625 9.49607 0 
11.6625 9.40266 0 
11.6625 9.2808 0 
11.6625 9.1874 0 
11.3368 9.18469 0 
11.3368 9.08727 0 
11.3368 8.96017 0 
11.3368 8.86275 0 
11.1632 9.01996 0 
11.1632 8.92006 0 
11.1632 8.78973 0 
11.1632 8.68983 0 
10.8375 8.70858 0 
10.8375 8.60467 0 
10.8375 8.46909 0 
10.8375 8.36518 0 
10.4125 8.29692 0 
10.4125 8.18927 0 
10.4125 8.04883 0 
10.4125 7.94119 0 
10.0868 7.97725 0 
10.0868 7.86792 0 
10.0868 7.72526 0 
10.0868 7.61592 0 
9.82642 19.8872 0.00177296 
9.82642 19.464 0.00169411 
9.82642 18.9117 0.0014503 
9.82642 18.4885 0.00120963 
9.17498 19.8814 0.00206708 
9.17498 19.4364 0.00189297 
9.17498 18.8558 0.00153688 
9.17498 18.4108 0.00123124 
8.32502 19.8739 0.00238665 
8.32502 19.4005 0.00207025 
8.32502 18.7828 0.00158188 
8.32502 18.3094 0.00120851 
7.67358 19.8681 0.00257884 
7.67358 19.3729 0.00214726 
7.67358 18.7269 0.00157539 
7.67358 18.2317 0.0011605 
9.82642 18.2277 0.00115579 
9.82642 17.6721 0.000932539 
9.82642 16.9473 0.00050938 
9.82642 16.3918 0.000155559 
9.17498 18.1366 0.00110896 
9.17498 17.5525 0.000845329 
9.17498 16.7904 0.000406413 
9.17498 16.2063 7.10012e-05 
8.32502 18.0177 0.00102814 
8.32502 17.3964 0.000741593 
8.32502 16.5857 0.000309711 
8.32502 15.9644 0 
7.67358 17.9266 0.00095384 
7.67358 17.2767 0.000670376 
7.67358 16.4288 0.000256822 
7.67358 15.7789 0 
9.82642 16.0773 1.50567e-05 
9.82642 15.4523 0 
9.82642 14.6369 0 
9.82642 14.0119 0 
9.17498 15.8756 0 
9.17498 15.2185 0 
9.17498 14.3612 0 
9.17498 13.7041 0 
8.32502 15.6126 0 
8.32502 14.9136 0 
8.32502 14.0015 0 
8.32502 13.3025 0 
7.67358 15.4109 0 
7.67358 14.6798 0 
7.67358 13.7259 0 
7.67358 12.9947 0 
9.82642 13.6887 0 
9.82642 13.1005 0 
9.82642 12.333 0 
9.82642 11.7448 0 
9.17498 13.3643 0 
9.17498 12.7458 0 
9.17498 11.9389 0 
9.17498 11.3205 0 
8.32502 12.941 0 
8.32502 12.2831 0 
8.32502 11.4248 0 
8.32502 10.7669 0 
7.67358 12.6166 0 
7.67358 11.9285 0 
7.67358 11.0307 0 
7.67358 10.3425 0 
9.82642 11.4627 0 
9.82642 10.9922 0 
9.82642 10.3782 0 
9.82642 9.90764 0 
9.17498 11.0239 0 
9.17498 10.5291 0 
9.17498 9.88362 0 
9.17498 9.38887 0 
8.32502 10.4513 0 
8.32502 9.92502 0 
8.32502 9.23834 0 
8.32502 8.71203 0 
7.67358 10.0125 0 
7.67358 9.462 0 
7.67358 8.74376 0 
7.67358 8.19326 0 
9.82642 9.69503 0 
9.82642 9.36768 0 
9.82642 8.94058 0 
9.82642 8.61324 0 
9.17498 9.16534 0 
9.17498 8.82116 0 
9.17498 8.37211 0 
9.17498 8.02794 0 
8.32502 8.47423 0 
8.32502 8.10811 0 
8.32502 7.63041 0 
8.32502 7.26428 0 
7.67358 7.94454 0 
7.67358 7.56159 0 
7.67358 7.06194 0 
7.67358 6.67899 0 
9.82642 8.47234 0 
9.82642 8.27089 0 
9.82642 8.00806 0 
9.82642 7.80662 0 
9.17498 7.8798 0 
9.17498 7.668 0 
9.17498 7.39166 0 
9.17498 7.17986 0 
8.32502 7.10669 0 
8.32502 6.88138 0 
8.32502 6.58742 0 
8.32502 6.36211 0 
7.67358 6.51415 0 
7.67358 6.27849 0 
7.67358 5.97101 0 
7.67358 5.73535 0 
9.82642 7.72333 0 
9.82642 7.61219 0 
9.82642 7.46718 0 
9.82642 7.35603 0 
9.17498 7.09229 0 
9.17498 6.97543 0 
9.17498 6.82297 0 
9.17498 6.70611 0 
8.32502 6.26895 0 
8.32502 6.14464 0 
8.32502 5.98245 0 
8.32502 5.85815 0 
7.67358 5.63791 0 
7.67358 5.50789 0 
7.67358 5.33825 0 
7.67358 5.20822 0 
0.52074 0.393083 0 
0.52074 0.56543 0 
0.52074 0.790295 0 
0.52074 0.962642 0 
2.47507 1.69293 0 
2.47507 1.85385 0 
2.47507 2.0638 0 
2.47507 2.22473 0 
5.02493 3.38886 0 
5.02493 3.53487 0 
5.02493 3.72538 0 
5.02493 3.87139 0 
6.97926 4.6887 0 
6.97926 4.82329 0 
6.97926 4.99889 0 
6.97926 5.13348 0 
0.52074 1.0918 0 
0.52074 1.40418 0 
0.52074 1.81175 0 
0.52074 2.12413 0 
2.47507 2.34532 0 
2.47507 2.63699 0 
2.47507 3.01754 0 
2.47507 3.30921 0 
5.02493 3.98082 0 
5.02493 4.24547 0 
5.02493 4.59076 0 
5.02493 4.85541 0 
6.97926 5.23434 0 
6.97926 5.47828 0 
6.97926 5.79656 0 
6.97926 6.0405 0 
0.52074 2.34262 0 
0.52074 2.85023 0 
0.52074 3.51253 0 
0.52074 4.02015 0 
2.47507 3.51322 0 
2.47507 3.98718 0 
2.47507 4.60557 0 
2.47507 5.07953 0 
5.02493 5.04052 0 
5.02493 5.47058 0 
5.02493 6.03168 0 
5.02493 6.46174 0 
6.97926 6.21112 0 
6.97926 6.60752 0 
6.97926 7.12472 0 
6.97926 7.52112 0 
0.52074 4.34984 0 
0.52074 5.07953 0 
0.52074 6.03159 0 
0.52074 6.76129 0 
2.47507 5.38737 0 
2.47507 6.06869 0 
2.47507 6.95763 0 
2.47507 7.63895 0 
5.02493 6.74105 0 
5.02493 7.35926 0 
5.02493 8.16585 0 
5.02493 8.78405 0 
6.97926 7.77858 0 
6.97926 8.34841 0 
6.97926 9.09188 0 
6.97926 9.66172 0 
0.52074 7.19876 0 
0.52074 8.11088 0 
0.52074 9.30095 0 
0.52074 10.2131 0 
2.47507 8.04742 0 
2.47507 8.89907 0 
2.47507 10.0102 0 
2.47507 10.8619 0 
5.02493 9.15468 0 
5.02493 9.92744 0 
5.02493 10.9357 0 
5.02493 11.7084 0 
6.97926 10.0033 0 
6.97926 10.7156 0 
6.97926 11.645 0 
6.97926 12.3573 0 
0.52074 10.7143 0 
0.52074 11.6835 0 
0.52074 12.9479 0 
0.52074 13.917 0 
2.47507 11.3299 0 
2.47507 12.2348 0 
2.47507 13.4154 0 
2.47507 14.3203 0 
5.02493 12.1331 0 
5.02493 12.9542 0 
5.02493 14.0254 0 
5.02493 14.8465 0 
6.97926 12.7487 0 
6.97926 13.5055 0 
6.97926 14.4929 0 
6.97926 15.2497 0 
0.52074 14.4048 0 
0.52074 15.2663 0.000165329 
0.52074 16.3902 0.000584728 
0.52074 17.2517 0.00107335 
2.47507 14.7757 0 
2.47507 15.5801 0.000259278 
2.47507 16.6295 0.000779133 
2.47507 17.4339 0.00132235 
5.02493 15.2597 0 
5.02493 15.9895 0.000405238 
5.02493 16.9418 0.0010419 
5.02493 17.6716 0.00158067 
6.97926 15.6306 2.26057e-05 
6.97926 16.3034 0.000531888 
6.97926 17.1811 0.00123118 
6.97926 17.8538 0.00172714 
0.52074 17.6561 0.00151384 
0.52074 18.3124 0.00178199 
0.52074 19.1688 0.00223978 
0.52074 19.8251 0.00259529 
2.47507 17.8115 0.00166452 
2.47507 18.4243 0.00194821 
2.47507 19.2239 0.00241303 
2.47507 19.8367 0.00275005 
5.02493 18.0142 0.0018253 
5.02493 18.5703 0.0021322 
5.02493 19.2958 0.00259887 
5.02493 19.8518 0.00292183 
6.97926 18.1696 0.00194995 
6.97926 18.6822 0.00226457 
6.97926 19.3509 0.00272578 
6.97926 19.8634 0.00304874 
0.942638 0.34716 0 
2.85174 1.65005 0 
5.34258 3.34995 0 
7.25168 4.65284 0 
2.52602 0.34716 0 
4.26536 1.65005 0 
6.53473 3.34995 0 
8.27408 4.65284 0 
4.59188 0.34716 0 
6.10975 1.65005 0 
8.09015 3.34995 0 
9.60802 4.65284 0 
6.17526 0.34716 0 
7.52338 1.65005 0 
9.2823 3.34995 0 
10.6304 4.65284 0 
7.01906 0.34716 0 
8.27671 1.65005 0 
9.91761 3.34995 0 
11.1753 4.65284 0 
8.60244 0.34716 0 
9.69034 1.65005 0 
11.1098 3.34995 0 
12.1977 4.65284 0 
10.6683 0.34716 0 
11.5347 1.65005 0 
12.6652 3.34995 0 
13.5316 4.65284 0 
12.2517 0.34716 0 
12.9484 1.65005 0 
13.8573 3.34995 0 
14.554 4.65284 0 
13.0955 0.34716 0 
13.7017 1.65005 0 
14.4926 3.34995 0 
15.0988 4.65284 0 
14.6789 0.34716 0 
15.1153 1.65005 0 
15.6848 3.34995 0 
16.1212 4.65284 0 
16.7447 0.34716 0 
16.9597 1.65005 0 
17.2402 3.34995 0 
17.4552 4.65284 0 
18.3281 0.34716 0 
18.3733 1.65005 0 
18.4323 3.34995 0 
18.4776 4.65284 0 
19.1719 0.34716 0 
19.1267 1.65005 0 
19.0677 3.34995 0 
19.0224 4.65284 0 
20.7553 0.34716 0 
20.5403 1.65005 0 
20.2598 3.34995 0 
20.0448 4.65284 0 
22.8211 0.34716 0 
22.3847 1.65005 0 
21.8152 3.34995 0 
21.3788 4.65284 0 
24.4045 0.34716 0 
23.7983 1.65005 0 
23.0074 3.34995 0 
22.4012 4.65284 0 
25.2483 0.34716 0 
24.5516 1.65005 0 
23.6427 3.34995 0 
22.946 4.65284 0 
26.8317 0.34716 0 
25.9653 1.65005 0 
24.8348 3.34995 0 
23.9684 4.65284 0 
28.8976 0.34716 0 
27.8097 1.65005 0 
26.3902 3.34995 0 
25.3023 4.65284 0 
30.4809 0.34716 0 
29.2233 1.65005 0 
27.5824 3.34995 0 
26.3247 4.65284 0 
31.3247 0.34716 0 
29.9766 1.65005 0 
28.2177 3.34995 0 
26.8696 4.65284 0 
32.9081 0.34716 0 
31.3902 1.65005 0 
29.4098 3.34995 0 
27.892 4.65284 0 
34.974 0.34716 0 
33.2346 1.65005 0 
30.9653 3.34995 0 
29.2259 4.65284 0 
36.5574 0.34716 0 
34.6483 1.65005 0 
32.1574 3.34995 0 
30.2483 4.65284 0 
37.4012 0.34716 0 
35.4016 1.65005 0 
32.7927 3.34995 0 
30.7932 4.65284 0 
38.9845 0.34716 0 
36.8152 1.65005 0 
33.9849 3.34995 0 
31.8156 4.65284 1.07395e-06 
41.0504 0.34716 0 
38.6596 1.65005 0 
35.5403 3.34995 0 
33.1495 4.65284 0 
42.6338 0.34716 0 
40.0732 1.65005 0 
36.7324 3.34995 0 
34.1719 4.65284 0 
43.4776 0.34716 0 
40.8266 1.65005 0 
37.3677 3.34995 0 
34.7167 4.65284 0 
45.061 0.34716 0 
42.2402 1.65005 0 
38.5599 3.34995 0 
35.7391 4.65284 0 
47.1268 0.34716 0 
44.0846 1.65005 0 
40.1153 3.34995 0 
37.0731 4.65284 0 
48.7102 0.34716 0 
45.4982 1.65005 0 
41.3075 3.34995 0 
38.0955 4.65284 0 
7.92792 5.17358 0 
8.55675 5.82502 0 
9.3772 6.67498 0 
10.006 7.32642 0 
8.88247 5.17358 0 
9.42643 5.82502 0 
10.1361 6.67498 0 
10.6801 7.32642 0 
10.1279 5.17358 0 
10.5611 5.82502 0 
11.1263 6.67498 0 
11.5595 7.32642 0 
11.0824 5.17358 0 
11.4308 5.82502 0 
11.8853 6.67498 0 
12.2336 7.32642 0 
11.5911 5.17358 0 
11.8942 5.82502 0 
12.2897 6.67498 0 
12.5928 7.32642 0 
12.5457 5.17358 0 
12.7639 5.82502 0 
13.0486 6.67498 0 
13.2669 7.32642 0 
13.7911 5.17358 0 
13.8986 5.82502 0 
14.0388 6.67498 0 
14.1463 7.32642 0 
14.7457 5.17358 0 
14.7683 5.82502 0 
14.7978 6.67498 0 
14.8204 7.32642 0 
15.2543 5.17358 0 
15.2317 5.82502 0 
15.2022 6.67498 0 
15.1796 7.32642 0 
16.2089 5.17358 0 
16.1014 5.82502 0 
15.9612 6.67498 0 
15.8537 7.32642 0 
17.4543 5.17358 0 
17.2361 5.82502 0 
16.9514 6.67498 0 
16.7331 7.32642 0 
18.4089 5.17358 0 
18.1058 5.82502 0 
17.7103 6.67498 0 
17.4072 7.32642 0 
18.9176 5.17358 0 
18.5692 5.82502 0 
18.1147 6.67498 0 
17.7664 7.32642 0 
19.8721 5.17358 0 
19.4389 5.82502 0 
18.8737 6.67498 0 
18.4405 7.32642 0 
21.1175 5.17358 0 
20.5736 5.82502 0 
19.8639 6.67498 0 
19.3199 7.32642 0 
22.0721 5.17358 0 
21.4432 5.82502 0 
20.6228 6.67498 0 
19.994 7.32642 0 
22.5808 5.17358 0 
21.9067 5.82502 0 
21.0272 6.67498 0 
20.3532 7.32642 0 
23.5353 5.17358 0 
22.7764 5.82502 0 
21.7862 6.67498 0 
21.0272 7.32642 0 
24.7807 5.17358 0 
23.9111 5.82502 0 
22.7764 6.67498 0 
21.9067 7.32642 0 
25.7353 5.17358 0 
24.7807 5.82502 0 
23.5353 6.67498 0 
22.5808 7.32642 0 
26.244 5.17358 0 
25.2442 5.82502 0 
23.9398 6.67498 0 
22.94 7.32642 0 
27.1985 5.17358 0 
26.1139 5.82502 0 
24.6987 6.67498 0 
23.614 7.32642 0 
28.4439 5.17358 0 
27.2485 5.82502 0 
25.6889 6.67498 0 
24.4935 7.32642 0 
29.3985 5.17358 0 
28.1182 5.82502 0 
26.4478 6.67498 0 
25.1676 7.32642 0 
29.9072 5.17358 0 
28.5817 5.82502 0 
26.8523 6.67498 0 
25.5268 7.32642 0 
30.8617 5.17358 0 
29.4514 5.82502 0 
27.6112 6.67498 0 
26.2008 7.32642 0 
32.1072 5.17358 0 
30.586 5.82502 0 
28.6014 6.67498 0 
27.0803 7.32642 0 
33.0617 5.17358 0 
31.4557 5.82502 0 
29.3603 6.67498 0 
27.7543 7.32642 0 
33.5704 5.17358 0 
31.9192 5.82502 0 
29.7648 6.67498 0 
28.1136 7.32642 0.00202446 
34.5249 5.17358 0.0001805 
32.7888 5.82502 0 
30.5237 6.67498 0 
28.7876 7.32642 0.00129895 
35.7704 5.17358 0.00108291 
33.9235 5.82502 0 
31.5139 6.67498 0 
29.6671 7.32642 0.00048275 
36.7249 5.17358 0.001726 
34.7932 5.82502 0.00015966 
32.2728 6.67498 0 
30.3411 7.32642 6.12409e-06 
12.8326 9.91321 0 
14.4067 9.91321 0 
16.4605 9.91321 0 
18.0346 9.91321 2.44505e-06 
12.4905 9.58749 0 
14.0031 9.58749 0 
15.9765 9.58749 0 
17.4891 9.58749 0 
12.0234 9.16251 0 
13.3778 9.16251 0 
15.1449 9.16251 0 
16.4994 9.16251 0 
11.6495 8.83679 0 
12.823 8.83679 0 
14.3541 8.83679 0 
15.5277 8.83679 0 
11.4456 8.66321 0 
12.5052 8.66321 0 
13.8878 8.66321 0 
14.9475 8.66321 0 
11.0716 8.33749 0 
11.9504 8.33749 0 
13.097 8.33749 0 
13.9758 8.33749 0 
10.6045 7.91251 0 
11.3252 7.91251 0 
12.2654 7.91251 0 
12.986 7.91251 0 
10.2624 7.58679 0 
10.9215 7.58679 0 
11.7815 7.58679 0 
12.4406 7.58679 0 
18.7348 9.91321 4.04362e-05 
19.7886 9.91321 0.00011312 
21.1635 9.91321 0.000377478 
22.2173 9.91321 0.000754481 
18.1675 9.58749 0 
19.201 9.58749 0 
20.5494 9.58749 0 
21.5829 9.58749 0 
17.1174 9.16251 0 
18.0824 9.16251 0 
19.3414 9.16251 0 
20.3064 9.16251 0 
16.0749 8.83679 0 
16.9552 8.83679 0 
18.1037 8.83679 0 
18.9839 8.83679 0 
15.4498 8.66321 0 
16.2755 8.66321 0 
17.3528 8.66321 0 
18.1785 8.66321 0 
14.4074 8.33749 0 
15.1483 8.33749 0 
16.1151 8.33749 0 
16.8561 8.33749 0 
13.3572 7.91251 0 
14.0297 7.91251 0 
14.907 7.91251 0 
15.5795 7.91251 0 
12.79 7.58679 0 
13.4421 7.58679 0 
14.293 7.58679 0 
14.9451 7.58679 0 
22.6862 9.91321 0.000892294 
23.3919 9.91321 0.00115369 
24.3126 9.91321 0.00159064 
25.0183 9.91321 0.00197758 
22.0475 9.58749 0 
22.7573 9.58749 0 
23.6836 9.58749 0 
24.3935 9.58749 0 
20.7503 9.16251 0 
21.4514 9.16251 0 
22.3662 9.16251 0 
23.0673 9.16251 0 
19.4006 8.83679 0 
20.0841 8.83679 0 
20.9759 8.83679 0 
21.6594 8.83679 0 
18.5773 8.66321 0 
19.2482 8.66321 0 
20.1236 8.66321 0 
20.7945 8.66321 0 
17.2276 8.33749 0 
17.8809 8.33749 0 
18.7333 8.33749 0 
19.3866 8.33749 0 
15.9304 7.91251 0 
16.575 7.91251 0 
17.4159 7.91251 0 
18.0605 7.91251 0 
15.2917 7.58679 0 
15.9404 7.58679 0 
16.7869 7.58679 0 
17.4356 7.58679 0 
25.3325 9.91321 0.0016601 
25.8056 9.91321 0.00188859 
26.423 9.91321 0.00232991 
26.8962 9.91321 0.00276153 
24.7138 9.58749 0 
25.2064 9.58749 0 
25.849 9.58749 0 
26.3416 9.58749 0 
23.3937 9.16251 0 
23.9173 9.16251 0 
24.6005 9.16251 0 
25.1241 9.16251 0 
21.9886 8.83679 0 
22.5405 8.83679 0 
23.2605 8.83679 0 
23.8124 8.83679 0 
21.1247 8.66321 0 
21.6929 8.66321 0 
22.4343 8.66321 0 
23.0025 8.66321 0 
19.7196 8.33749 0 
20.3161 8.33749 0 
21.0943 8.33749 0 
21.6908 8.33749 0 
18.3994 7.91251 0 
19.027 7.91251 0 
19.8458 7.91251 0 
20.4733 7.91251 0 
17.7808 7.58679 0 
18.4278 7.58679 0 
19.2718 7.58679 0 
19.9188 7.58679 0 
27.107 9.91321 0.00208907 
27.4249 9.91321 0.00248635 
27.8397 9.91321 0.00327021 
28.1577 9.91321 0.00403936 
26.5653 9.58749 0 
26.9122 9.58749 0 
27.3648 9.58749 8.87075e-05 
27.7116 9.58749 0.000626549 
25.3714 9.16251 0 
25.7759 9.16251 0 
26.3037 9.16251 0 
26.7082 9.16251 0 
24.0831 8.83679 0 
24.547 8.83679 0 
25.1522 8.83679 0 
25.6161 8.83679 0 
23.2872 8.66321 0 
23.7872 8.66321 0 
24.4395 8.66321 0 
24.9395 8.66321 0 
21.9988 8.33749 0 
22.5582 8.33749 0 
23.288 8.33749 0 
23.8474 8.33749 0 
20.805 7.91251 0 
21.422 7.91251 0 
22.227 7.91251 0 
22.844 7.91251 0 
20.2633 7.58679 0 
20.9092 7.58679 0 
21.752 7.58679 0 
22.398 7.58679 0 
28.2995 9.91321 0.00380356 
28.5137 9.91321 0.00532261 
28.7933 9.91321 0.00790886 
29.0076 9.91321 0.0102896 
27.8705 9.58749 0 
28.1197 9.58749 0.000323569 
28.4449 9.58749 0.00177561 
28.6941 9.58749 0.00348037 
26.9025 9.16251 0 
27.2271 9.16251 0 
27.6505 9.16251 0 
27.9751 9.16251 0.000786822 
25.8477 8.83679 0 
26.2527 8.83679 0 
26.7813 8.83679 0 
27.1863 8.83679 0 
25.1939 8.66321 0 
25.6485 8.66321 0 
26.2417 8.66321 0 
26.6964 8.66321 0 
24.139 8.33749 0 
24.6742 8.33749 0 
25.3725 8.33749 0 
25.9076 8.33749 0.00010688 
23.1711 7.91251 0 
23.7816 7.91251 0 
24.5781 7.91251 0 
25.1886 7.91251 0 
22.7421 7.58679 0 
23.3875 7.58679 0 
24.2297 7.58679 0 
24.8751 7.58679 0 
29.1033 9.91321 0.0122916 
29.2484 9.91321 0.0161869 
29.4376 9.91321 0.0216891 
29.5826 9.91321 0.0261167 
28.8095 9.58749 0.00339259 
28.9931 9.58749 0.00571428 
29.2327 9.58749 0.00945865 
29.4163 9.58749 0.0127553 
28.1337 9.16251 0.00165404 
28.4045 9.16251 0.00213905 
28.7578 9.16251 0.00356196 
29.0285 9.16251 0.00516969 
27.3917 8.83679 0 
27.7574 8.83679 0 
28.2346 8.83679 0 
28.6003 8.83679 0.000135834 
26.9307 8.66321 0 
27.3553 8.66321 0 
27.9092 8.66321 0 
28.3338 8.66321 0 
26.1887 8.33749 6.18661e-05 
26.7082 8.33749 0 
27.3861 8.33749 0.000157198 
27.9056 8.33749 0.000506995 
25.5129 7.91251 0 
26.1196 7.91251 0 
26.9112 7.91251 0 
27.5178 7.91251 0 
25.2191 7.58679 0 
25.8644 7.58679 0 
26.7063 7.58679 0 
27.3516 7.58679 0 
29.6475 9.91321 0.0271528 
29.7462 9.91321 0.0324569 
29.875 9.91321 0.0411177 
29.9737 9.91321 0.0484991 
29.5024 9.58749 0.0150834 
29.6417 9.58749 0.017556 
29.8235 9.58749 0.0222651 
29.9629 9.58749 0.0267047 
29.1631 9.16251 0.00680797 
29.3974 9.16251 0.0076943 
29.7032 9.16251 0.00994236 
29.9376 9.16251 0.0121827 
28.7882 8.83679 0.000241269 
29.1275 8.83679 0.000687095 
29.5703 8.83679 0.00234986 
29.9096 8.83679 0.0041354 
28.5548 8.66321 0 
28.9595 8.66321 0 
29.4875 8.66321 0 
29.8922 8.66321 0.000823562 
28.1799 8.33749 5.88276e-05 
28.6895 8.33749 6.47283e-05 
29.3545 8.33749 0.000551893 
29.8642 8.33749 0.00119223 
27.8406 7.91251 0 
28.4453 7.91251 0 
29.2342 7.91251 8.26571e-05 
29.8389 7.91251 0.000486681 
27.6954 7.58679 0 
28.3408 7.58679 0 
29.1827 7.58679 0 
29.8281 7.58679 0 
36.9793 5.34113 0 
35.0249 5.96996 0 
32.4751 6.79041 0 
30.5207 7.41924 0 
36.9793 5.96996 0 
35.0249 6.51391 0 
32.4751 7.22362 0 
30.5207 7.76757 0 
36.9793 6.79041 0 
35.0249 7.22362 0 
32.4751 7.78884 0.000162315 
30.5207 8.22206 0.000234759 
36.9793 7.41924 0 
35.0249 7.76757 4.37204e-05 
32.4751 8.22206 0.000223868 
30.5207 8.57039 0.000317798 
36.9793 7.75434 2.55857e-05 
35.0249 8.05745 0.000719482 
32.4751 8.45292 0.00182913 
30.5207 8.75603 0.00326554 
36.9793 8.38317 0.00121521 
35.0249 8.6014 0.00268104 
32.4751 8.88613 0.0053508 
30.5207 9.10436 0.00888884 
36.9793 9.20362 0.00275874 
35.0249 9.31111 0.00501703 
32.4751 9.45136 0.00960643 
30.5207 9.55885 0.0157939 
36.9793 9.83245 0.00405613 
35.0249 9.85506 0.00688047 
32.4751 9.88457 0.0132511 
30.5207 9.90718 0.0218823 
49.1321 0.682268 0 
45.8749 1.93992 0 
41.6251 3.58082 0 
38.3679 4.83847 0 
49.1321 1.93992 0 
45.8749 3.02783 0 
41.6251 4.44724 0 
38.3679 5.53515 0 
49.1321 3.58082 0 
45.8749 4.44724 0 
41.6251 5.57769 0 
38.3679 6.44411 0 
49.1321 4.83847 0 
45.8749 5.53515 0 
41.6251 6.44411 0 
38.3679 7.14079 0 
49.1321 5.50869 0 
45.8749 6.1149 0 
41.6251 6.90584 0 
38.3679 7.51205 0 
49.1321 6.76634 0 
45.8749 7.20281 0 
41.6251 7.77227 0 
38.3679 8.20873 0.000377452 
49.1321 8.40724 0 
45.8749 8.62222 5.19081e-05 
41.6251 8.90271 0.000503277 
38.3679 9.11769 0.00115967 
49.1321 9.66489 2.46105e-05 
45.8749 9.71012 0.000325156 
41.6251 9.76914 0.000990389 
38.3679 9.81437 0.0017926 
