266 272 296 288 269 284 292 278 
241 247 272 266 244 259 269 253 
217 221 247 241 219 234 244 230 
194 193 221 217 195 208 219 207 
175 172 193 194 174 185 195 186 
153 146 172 175 150 157 174 159 
133 121 146 153 124 136 150 144 
118 103 121 133 107 113 124 122 
105 84 103 118 97 94 107 108 
100 77 84 105 92 78 97 102 
272 279 304 296 274 291 301 284 
247 251 279 272 248 265 274 259 
221 224 251 247 222 238 248 234 
193 190 224 221 191 210 222 208 
172 168 190 193 170 182 191 185 
146 143 168 172 145 154 170 157 
121 114 143 146 119 123 145 136 
103 88 114 121 96 99 119 113 
84 69 88 103 74 73 96 94 
77 65 69 84 71 66 74 78 
279 285 311 304 281 299 309 291 
251 256 285 279 254 271 281 265 
224 227 256 251 226 240 254 238 
190 196 227 224 192 211 226 210 
168 164 196 190 166 180 192 182 
143 138 164 168 141 151 166 154 
114 104 138 143 106 120 141 123 
88 72 104 114 76 90 106 99 
69 55 72 88 61 63 76 73 
65 50 55 69 56 51 61 66 
285 294 317 311 289 307 315 299 
256 260 294 285 258 276 289 271 
227 229 260 256 228 245 258 240 
196 198 229 227 197 213 228 211 
164 160 198 196 162 181 197 180 
138 131 160 164 134 148 162 151 
104 98 131 138 101 116 134 120 
72 64 98 104 68 75 101 90 
55 45 64 72 49 53 68 63 
50 34 45 55 43 36 49 51 
294 300 323 317 295 312 320 307 
260 267 300 294 263 282 295 276 
229 233 267 260 232 250 263 245 
198 201 233 229 200 215 232 213 
160 163 201 198 161 184 200 181 
131 127 163 160 129 147 161 148 
98 93 127 131 95 111 129 116 
64 54 93 98 57 70 95 75 
45 32 54 64 35 42 57 53 
34 26 32 45 31 28 35 36 
300 308 327 323 303 318 326 312 
267 273 308 300 270 290 303 282 
233 237 273 267 235 255 270 250 
201 203 237 233 202 218 235 215 
163 167 203 201 165 187 202 184 
127 126 167 163 125 149 165 147 
93 87 126 127 91 109 125 111 
54 48 87 93 52 67 91 70 
32 25 48 54 29 33 52 42 
26 18 25 32 21 20 29 28 
308 313 332 327 310 324 330 318 
273 280 313 308 275 298 310 290 
237 242 280 273 239 262 275 255 
203 206 242 237 205 225 239 218 
167 171 206 203 169 188 205 187 
126 130 171 167 128 152 169 149 
87 80 130 126 83 110 128 109 
48 46 80 87 47 62 83 67 
25 19 46 48 22 30 47 33 
18 9 19 25 15 13 22 20 
313 319 335 332 316 329 334 324 
280 287 319 313 283 305 316 298 
242 249 287 280 246 268 283 262 
206 212 249 242 209 231 246 225 
171 176 212 206 173 189 209 188 
130 135 176 171 132 155 173 152 
80 81 135 130 79 112 132 110 
46 41 81 80 44 60 79 62 
19 16 41 46 17 27 44 30 
9 6 16 19 7 8 17 13 
319 325 338 335 322 333 337 329 
287 297 325 319 293 314 322 305 
249 257 297 287 252 277 293 268 
212 216 257 249 214 236 252 231 
176 178 216 212 177 199 214 189 
135 139 178 176 137 156 177 155 
81 85 139 135 82 115 137 112 
41 39 85 81 40 59 82 60 
16 12 39 41 14 24 40 27 
6 2 12 16 3 5 14 8 
325 331 340 338 328 336 339 333 
297 306 331 325 302 321 328 314 
257 264 306 297 261 286 302 277 
216 223 264 257 220 243 261 236 
178 183 223 216 179 204 220 199 
139 142 183 178 140 158 179 156 
85 89 142 139 86 117 140 115 
39 37 89 85 38 58 86 59 
12 10 37 39 11 23 38 24 
2 0 10 12 1 4 11 5 
