50 0 
50 1.66667 
47.9167 0 
50 3.33333 
45.8333 0 
50 5 
43.75 0 
50 6.66667 
43 2 
41.6667 0 
50 8.33333 
43 4.66667 
50 10 
43 7.33333 
39.7917 2 
39.5833 0 
43 10 
37.5 0 
36.5833 2 
36 4 
35.4167 0 
36 5 
36 6 
34.875 4 
36 7 
36 8 
36 9 
33.3333 0 
33.75 4 
33.375 2 
36 10 
32.625 4 
33 6 
33 7.38776 
31.25 0 
31.5 4 
33 8.72989 
31.25 6 
33 10 
30.1667 2 
30.375 4 
29.1667 0 
29.25 4 
29.5 6 
30 8 
30 8.38776 
30 8.77551 
30 9.11765 
29.375 8 
30 9.45978 
28.125 4 
30 9.72989 
29.5436 8.77551 
29.7872 9.45978 
30 10 
29.9616 10.0384 
29.9232 10.0768 
29.8781 10 
29.7038 9.72989 
29.5732 9.45978 
29.8635 10.1365 
29.8013 10.0768 
29.7562 10 
29.3407 9.11765 
29.8038 10.1962 
29.7179 10.0384 
29.0879 8.77551 
29.6796 10.0768 
28.75 8 
29.5896 10 
29.682 10.1962 
29.3212 9.45978 
29.7137 10.2863 
28.8513 8.38776 
29.62 10.1365 
29.5133 10.0768 
29.5605 10.1962 
29.318 9.72989 
29.6237 10.3763 
29.423 10 
27.0833 0 
29.3851 10.0384 
29.4708 10.2863 
29.0681 9.45978 
29.5022 10.3763 
29.3471 10.0768 
29.3947 10.1962 
29.4922 10.5078 
27.75 6 
29.2882 10.1365 
29.2009 10 
29.3811 10.3763 
28.6181 8.77551 
26.9583 2 
29.2293 10.1962 
29.1257 10.0768 
29.3606 10.6394 
29.2162 10.3763 
28.6273 9.11765 
28.7679 9.45978 
29.1405 10.2863 
29.25 10.5078 
28.9787 10 
28.125 8 
28.8217 9.72989 
29.2395 10.6394 
28.9416 10.0384 
29.009 10.1962 
27 4 
29.0518 10.3763 
28.9045 10.0768 
29.119 10.6394 
28.8468 10.1365 
29.1744 10.8256 
28.4666 9.45978 
28.7892 10.1962 
28.69 10 
28.1489 8.77551 
28.9223 10.5078 
28.8333 10.3763 
28.9555 10.6394 
28.617 10.0768 
28.7024 10.2863 
28.9337 10.8256 
28.9882 11.0118 
28.7928 10.6394 
28.6156 10.3763 
28.5038 10.1962 
28.4012 10 
27.6992 8.38776 
28.8679 11.0118 
28.1088 9.45978 
28.3655 10.0384 
28.1935 9.72989 
27.5 8 
28.3298 10.0768 
28.5771 10.6394 
28.7485 11.0118 
28.489 10.5078 
27.8468 9.11765 
28.6098 10.8256 
28.2744 10.1365 
27.6621 8.77551 
28.3334 10.3763 
28.219 10.1962 
28.7333 11.2667 
28.5871 11.0118 
28.3626 10.6394 
28.0354 10 
28.1356 10.2863 
27.75 9.45978 
28.427 11.0118 
27.9662 10.0768 
28.0523 10.3763 
28.4949 11.2667 
28.184 10.8256 
28.0852 10.6394 
27.8587 10.1962 
28.2155 11.0118 
28.4783 11.5217 
27.9307 10.5078 
27.1759 8.77551 
25.875 4 
27.6697 10 
26.875 8 
27.6363 10.0384 
28.3594 11.5217 
27.6029 10.0768 
28.177 11.2667 
27.3262 9.45978 
27.4134 9.72989 
28.0057 11.0118 
27.6971 10.3763 
27.8094 10.6394 
28.2416 11.5217 
27.551 10.1365 
27.4992 10.1962 
26 6 
26.9863 9.11765 
28.0837 11.5217 
27.4211 10.2863 
27.7352 11.0118 
27.638 10.8256 
28.141 11.859 
27.2186 10 
27.9274 11.5217 
26.5417 8.38776 
27.3432 10.3763 
27.4616 10.6394 
26.6684 8.77551 
27.7621 11.2667 
26.9013 9.45978 
27.155 10.0768 
25 0 
26.25 8 
27.9066 11.859 
27.2294 10.5078 
27.467 11.0118 
27.7222 11.5217 
27.0563 10.1962 
27.1158 10.6394 
27.5191 11.5217 
26.7674 10 
26.9078 10.3763 
27.8036 12.1964 
26.7374 10.0384 
27.5976 11.859 
26.7074 10.0768 
27.1297 11.0118 
27.2334 11.2667 
26.1616 8.77551 
26.4044 9.45978 
27.6871 12.1964 
26.6608 10.1365 
26.9553 10.8256 
26.4658 9.72989 
27.2584 11.5217 
26.6142 10.1962 
27.5718 12.1964 
24.75 4 
26.544 10.2863 
26.6911 10.6394 
26.0333 9.11765 
25.625 8 
27.4193 12.1964 
26.7951 11.0118 
27.1983 11.859 
26.4737 10.3763 
27.0006 11.5217 
26.2261 10 
27.2684 12.1964 
26.3711 10.5078 
26.1706 10.0768 
25.9068 9.45978 
25.6301 8.77551 
27.3729 12.6271 
27.0723 12.1964 
26.5764 11.2667 
26.0842 10.1962 
26.2685 10.6394 
25.377 8.38776 
26.6777 11.5217 
26.3853 11.0118 
27.1446 12.6271 
26.8784 12.1964 
26.6935 11.859 
25.9539 10.3763 
26.1234 10.8256 
25 8 
25.6847 10 
26.3582 11.5217 
23.75 2 
25.6594 10.0384 
26.6314 12.1964 
25.634 10.0768 
26.8487 12.6271 
25.0992 8.77551 
25.3333 9.45978 
25.9784 11.0118 
25.5945 10.1365 
24.25 6 
25.7632 10.6394 
25.5549 10.1962 
26.9422 13.0578 
25.3422 9.72989 
25.4952 10.2863 
26.3874 12.1964 
26.8294 13.0578 
24.9782 9.11765 
25.968 11.5217 
25.4353 10.3763 
23.625 4 
26.7177 13.0578 
26.4709 12.6271 
26.0703 11.859 
25.7799 11.2667 
25.3477 10.5078 
26.5729 13.0578 
24.375 8 
26.0835 12.1964 
25.4927 11.0118 
25.0532 10 
24.5409 8.77551 
25.2597 10.6394 
26.4296 13.0578 
25.0081 10.0768 
24.7595 9.45978 
25.5816 11.5217 
24.9377 10.1962 
22.9167 0 
26.246 13.0578 
25.7833 12.1964 
25.1349 10.8256 
25.9977 12.6271 
24.2034 8.38776 
26.412 13.588 
24.831 10.3763 
26.0644 13.0578 
25.0097 11.0118 
25.3193 11.859 
26.1925 13.588 
25.1215 11.5217 
25.4183 12.1964 
23.75 8 
23.983 8.77551 
24.4216 10 
25.8356 13.0578 
24.6735 10.6394 
24.402 10.0384 
24.3824 10.0768 
24.1101 9.45978 
24.8375 11.2667 
24.3517 10.1365 
24.3209 10.1962 
25.4179 12.6271 
25.9145 13.588 
25.6093 13.0578 
24.2742 10.2863 
24.0443 9.72989 
23.8155 9.11765 
25.0573 12.1964 
24.2272 10.3763 
22.5 4 
24.4478 11.0118 
24.6646 11.5217 
24.158 10.5078 
25.3298 13.0578 
25.8819 14.1181 
25.5653 13.588 
24.0881 10.6394 
23.3961 8.77551 
25.7745 14.1181 
23.125 8 
23.7058 10 
25.6676 14.1181 
22.5 6 
24.6289 12.1964 
25.0535 13.0578 
23.9883 10.8256 
23.461 9.45978 
24.4349 11.859 
23.6731 10.0768 
25.5335 14.1181 
23.019 8.38776 
24.7229 12.6271 
23.6216 10.1962 
24.1341 11.5217 
25.1327 13.588 
23.8872 11.0118 
25.4 14.1181 
23.5426 10.3763 
24.7194 13.0578 
25.233 14.1181 
24.204 12.1964 
23.7472 11.2667 
22.8093 8.77551 
23.4243 10.6394 
22.5 8 
25.0671 14.1181 
24.3887 13.0578 
23.6052 11.5217 
24.6061 13.588 
22.9901 10 
25.2539 14.7461 
22.9769 10.0384 
24.8614 14.1181 
22.7421 9.45978 
22.9637 10.0768 
22.9429 10.1365 
21.375 4 
23.2515 11.0118 
22.5457 9.11765 
22.922 10.1962 
23.7117 12.1964 
25.046 14.7461 
23.9078 12.6271 
22.8899 10.2863 
24.6571 14.1181 
22.8574 10.3763 
22.5862 9.72989 
23.998 13.0578 
23.4145 11.859 
22.8089 10.5078 
22.1933 8.77551 
20.8333 0 
24.791 14.7461 
24.4076 14.1181 
21.875 8 
22.7595 10.6394 
23.0055 11.5217 
23.9777 13.588 
22.6878 10.8256 
21.822 8.38776 
23.2211 12.1964 
23.6104 13.0578 
24.1597 14.1181 
24.4776 14.7461 
22.6143 11.0118 
20.5417 2 
22.0242 9.45978 
22.2027 10 
22.1829 10.0768 
22.1513 10.1962 
24.6259 15.3741 
23.8624 14.1181 
22.5107 11.2667 
21.5771 8.77551 
24.5253 15.3741 
22.1017 10.3763 
24.0946 14.7461 
22.9704 12.6271 
24.4245 15.3741 
21.25 8 
23.1626 13.0578 
20.75 6 
22.404 11.5217 
22.0253 10.6394 
22.6655 12.1964 
24.3035 15.3741 
23.5669 14.1181 
23.2428 13.588 
20.25 4 
24.1821 15.3741 
22.2583 11.859 
21.9095 11.0118 
24.0354 15.3741 
23.6316 14.7461 
21.1769 9.11765 
22.7163 13.0578 
21.2482 9.45978 
23.2196 14.1181 
21.4154 10 
23.8883 15.3741 
21.4085 10.0384 
21.4016 10.0768 
21.3905 10.1365 
20.9332 8.77551 
21.3792 10.1962 
21.3616 10.2863 
22.108 12.1964 
20.625 8 
23.7106 15.3741 
21.3434 10.3763 
21.7377 11.5217 
21.3158 10.5078 
20.6106 8.38776 
22.874 14.1181 
20.9961 9.72989 
23.5323 15.3741 
21.2869 10.6394 
23.9109 16.0891 
23.0804 14.7461 
22.2122 13.0578 
21.2441 10.8256 
22.3997 13.588 
23.3184 15.3741 
21.91 12.6271 
23.7168 16.0891 
21.1989 11.0118 
22.4765 14.1181 
23.1037 15.3741 
20.2886 8.77551 
21.1336 11.2667 
20.4742 9.45978 
21.4902 12.1964 
23.4886 16.0891 
20 8 
20.5755 10 
20.5672 10.0768 
19.125 4 
21.0644 11.5217 
21.7064 13.0578 
20.5533 10.1962 
22.8492 15.3741 
20.5305 10.3763 
23.217 16.0891 
18.75 0 
22.4362 14.7461 
22.0799 14.1181 
20.9674 11.859 
20.493 10.6394 
22.5939 15.3741 
22.8917 16.0891 
20.4322 11.0118 
19 6 
20.8648 12.1964 
19.7252 9.11765 
21.4494 13.588 
19.6198 8.77551 
23.1959 16.8041 
19.375 8 
21.1471 13.0578 
22.2963 15.3741 
21.634 14.1181 
23.1028 16.8041 
19.3826 8.38776 
19.6592 9.45978 
23.0087 16.8041 
20.3354 11.5217 
22.5023 16.0891 
19.7357 10 
20.7266 12.6271 
22.9022 16.8041 
19.7337 10.0384 
19.7316 10.0768 
21.6986 14.7461 
19.7282 10.1365 
21.9981 15.3741 
19.7246 10.1962 
22.7943 16.8041 
19.7187 10.2863 
19.7123 10.3763 
19.7021 10.5078 
22.6703 16.8041 
21.1873 14.1181 
19.691 10.6394 
20.5814 13.0578 
22.5445 16.8041 
19.315 9.72989 
19.6735 10.8256 
20.1866 12.1964 
21.6575 15.3741 
18 4 
18.75 8 
22.04 16.0891 
18.9498 8.77551 
19.6542 11.0118 
22.3982 16.8041 
19.6249 11.2667 
22.2495 16.8041 
19.5925 11.5217 
20.6965 14.1181 
21.3165 15.3741 
18.8474 9.45978 
20.395 13.588 
22.076 16.8041 
20.8727 14.7461 
19.5453 11.859 
18.8678 10 
22.415 17.585 
18.8667 10.0768 
17.3333 2 
21.4999 16.0891 
21.8995 16.8041 
19.969 13.0578 
18.8645 10.1962 
18.8602 10.3763 
19.4934 12.1964 
18.125 8 
22.2346 17.585 
20.9365 15.3741 
18.8517 10.6394 
21.6943 16.8041 
18.261 8.77551 
18.1362 8.38776 
20.2023 14.1181 
22.0344 17.585 
18.8358 11.0118 
18.2149 9.11765 
19.4214 12.6271 
21.4858 16.8041 
20.5569 15.3741 
21.8073 17.585 
18.807 11.5217 
20.8831 16.0891 
17.25 6 
21.246 16.8041 
19.3437 13.0578 
16.6667 0 
18.0163 9.45978 
16.875 4 
21.5451 17.585 
19.672 14.1181 
19.9692 14.7461 
17.5 8 
21.0034 16.8041 
18 10 
18 10.0384 
18.7582 12.1964 
18 10.0768 
18 10.1365 
20.145 15.3741 
18 10.1962 
17.5703 8.77551 
18 10.2863 
19.2419 13.588 
18 10.3763 
18 10.5078 
21.2387 17.585 
18 10.6394 
20.7294 16.8041 
18 10.8256 
21.634 18.366 
17.5948 9.72989 
18 11.0118 
21.5473 18.366 
20.1999 16.0891 
17.5943 9.85953 
17.5925 10.0309 
18 11.2667 
18.6817 13.0578 
21.4595 18.366 
19.1351 14.1181 
19.7346 15.3741 
20.4541 16.8041 
17.5896 10.2611 
18 11.5217 
21.3666 18.366 
20.8799 17.585 
16.875 8 
17.5853 10.5714 
21.2721 18.366 
18 11.859 
17.1897 9.45978 
16.8696 8.38776 
21.1704 18.366 
17.1894 9.59058 
17.1885 9.72168 
17.5794 10.9867 
18 12.1964 
20.1513 16.8041 
17.1871 9.86975 
21.0666 18.366 
16.8681 8.77551 
17.1851 10.0181 
19.0045 14.7461 
19.3022 15.3741 
17.1824 10.1906 
20.9529 18.366 
20.4642 17.585 
18 12.6271 
17.1792 10.3633 
17.5718 11.5338 
18.5726 14.1181 
20.8363 18.366 
15.75 4 
17.1751 10.569 
19.4705 16.0891 
19.85 16.8041 
16.6765 9.11765 
17.1705 10.775 
18 13.0578 
20.7069 18.366 
17.1649 11.0243 
17.5623 12.2384 
16.6754 9.57992 
16.25 8 
20.5741 18.366 
18.8727 15.3741 
17.1588 11.2739 
18 13.588 
19.9939 17.585 
19.5295 16.8041 
20.4255 18.366 
16.6722 10.065 
17.1515 11.5779 
20.817 19.183 
17.1436 11.8822 
20.2732 18.366 
16.1633 8.77551 
16.6667 10.5827 
18 14.1181 
17.551 13.1212 
15.5 6 
16.163 9.11133 
20.6473 19.183 
19.2152 16.8041 
17.1344 12.2517 
20.1032 18.366 
18.4341 15.3741 
16.1623 9.44661 
16.6586 11.1452 
18.725 16.0891 
20.4714 19.183 
17.1247 12.6214 
19.4818 17.585 
16.161 9.78762 
18 14.7461 
19.9298 18.366 
15.625 8 
16.1593 10.1281 
18.8937 16.8041 
16.6477 11.7668 
20.2865 19.183 
17.1135 13.065 
19.7389 18.366 
14.5833 0 
15.5816 8.38776 
16.157 10.4769 
17.5383 14.1929 
18 15.3741 
20.0887 19.183 
16.1542 10.8252 
19.5463 18.366 
17.102 13.5088 
14.625 4 
16.6336 12.4626 
18.5845 16.8041 
15.5811 9.23689 
16.1507 11.185 
18.9531 17.585 
19.8737 19.183 
19.3392 18.366 
16.1468 11.5443 
17.0892 14.031 
18 16.0891 
15.5797 10.087 
18.2829 16.8041 
16.142 11.9188 
15 8 
19.6373 19.183 
16.616 13.2476 
19.134 18.366 
14.125 2 
17.5249 15.4492 
17.0765 14.5532 
15 8.46154 
16.1367 12.2928 
20 20 
18.9213 18.366 
15.5771 10.9396 
15 8.92308 
18.4447 17.585 
19.9167 20 
19.3774 19.183 
18 16.8041 
16.1304 12.6861 
19.8333 20 
15 9.38462 
17.0629 15.1524 
19.75 20 
16.5949 14.1337 
18.7159 18.366 
16.1236 13.0788 
19.6667 20 
15 9.84615 
19.0954 19.183 
15.5734 11.7961 
19.5833 20 
18.5133 18.366 
19.5 20 
16.1156 13.4946 
15 10.3077 
18 17.585 
17.0499 15.7513 
19.4167 20 
17.5127 16.8672 
19.3333 20 
18.325 18.366 
15 10.7692 
18.7989 19.183 
16.1073 13.91 
19.25 20 
15.5683 12.6586 
16.5712 15.1275 
13.5 4 
13.75 6 
19.1667 20 
15 11.2308 
18.1515 18.366 
16.0977 14.3516 
19.0833 20 
17.0369 16.4182 
18.5026 19.183 
19 20 
18 18.366 
15 11.6923 
18.9167 20 
16.0878 14.793 
15.5618 13.5289 
18.8333 20 
15 12.1538 
18.75 20 
18.228 19.183 
17.0253 17.0843 
18.6667 20 
16.5464 16.2278 
16.0768 15.2626 
15 12.6154 
18.5833 20 
18 19.183 
18.5 20 
15.5537 14.4091 
17.5035 18.4041 
15 13.0769 
18.4167 20 
16.0659 15.7322 
18.3333 20 
17.015 17.8013 
12.5 0 
18.25 20 
15 13.5385 
18.1667 20 
16.0541 16.23 
18.0833 20 
15 14 
15.5439 15.3011 
18 20 
16.5236 17.423 
17.0071 18.517 
12.375 4 
16.0429 16.7284 
15 14.4615 
15 14.9231 
15.5329 16.2069 
16.0318 17.2525 
17.5 20 
17.0018 19.2594 
15 15.3846 
16.0218 17.7781 
16.5066 18.691 
15 15.8462 
12 6 
15.5215 17.1282 
17 20 
16.0129 18.3244 
15 16.3077 
12 7.07692 
15 16.7692 
12 8.15385 
16.0061 18.873 
15.5109 18.0668 
11.25 4 
15 17.2308 
16.5 20 
12 9.23077 
10.9167 2 
16.0016 19.4349 
15 17.6923 
12 10.3077 
15.5031 19.024 
15 18.1538 
16 20 
10.4167 0 
15 18.6154 
12 11.3846 
15 19.0769 
15.5 20 
12 12.4615 
10.125 4 
15 19.5385 
15 20 
12 13.5385 
12 14.6154 
12 15.6923 
9 4 
9 4.61538 
9 5.23077 
9 5.84615 
9 6.46154 
12 16.7692 
9 7.07692 
8.33333 0 
9 7.69231 
9 8.30769 
9 8.92308 
12 17.8462 
9 9.53846 
9 10.1538 
7.70833 2 
9 10.7692 
12 18.9231 
9 11.3846 
9 12 
9 12.6154 
12 20 
9 13.2308 
9 13.8462 
9 14.4615 
9 15.0769 
6.25 0 
9 15.6923 
9 16.3077 
9 16.9231 
9 17.5385 
9 18.1538 
9 18.7692 
9 19.3846 
4.5 2 
9 20 
4.5 3.38462 
4.5 4.76923 
4.16667 0 
4.5 6.15385 
4.5 7.53846 
4.5 8.92308 
4.5 10.3077 
4.5 11.6923 
4.5 13.0769 
4.5 14.4615 
2.08333 0 
4.5 15.8462 
4.5 17.2308 
4.5 18.6154 
4.5 20 
0 0 
0 0.769231 
0 1.53846 
0 2.30769 
0 3.07692 
0 3.84615 
0 4.61538 
0 5.38462 
0 6.15385 
0 6.92308 
0 7.69231 
0 8.46154 
0 9.23077 
0 10 
0 10.7692 
0 11.5385 
0 12.3077 
0 13.0769 
0 13.8462 
0 14.6154 
0 15.3846 
0 16.1538 
0 16.9231 
0 17.6923 
0 18.4615 
0 19.2308 
0 20 
