0 0 0.2 
0 0 0.15 
0 0.05 0.2 
0 0 0.1 
0 0.1 0.2 
0 0.05 0.1 
0 0.1 0.15 
0 0.1 0.1 
0 0 0.05 
0 0.15 0.2 
0 0.1 0.05 
0 0.15 0.1 
0 0 0 
0 0.2 0.2 
0 0.2 0.15 
0 0.05 0 
0 0.2 0.1 
0 0.1 0 
0.25 0 0.2 
0 0.2 0.05 
0 0.15 0 
0.25 0 0.1 
0.25 0.1 0.2 
0 0.2 0 
0.25 0.1 0.1 
0.25 0 0 
0.25 0.2 0.2 
0.25 0.2 0.1 
0.25 0.1 0 
0.25 0.2 0 
0.5 0 0.2 
0.5 0 0.15 
0.5 0.05 0.2 
0.5 0 0.1 
0.5 0.1 0.2 
0.5 0.1 0.15 
0.5 0.05 0.1 
0.5 0.1 0.1 
0.5 0.15 0.2 
0.5 0 0.05 
0.5 0.15 0.1 
0.5 0.1 0.05 
0.5 0 0 
0.5 0.2 0.2 
0.5 0.2 0.15 
0.5 0.05 0 
0.5 0.2 0.1 
0.5 0.1 0 
0.5 0.2 0.05 
0.5 0.15 0 
0.5 0.2 0 
0.75 0 0.2 
0.75 0.1 0.2 
0.75 0 0.1 
0.75 0.1 0.1 
0.75 0 0 
0.75 0.2 0.2 
0.75 0.2 0.1 
0.75 0.1 0 
0.75 0.2 0 
1 0 0.2 
1 0 0.15 
1 0.05 0.2 
1 0 0.1 
1 0.1 0.2 
1 0.05 0.1 
1 0.1 0.15 
1 0.1 0.1 
1 0 0.05 
1 0.15 0.2 
1 0.1 0.05 
1 0.15 0.1 
1 0 0 
1 0.2 0.2 
1 0.2 0.15 
1 0.05 0 
1 0.2 0.1 
1 0.1 0 
1 0.2 0.05 
1 0.15 0 
1 0.2 0 
1.25 0 0.2 
1.25 0.1 0.2 
1.25 0 0.1 
1.25 0.1 0.1 
1.25 0.2 0.2 
1.25 0 0 
1.25 0.2 0.1 
1.25 0.1 0 
1.25 0.2 0 
1.5 0 0.2 
1.5 0.05 0.2 
1.5 0 0.15 
1.5 0.1 0.2 
1.5 0 0.1 
1.5 0.05 0.1 
1.5 0.1 0.15 
1.5 0.1 0.1 
1.5 0.15 0.2 
1.5 0 0.05 
1.5 0.1 0.05 
1.5 0.15 0.1 
1.5 0.2 0.2 
1.5 0 0 
1.5 0.2 0.15 
1.5 0.05 0 
1.5 0.2 0.1 
1.5 0.1 0 
1.5 0.2 0.05 
1.5 0.15 0 
1.5 0.2 0 
1.75 0 0.2 
1.75 0 0.1 
1.75 0.1 0.2 
1.75 0.1 0.1 
1.75 0.2 0.2 
1.75 0 0 
1.75 0.2 0.1 
1.75 0.1 0 
1.75 0.2 0 
2 0 0.2 
2 0.05 0.2 
2 0 0.15 
2 0.1 0.2 
2 0 0.1 
2 0.05 0.1 
2 0.1 0.15 
2 0.1 0.1 
2 0.15 0.2 
2 0 0.05 
2 0.1 0.05 
2 0.15 0.1 
2 0 0 
2 0.2 0.2 
2 0.2 0.15 
2 0.05 0 
2 0.2 0.1 
2 0.1 0 
2 0.2 0.05 
2 0.15 0 
2 0.2 0 
