  1             200               0               0
    2             195               0               0
    3             190               0               0
    4             185               0               0
    5      199.383467      15.6918191               0
    6       189.44291      15.4213216               0
    7             180               0               0
    8             175               0               0
    9      179.483276      14.8080952               0
   10             170               0               0
   11      197.537668       31.286893               0
   12      192.663209      31.0568635               0
   13      187.768544      30.6524732               0
   14      169.509333       13.937822               0
   15       182.85592      30.0930953               0
   16             165               0               0
   17       177.92758      29.3981035               0
   18      172.985771       28.586871               0
   19             160               0               0
   20      168.032737      27.6787713               0
   21      159.525851      12.8961843               0
   22             155               0               0
   23      163.070723       26.693178               0
   24      194.473984      46.6890728               0
   25      184.977929      45.6088453               0
   26      158.101974      25.6494643               0
   27             150               0               0
   28      175.330111       43.692467               0
   29        149.5376      11.7688644               0
   30      153.128735      24.5670037               0
   31      165.568471      41.1489757               0
   32             145               0               0
   33      148.153251      23.4651698               0
   34       155.73095       38.187409               0
   35             140               0               0
   36      143.177767      22.3633358               0
   37      139.549349      10.6415444               0
   38      190.211303      61.8033989               0
   39      185.680946      61.1452026               0
   40       181.07956      60.2069362               0
   41      176.415037      59.0197185               0
   42      171.695269      57.6146686               0
   43      145.855488      35.0168046               0
   44             135               0               0
   45      166.928148      56.0229053               0
   46      138.204528      21.2808752               0
   47      162.121567      54.2755475               0
   48      157.283417       52.403714               0
   49      152.421591      50.4385239               0
   50      133.235779      20.2371615               0
   51             130               0               0
   52      129.565867      9.59990676               0
   53       147.54398       48.411096               0
   54      135.980026      31.8462002               0
   55      142.658477      46.3525492               0
   56      128.273765      19.2515682               0
   57             125               0               0
   58      137.772975      44.2940023               0
   59      184.775907      76.5366865               0
   60      176.089245      74.3649719               0
   61      167.034494      71.0898442               0
   62      123.320731      18.3434685               0
   63      157.703676      66.9871566               0
   64      126.142505      28.8846335               0
   65      132.895364      42.2665744               0
   66             120               0               0
   67      119.591924      8.72963356               0
   68      148.188814      62.3327624               0
   69      128.033538      40.3013843               0
   70      118.378922       17.532236               0
   71       138.58193      57.4025149               0
   72             115               0               0
   73      123.195388      38.4295508               0
   74      116.380865      26.3411422               0
   75      113.450582      16.8372442               0
   76      128.975046      52.4722674               0
   77      118.388807       36.682193               0
   78             110               0               0
   79       109.63229      8.11640708               0
   80      156.887936        81.72089               0
   81      152.332877       79.214592               0
   82      161.366052      84.0453837               0
   83      165.751835      86.1517124               0
   84      147.716263      76.5628507               0
   85      108.537958      16.2778663               0
   86      170.029898      88.0035153               0
   87      174.184851      89.5644314               0
   88      143.053483      73.8020268               0
   89      113.621686      35.0904297               0
   90      178.201305      90.7980999               0
   91      119.460183      47.8178731               0
   92      138.359925      70.9684813               0
   93             105               0               0
   94      133.650979       68.098575               0
   95      106.733047      24.4247639               0
   96      128.942032      65.2286686               0
   97      108.901918      33.6853798               0
   98      103.643294       15.873476               0
   99      124.248475      62.3951231               0
  100      110.129366      43.7151855               0
  101             100               0               0
  102      119.585694      59.6342992               0
  103      99.6917334      7.84590957               0
  104      104.237395      32.4981622               0
  105       114.96908      56.9825579               0
  106      98.7688341      15.6434465               0
  107      110.414021        54.47626               0
  108      99.6360086      31.5598957               0
  109       97.236992      23.3445364               0
  110      137.042205      84.7806572               0
  111      146.033441       90.891308               0
  112      127.896025      78.3747847               0
  113      154.714788      96.4115154               0
  114      101.074615      40.4400578               0
  115      105.935905      52.1517662               0
  116        162.9313      101.046058               0
  117      118.749844      71.9689122               0
  118      170.528033      104.499713               0
  119      95.1056516      30.9016994               0
  120      101.550122      50.0454375               0
  121      109.758608      65.8582614               0
  122      97.2720594      48.1936346               0
  123      92.3879533      38.2683432               0
  124      101.077262       60.338054               0
  125      93.1171067      46.6327185               0
  126       125.78146      91.7049735               0
  127      130.187109       95.205901               0
  128      121.352549      88.1677878               0
  129      134.546234      98.6343122               0
  130      116.923638      84.6306022               0
  131      138.835572      101.953949               0
  132      112.517989      81.1296747               0
  133      143.031861      105.128553               0
  134      89.1006524        45.39905               0
  135      108.158864      77.7012635               0
  136      147.111839      108.121867               0
  137      92.8607495      55.7035118               0
  138      151.052244      110.897631               0
  139      103.869526      74.3816267               0
  140      154.829814      113.419589               0
  141      158.421286      115.651481               0
  142      99.6732372      71.2070226               0
  143      161.803399       117.55705               0
  144       95.593259      68.2137091               0
  145      85.2640164      52.2498565               0
  146      91.6528539      65.4379445               0
  147      87.8752841      62.9159869               0
  148      114.060895      97.4172072               0
  149       105.59621      89.8160526               0
  150       122.52558      105.018362               0
  151      84.2838119      60.6840944               0
  152      97.3466817      82.4915664               0
  153      130.775108      112.342848               0
  154      80.9016994      58.7785252               0
  155      89.5274658      75.7204174               0
  156      138.594324      119.113997               0
  157      145.768071       125.05514               0
  158      82.3537186       69.779274               0
  159      152.081193       129.88961               0
  160      76.0405966      64.9448048               0
  161      98.0320634      97.9696103               0
  162      102.033995      102.001793               0
  163      94.0903119      94.0015114               0
  164      106.066017      106.066017               0
  165      90.2388311      90.1295381               0
  166      110.098039      110.130242               0
  167       86.507711      86.3857322               0
  168      114.099971      114.162424               0
  169      82.9270418      82.8021355               0
  170      118.041722      118.130523               0
  171      79.5269137      79.4107899               0
  172      121.893203      122.002496               0
  173      76.3374169      76.2437373               0
  174      125.624323      125.746302               0
  175      73.3886417      73.3330194               0
  176      70.7106781      70.7106781               0
  177      129.204993      129.329899               0
  178      132.605121      132.721244               0
  179      135.794617      135.888297               0
  180      138.743393      138.799015               0
  181      82.5984344      97.2398137               0
  182        89.87712      105.535143               0
  183      75.8425522       89.405331               0
  184      141.421356      141.421356               0
  185      97.4172072      114.060895               0
  186      69.8708751      82.2621175               0
  187      64.9448048      76.0405966               0
  188      104.957295      122.586647               0
  189       112.23598      130.881976               0
  190      118.991862      138.716459               0
  191      68.3277504      95.4792177               0
  192      65.5439672      91.5468311               0
  193       71.318391      99.5618688               0
  194      63.0015178      87.7897531               0
  195      58.7785252      80.9016994               0
  196      60.7348784      84.2330279               0
  197      74.4814129       103.76974               0
  198      77.7823397      108.077788               0
  199      81.1866954      112.460968               0
  200      124.963539      145.859672               0
  201      84.6600035      116.894237               0
  202      88.1677878      121.352549               0
  203      91.6755722      125.810862               0
  204      95.1488803       130.24413               0
  205       129.88961      152.081193               0
  206      98.5532359       134.62731               0
  207      101.854163      138.935358               0
  208      52.2498565      85.2640164               0
  209      55.7794689      92.7847924               0
  210      105.017185       143.14323               0
  211      60.4393302      100.975986               0
  212       65.946878      109.669991               0
  213      108.007825      147.225881               0
  214      72.0195503      118.699206               0
  215      110.791608      151.158267               0
  216      78.3747847      127.896025               0
  217      113.334058      154.915345               0
  218        45.39905      89.1006524               0
  219      84.7300191      137.092843               0
  220      46.6705181      93.0793071               0
  221      115.600697       158.47207               0
  222      48.2572971      97.2083969               0
  223      50.1243524      101.471207               0
  224       117.55705      161.803399               0
  225      52.2366495      105.851022               0
  226      90.8026914      146.122058               0
  227      54.5591538      110.331127               0
  228      57.0568308      114.894807               0
  229       59.694646      119.525348               0
  230      62.4375647      124.206033               0
  231      38.2683432      92.3879533               0
  232      96.3102392      154.816064               0
  233      65.2505526      128.920148               0
  234       68.098575      133.650979               0
  235      40.4897392      101.024934               0
  236      70.9465973      138.381809               0
  237        100.9701      163.007257               0
  238      73.7595852      143.095924               0
  239      43.7814273      110.063124               0
  240       76.502504       147.77661               0
  241      47.8758347      119.402222               0
  242      30.9016994      95.1056516               0
  243      79.1403191       152.40715               0
  244      104.499713      170.528033               0
  245        31.58082      99.6150844               0
  246      52.5053883      128.941925               0
  247      81.6379961       156.97083               0
  248       32.533403      104.202154               0
  249      33.7290638      108.858234               0
  250      83.9605004      161.450935               0
  251      57.4025149       138.58193               0
  252      35.1374175      113.574698               0
  253      86.0727975       165.83075               0
  254      23.3445364       97.236992               0
  255      36.7280796       118.34292               0
  256      62.2996415      148.221935               0
  257      38.4706652      123.154274               0
  258      87.9398528       170.09356               0
  259      40.3347897      128.000133               0
  260      24.4464542      106.711357               0
  261      42.2900683       132.87187               0
  262      89.5266318       174.22265               0
  263       66.929195      157.761638               0
  264      44.3061164      137.760861               0
  265      90.7980999      178.201305               0
  266      26.3700625      116.351945               0
  267      15.6434465      98.7688341               0
  268      46.3525492      142.658477               0
  269      71.0236024      167.100736               0
  270      15.8796638      103.637106               0
  271      48.3989819      147.556094               0
  272      28.9099388        126.1172               0
  273      16.2882879      108.527536               0
  274        50.41503      152.445085               0
  275      16.8501626      113.437664               0
  276      52.3703086      157.316822               0
  277      31.8606604      135.965566               0
  278      74.3152906      176.138926               0
  279      7.84590957      99.6917334               0
  280      17.5461315      118.365026               0
  281      54.2344331      162.162681               0
  282      18.3570383      123.307161               0
  283      35.0168046      145.855488               0
  284      55.9770188      166.974035               0
  285      8.11919151      109.629505               0
  286      19.2637267      128.261606               0
  287      76.5366865      184.775907               0
  288      57.5676808      171.742257               0
  289               0             100               0
  290      20.2470403        133.2259               0
  291      38.1729488       155.74541               0
  292      8.73334612      119.588212               0
  293               0             105               0
  294      58.9760346      176.458721               0
  295       21.287823       138.19758               0
  296      22.3669182      143.174185               0
  297               0             110               0
  298      60.1716953      181.114801               0
  299      41.1236703      165.593776               0
  300      9.60315525      129.562619               0
  301      23.4651698      148.153251               0
  302               0             115               0
  303      61.1242783      185.701871               0
  304      24.5634213      153.132317               0
  305               0             120               0
  306      43.6635466      175.359031               0
  307      61.8033989      190.211303               0
  308      10.6434007      139.547493               0
  309      25.6425166      158.108922               0
  310               0             125               0
  311      26.6832992      163.080602               0
  312               0             130               0
  313      11.7688644        149.5376               0
  314      27.6666128      168.044896               0
  315       45.587155      184.999619               0
  316               0             135               0
  317      28.5733012      172.999341               0
  318               0             140               0
  319       12.894328      159.527708               0
  320       29.384208      177.941476               0
  321               0             145               0
  322      46.6890728      194.473984               0
  323      30.0801769      182.868838               0
  324               0             150               0
  325      13.9345735      169.512582               0
  326      30.6420516      187.778966               0
  327               0             155               0
  328               0             160               0
  329      31.0506757      192.669396               0
  330      14.8043826      179.486988               0
  331               0             165               0
  332       31.286893      197.537668               0
  333               0             170               0
  334      15.4185372      189.445695               0
  335               0             175               0
  336               0             180               0
  337      15.6918191      199.383467               0
  338               0             185               0
  339               0             190               0
  340               0             195               0
  341               0             200               0
