    1              50               0               0
    2              50      1.66666667               0
    3      47.9166667               0               0
    4              50      3.33333333               0
    5      45.8333333               0               0
    6              50               5               0
    7           43.75               0               0
    8              50      6.66666667               0
    9              43               2               0
   10      41.6666667               0               0
   11              50      8.33333333               0
   12              43      4.66666667               0
   13              50              10               0
   14              43      7.33333333               0
   15      39.7916667               2               0
   16      39.5833333               0               0
   17              43              10               0
   18            37.5               0               0
   19      36.5833333               2               0
   20              36               4               0
   21      35.4166667               0               0
   22              36               5               0
   23              36               6               0
   24          34.875               4               0
   25              36               7               0
   26              36               8               0
   27              36               9               0
   28      33.3333333               0               0
   29           33.75               4               0
   30          33.375               2               0
   31              36              10               0
   32          32.625               4               0
   33              33               6               0
   34              33       7.3877551               0
   35           31.25               0               0
   36            31.5               4               0
   37              33      8.72989196               0
   38           31.25               6               0
   39              33              10               0
   40      30.1666667               2               0
   41          30.375               4               0
   42      29.1666667               0               0
   43           29.25               4               0
   44            29.5               6               0
   45              30               8               0
   46              30       8.3877551               0
   47              30       8.7755102               0
   48              30      9.11764706               0
   49          29.375               8               0
   50              30      9.45978391               0
   51          28.125               4               0
   52              30      9.72989196               0
   53      29.5436276       8.7755102               0
   54      29.7872001      9.45978391               0
   55              30              10               0
   56      29.9615779      10.0384221               0
   57      29.9231558      10.0768442               0
   58      29.8781001              10               0
   59      29.7038371      9.72989196               0
   60      29.5732206      9.45978391               0
   61      29.8634537      10.1365463               0
   62      29.8013106      10.0768442               0
   63      29.7562002              10               0
   64      29.3407033      9.11764706               0
   65      29.8037517      10.1962483               0
   66      29.7178775      10.0384221               0
   67      29.0879487       8.7755102               0
   68      29.6795594      10.0768442               0
   69           28.75               8               0
   70      29.5896036              10               0
   71      29.6820138      10.1962483               0
   72       29.321248      9.45978391               0
   73      29.7137394      10.2862606               0
   74       28.851338       8.3877551               0
   75      29.6200279      10.1365463               0
   76      29.5132731      10.0768442               0
   77      29.5605072      10.1962483               0
   78      29.3180476      9.72989196               0
   79      29.6237271      10.3762729               0
   80      29.4230071              10               0
   81      27.0833333               0               0
   82      29.3850566      10.0384221               0
   83      29.4707884      10.2862606               0
   84      29.0681104      9.45978391               0
   85      29.5022006      10.3762729               0
   86      29.3471169      10.0768442               0
   87      29.3947333      10.1962483               0
   88      29.4921706      10.5078294               0
   89           27.75               6               0
   90      29.2881855      10.1365463               0
   91      29.2008784              10               0
   92      29.3810933      10.3762729               0
   93      28.6180954       8.7755102               0
   94      26.9583333               2               0
   95      29.2292796      10.1962483               0
   96      29.1257019      10.0768442               0
   97      29.3606142      10.6393858               0
   98      29.2161599      10.3762729               0
   99      28.6272651      9.11764706               0
  100      28.7679092      9.45978391               0
  101       29.140515      10.2862606               0
  102      29.2500424      10.5078294               0
  103      28.9787497              10               0
  104          28.125               8               0
  105      28.8217398      9.72989196               0
  106      29.2395003      10.6393858               0
  107      28.9415984      10.0384221               0
  108      29.0090061      10.1962483               0
  109              27               4               0
  110      29.0518065      10.3762729               0
  111      28.9044642      10.0768442               0
  112      29.1190398      10.6393858               0
  113      28.8467965      10.1365463               0
  114      29.1744112      10.8255888               0
  115      28.4665688      9.45978391               0
  116      28.7891689      10.1962483               0
  117      28.6899823              10               0
  118       28.148927       8.7755102               0
  119      28.9222541      10.5078294               0
  120      28.8333267      10.3762729               0
  121      28.9554759      10.6393858               0
  122      28.6170144      10.0768442               0
  123       28.702359      10.2862606               0
  124      28.9337006      10.8255888               0
  125      28.9882082      11.0117918               0
  126      28.7928159      10.6393858               0
  127      28.6156373      10.3762729               0
  128      28.5037905      10.1962483               0
  129       28.401215              10               0
  130      27.6991557       8.3877551               0
  131      28.8678759      11.0117918               0
  132      28.1088438      9.45978391               0
  133      28.3654957      10.0384221               0
  134      28.1934943      9.72989196               0
  135            27.5               8               0
  136      28.3297968      10.0768442               0
  137      28.5771088      10.6393858               0
  138      28.7484516      11.0117918               0
  139      28.4890456      10.5078294               0
  140      27.8468447      9.11764706               0
  141      28.6097996      10.8255888               0
  142      28.2743662      10.1365463               0
  143      27.6620655       8.7755102               0
  144      28.3334356      10.3762729               0
  145      28.2189837      10.1962483               0
  146      28.7332533      11.2667467               0
  147      28.5870956      11.0117918               0
  148      28.3626337      10.6393858               0
  149       28.035443              10               0
  150      28.1355735      10.2862606               0
  151      27.7500369      9.45978391               0
  152      28.4269958      11.0117918               0
  153      27.9661865      10.0768442               0
  154      28.0522694      10.3762729               0
  155      28.4949416      11.2667467               0
  156      28.1840093      10.8255888               0
  157      28.0851867      10.6393858               0
  158      27.8587331      10.1962483               0
  159      28.2155017      11.0117918               0
  160      28.4782985      11.5217015               0
  161      27.9307037      10.5078294               0
  162      27.1758739       8.7755102               0
  163          25.875               4               0
  164       27.669671              10               0
  165          26.875               8               0
  166      27.6362569      10.0384221               0
  167      28.3593789      11.5217015               0
  168        27.60286      10.0768442               0
  169      28.1770225      11.2667467               0
  170       27.326152      9.45978391               0
  171      27.4134249      9.72989196               0
  172      28.0057196      11.0117918               0
  173      27.6970859      10.3762729               0
  174      27.8093537      10.6393858               0
  175      28.2415826      11.5217015               0
  176      27.5510002      10.1365463               0
  177      27.4991812      10.1962483               0
  178              26               6               0
  179      26.9862783      9.11764706               0
  180      28.0837168      11.5217015               0
  181      27.4211298      10.2862606               0
  182      27.7352158      11.0117918               0
  183      27.6379535      10.8255888               0
  184      28.1409736      11.8590264               0
  185      27.2185523              10               0
  186      27.9274053      11.5217015               0
  187      26.5416614       8.3877551               0
  188      27.3431683      10.3762729               0
  189      27.4615799      10.6393858               0
  190      26.6683967       8.7755102               0
  191      27.7621155      11.2667467               0
  192      26.9013053      9.45978391               0
  193      27.1549857      10.0768442               0
  194              25               0               0
  195           26.25               8               0
  196      27.9065836      11.8590264               0
  197      27.2293824      10.5078294               0
  198      27.4669551      11.0117918               0
  199      27.7221797      11.5217015               0
  200      27.0563097      10.1962483               0
  201      27.1157791      10.6393858               0
  202      27.5190725      11.5217015               0
  203      26.7674335              10               0
  204      26.9077534      10.3762729               0
  205      27.8036487      12.1963513               0
  206      26.7374254      10.0384221               0
  207      27.5976486      11.8590264               0
  208       26.707421      10.0768442               0
  209      27.1296758      11.0117918               0
  210      27.2334377      11.2667467               0
  211      26.1615555       8.7755102               0
  212       26.404445      9.45978391               0
  213      27.6871264      12.1963513               0
  214      26.6608063      10.1365463               0
  215      26.9552888      10.8255888               0
  216      26.4658314      9.72989196               0
  217      27.2584456      11.5217015               0
  218      26.6142006      10.1962483               0
  219       27.571807      12.1963513               0
  220           24.75               4               0
  221      26.5439502      10.2862606               0
  222      26.6910833      10.6393858               0
  223      26.0333157      9.11764706               0
  224          25.625               8               0
  225      27.4192796      12.1963513               0
  226      26.7951385      11.0117918               0
  227       27.198305      11.8590264               0
  228      26.4737197      10.3762729               0
  229      27.0005939      11.5217015               0
  230       26.226091              10               0
  231      27.2684165      12.1963513               0
  232      26.3711099      10.5078294               0
  233      26.1705629      10.0768442               0
  234      25.9068468      9.45978391               0
  235      25.6300722       8.7755102               0
  236      27.3729108      12.6270892               0
  237      27.0722561      12.1963513               0
  238      26.5763799      11.2667467               0
  239      26.0842219      10.1962483               0
  240      26.2685403      10.6393858               0
  241      25.3770249       8.3877551               0
  242      26.6776965      11.5217015               0
  243      26.3852722      11.0117918               0
  244      27.1446084      12.6270892               0
  245       26.878364      12.1963513               0
  246      26.6934805      11.8590264               0
  247      25.9539142      10.3762729               0
  248      26.1234316      10.8255888               0
  249              25               8               0
  250      25.6847485              10               0
  251      26.3581916      11.5217015               0
  252           23.75               2               0
  253       25.659375      10.0384221               0
  254      26.6313757      12.1963513               0
  255      25.6339794      10.0768442               0
  256      26.8486856      12.6270892               0
  257      25.0991544       8.7755102               0
  258      25.3333425      9.45978391               0
  259      25.9783979      11.0117918               0
  260      25.5944753      10.1365463               0
  261           24.25               6               0
  262      25.7631902      10.6393858               0
  263      25.5549192      10.1962483               0
  264      26.9421729      13.0578271               0
  265       25.342216      9.72989196               0
  266      25.4951836      10.2862606               0
  267      26.3873591      12.1963513               0
  268      26.8294123      13.0578271               0
  269      24.9782015      9.11764706               0
  270      25.9680377      11.5217015               0
  271      25.4353333      10.3762729               0
  272          23.625               4               0
  273      26.7176837      13.0578271               0
  274      26.4708844      12.6270892               0
  275      26.0703218      11.8590264               0
  276      25.7799288      11.2667467               0
  277      25.3476578      10.5078294               0
  278      26.5729284      13.0578271               0
  279          24.375               8               0
  280      26.0835091      12.1963513               0
  281      25.4927185      11.0117918               0
  282      25.0531823              10               0
  283      24.5408573       8.7755102               0
  284      25.2597488      10.6393858               0
  285       26.429601      13.0578271               0
  286      25.0080977      10.0768442               0
  287       24.759477      9.45978391               0
  288      25.5815855      11.5217015               0
  289       24.937735      10.1962483               0
  290      22.9166667               0               0
  291      26.2460388      13.0578271               0
  292      25.7832918      12.1963513               0
  293      25.1349376      10.8255888               0
  294      25.9977387      12.6270892               0
  295      24.2034196       8.3877551               0
  296      26.4120339      13.5879661               0
  297      24.8309591      10.3762729               0
  298      26.0644228      13.0578271               0
  299      25.0096916      11.0117918               0
  300      25.3193408      11.8590264               0
  301      26.1925405      13.5879661               0
  302      25.1214723      11.5217015               0
  303      25.4183045      12.1963513               0
  304           23.75               8               0
  305      23.9829942       8.7755102               0
  306       24.421616              10               0
  307      25.8356068      13.0578271               0
  308      24.6734668      10.6393858               0
  309      24.4020124      10.0384221               0
  310      24.3823507      10.0768442               0
  311      24.1101229      9.45978391               0
  312      24.8375309      11.2667467               0
  313      24.3516854      10.1365463               0
  314      24.3208827      10.1962483               0
  315      25.4178544      12.6270892               0
  316      25.9145181      13.5879661               0
  317      25.6093404      13.0578271               0
  318      24.2741857      10.2862606               0
  319      24.0442604      9.72989196               0
  320      23.8154642      9.11764706               0
  321      25.0572812      12.1963513               0
  322      24.2271861      10.3762729               0
  323            22.5               4               0
  324      24.4478134      11.0117918               0
  325      24.6646409      11.5217015               0
  326       24.157962      10.5078294               0
  327      25.3298376      13.0578271               0
  328      25.8818949      14.1181051               0
  329      25.5652868      13.5879661               0
  330      24.0881218      10.6393858               0
  331      23.3960566       8.7755102               0
  332      25.7745022      14.1181051               0
  333          23.125               8               0
  334      23.7058409              10               0
  335      25.6676442      14.1181051               0
  336            22.5               6               0
  337      24.6288845      12.1963513               0
  338      25.0534516      13.0578271               0
  339       23.988253      10.8255888               0
  340       23.460984      9.45978391               0
  341      24.4348584      11.8590264               0
  342      23.6730958      10.0768442               0
  343       25.533461      14.1181051               0
  344      23.0190353       8.3877551               0
  345      24.7228891      12.6270892               0
  346      23.6216065      10.1962483               0
  347      24.1340911      11.5217015               0
  348      25.1326613      13.5879661               0
  349      23.8872373      11.0117918               0
  350      25.4000178      14.1181051               0
  351      23.5426127      10.3762729               0
  352      24.7193879      13.0578271               0
  353      25.2330389      14.1181051               0
  354       24.204002      12.1963513               0
  355      23.7471563      11.2667467               0
  356      22.8093313       8.7755102               0
  357       23.424326      10.6393858               0
  358            22.5               8               0
  359      25.0670684      14.1181051               0
  360      24.3887252      13.0578271               0
  361      23.6051524      11.5217015               0
  362      24.6060985      13.5879661               0
  363      22.9900658              10               0
  364      25.2538841      14.7461159               0
  365      22.9769264      10.0384221               0
  366      24.8614155      14.1181051               0
  367      22.7420999      9.45978391               0
  368      22.9636918      10.0768442               0
  369      22.9429402      10.1365463               0
  370          21.375               4               0
  371      23.2514922      11.0117918               0
  372      22.5456758      9.11764706               0
  373      22.9219634      10.1962483               0
  374      23.7116846      12.1963513               0
  375      25.0460361      14.7461159               0
  376      23.9078381      12.6270892               0
  377      22.8899171      10.2862606               0
  378      24.6570837      14.1181051               0
  379      22.8573746      10.3762729               0
  380      22.5862139      9.72989196               0
  381      23.9980306      13.0578271               0
  382      23.4145385      11.8590264               0
  383      22.8089395      10.5078294               0
  384       22.193286       8.7755102               0
  385      20.8333333               0               0
  386      24.7909861      14.7461159               0
  387      24.4075733      14.1181051               0
  388          21.875               8               0
  389      22.7594942      10.6393858               0
  390      23.0054619      11.5217015               0
  391      23.9776985      13.5879661               0
  392      22.6878409      10.8255888               0
  393      21.8220495       8.3877551               0
  394      23.2210925      12.1963513               0
  395      23.6103512      13.0578271               0
  396      24.1596779      14.1181051               0
  397      24.4775854      14.7461159               0
  398      22.6143072      11.0117918               0
  399      20.5416667               2               0
  400      22.0242349      9.45978391               0
  401      22.2027132              10               0
  402      22.1829176      10.0768442               0
  403      22.1513035      10.1962483               0
  404      24.6258733      15.3741267               0
  405      23.8623966      14.1181051               0
  406       22.510725      11.2667467               0
  407      21.5771143       8.7755102               0
  408      24.5252982      15.3741267               0
  409      22.1017232      10.3762729               0
  410      24.0945645      14.7461159               0
  411      22.9704424      12.6270892               0
  412      24.4244903      15.3741267               0
  413           21.25               8               0
  414      23.1625873      13.0578271               0
  415           20.75               6               0
  416      22.4039898      11.5217015               0
  417      22.0252781      10.6393858               0
  418      22.6654752      12.1963513               0
  419      24.3034569      15.3741267               0
  420      23.5668775      14.1181051               0
  421      23.2427526      13.5879661               0
  422           20.25               4               0
  423      24.1821014      15.3741267               0
  424      22.2582919      11.8590264               0
  425      21.9094747      11.0117918               0
  426      24.0354372      15.3741267               0
  427      23.6315671      14.7461159               0
  428      21.1768667      9.11764706               0
  429      22.7163036      13.0578271               0
  430      21.2481985      9.45978391               0
  431      23.2196384      14.1181051               0
  432      21.4153606              10               0
  433      23.8883339      15.3741267               0
  434      21.4085135      10.0384221               0
  435      21.4015507      10.0768442               0
  436      21.3905045      10.1365463               0
  437      20.9331593       8.7755102               0
  438      21.3791847      10.1962483               0
  439      21.3616082      10.2862606               0
  440      22.1079501      12.1963513               0
  441          20.625               8               0
  442      23.7106161      15.3741267               0
  443       21.343429      10.3762729               0
  444      21.7377342      11.5217015               0
  445      21.3157991      10.5078294               0
  446      20.6105748       8.3877551               0
  447      22.8739615      14.1181051               0
  448      20.9960737      9.72989196               0
  449      23.5323232      15.3741267               0
  450      21.2869424      10.6393858               0
  451      23.9109071      16.0890929               0
  452      23.0803727      14.7461159               0
  453      22.2121513      13.0578271               0
  454      21.2440717      10.8255888               0
  455      22.3996643      13.5879661               0
  456      23.3183589      15.3741267               0
  457      21.9100164      12.6270892               0
  458      23.7167639      16.0890929               0
  459      21.1989171      11.0117918               0
  460      22.4765374      14.1181051               0
  461      23.1036915      15.3741267               0
  462      20.2886051       8.7755102               0
  463      21.1335708      11.2667467               0
  464      20.4742034      9.45978391               0
  465      21.4901803      12.1963513               0
  466      23.4886255      16.0890929               0
  467              20               8               0
  468      20.5755178              10               0
  469      20.5671677      10.0768442               0
  470          19.125               4               0
  471      21.0643951      11.5217015               0
  472      21.7063623      13.0578271               0
  473      20.5533176      10.1962483               0
  474      22.8491893      15.3741267               0
  475      20.5304743      10.3762729               0
  476      23.2170463      16.0890929               0
  477           18.75               0               0
  478      22.4361579      14.7461159               0
  479      22.0798802      14.1181051               0
  480      20.9674303      11.8590264               0
  481      20.4930112      10.6393858               0
  482      22.5939198      15.3741267               0
  483       22.891696      16.0890929               0
  484      20.4322005      11.0117918               0
  485              19               6               0
  486      20.8648253      12.1963513               0
  487      19.7252451      9.11764706               0
  488      21.4493934      13.5879661               0
  489      19.6197815       8.7755102               0
  490       23.195941       16.804059               0
  491          19.375               8               0
  492      21.1471179      13.0578271               0
  493      22.2963267      15.3741267               0
  494      21.6339983      14.1181051               0
  495       23.102807       16.804059               0
  496      19.3826295       8.3877551               0
  497      19.6592077      9.45978391               0
  498      23.0086911       16.804059               0
  499       20.335443      11.5217015               0
  500      22.5022707      16.0890929               0
  501      19.7356751              10               0
  502      20.7265693      12.6270892               0
  503      22.9021912       16.804059               0
  504      19.7336925      10.0384221               0
  505      19.7316164      10.0768442               0
  506      21.6986115      14.7461159               0
  507      19.7282063      10.1365463               0
  508      21.9980534      15.3741267               0
  509      19.7245746      10.1962483               0
  510      22.7943325       16.804059               0
  511      19.7186862      10.2862606               0
  512      19.7123097      10.3762729               0
  513      19.7021312      10.5078294               0
  514      22.6703278       16.804059               0
  515      21.1872683      14.1181051               0
  516      19.6909588      10.6393858               0
  517      20.5813658      13.0578271               0
  518      22.5444713       16.804059               0
  519      19.3150218      9.72989196               0
  520      19.6735035      10.8255888               0
  521      20.1866117      12.1963513               0
  522      21.6574684      15.3741267               0
  523              18               4               0
  524           18.75               8               0
  525      22.0400115      16.0890929               0
  526      18.9497577       8.7755102               0
  527       19.654198      11.0117918               0
  528      22.3982104       16.804059               0
  529      19.6249136      11.2667467               0
  530      22.2495234       16.804059               0
  531      19.5925271      11.5217015               0
  532      20.6964865      14.1181051               0
  533      21.3165494      15.3741267               0
  534      18.8474312      9.45978391               0
  535      20.3949805      13.5879661               0
  536      22.0760154       16.804059               0
  537      20.8727379      14.7461159               0
  538      19.5452707      11.8590264               0
  539      18.8678375              10               0
  540       22.414978       17.585022               0
  541      18.8667066      10.0768442               0
  542      17.3333333               2               0
  543      21.4998698      16.0890929               0
  544      21.8995417       16.804059               0
  545      19.9689666      13.0578271               0
  546      18.8644992      10.1962483               0
  547      18.8601619      10.3762729               0
  548      19.4934454      12.1963513               0
  549          18.125               8               0
  550      22.2345941       17.585022               0
  551      20.9365433      15.3741267               0
  552      18.8517254      10.6393858               0
  553      21.6942963       16.804059               0
  554      18.2609612       8.7755102               0
  555      18.1362135       8.3877551               0
  556      20.2023328      14.1181051               0
  557      22.0343852       17.585022               0
  558      18.8357791      11.0117918               0
  559      18.2149208      9.11764706               0
  560      19.4214058      12.6270892               0
  561      21.4858147       16.804059               0
  562      20.5569064      15.3741267               0
  563       21.807346       17.585022               0
  564      18.8070032      11.5217015               0
  565        20.88312      16.0890929               0
  566           17.25               6               0
  567      21.2460213       16.804059               0
  568      19.3437383      13.0578271               0
  569      16.6666667               0               0
  570      18.0163354      9.45978391               0
  571          16.875               4               0
  572      21.5451126       17.585022               0
  573      19.6720162      14.1181051               0
  574      19.9692454      14.7461159               0
  575            17.5               8               0
  576       21.003359       16.804059               0
  577              18              10               0
  578              18      10.0384221               0
  579       18.758223      12.1963513               0
  580              18      10.0768442               0
  581              18      10.1365463               0
  582      20.1450081      15.3741267               0
  583              18      10.1962483               0
  584      17.5702719       8.7755102               0
  585              18      10.2862606               0
  586      19.2419319      13.5879661               0
  587              18      10.3762729               0
  588              18      10.5078294               0
  589      21.2386694       17.585022               0
  590              18      10.6393858               0
  591      20.7294349       16.804059               0
  592              18      10.8255888               0
  593      21.6340149      18.3659851               0
  594      17.5948379      9.72989196               0
  595              18      11.0117918               0
  596      21.5473414      18.3659851               0
  597      20.1998591      16.0890929               0
  598       17.594268       9.8595276               0
  599      17.5925376      10.0309167               0
  600              18      11.2667467               0
  601      18.6817361      13.0578271               0
  602      21.4595161      18.3659851               0
  603      19.1350525      14.1181051               0
  604      19.7345778      15.3741267               0
  605      20.4541023       16.804059               0
  606      17.5895761      10.2611218               0
  607              18      11.5217015               0
  608      21.3666168      18.3659851               0
  609      20.8799085       17.585022               0
  610          16.875               8               0
  611      17.5852558      10.5714312               0
  612      21.2721237      18.3659851               0
  613              18      11.8590264               0
  614      17.1896759      9.45978391               0
  615       16.869567       8.3877551               0
  616      21.1704354      18.3659851               0
  617      17.1893864      9.59057606               0
  618       17.188536      9.72167687               0
  619       17.579398      10.9867202               0
  620              18      12.1963513               0
  621       20.151295       16.804059               0
  622      17.1870808       9.8697527               0
  623       21.066575      18.3659851               0
  624      16.8680727       8.7755102               0
  625      17.1850752      10.0181314               0
  626      19.0044934      14.7461159               0
  627       19.302169      15.3741267               0
  628       17.182387      10.1905902               0
  629      20.9528731      18.3659851               0
  630      20.4642215       17.585022               0
  631              18      12.6270892               0
  632      17.1791523      10.3633498               0
  633      17.5718055      11.5337757               0
  634      18.5726386      14.1181051               0
  635      20.8363256      18.3659851               0
  636           15.75               4               0
  637       17.175105      10.5690467               0
  638      19.4704719      16.0890929               0
  639      19.8500452       16.804059               0
  640      16.6764706      9.11764706               0
  641      17.1705116       10.775044               0
  642              18      13.0578271               0
  643      20.7069482      18.3659851               0
  644      17.1649238      11.0243257               0
  645      17.5623347      12.2383863               0
  646      16.6754101      9.57992007               0
  647           16.25               8               0
  648      20.5740921      18.3659851               0
  649      18.8726543      15.3741267               0
  650      17.1587961      11.2739045               0
  651              18      13.5879661               0
  652      19.9939355       17.585022               0
  653      19.5295021       16.804059               0
  654      20.4255365      18.3659851               0
  655      16.6721902       10.065005               0
  656       17.151459      11.5779171               0
  657      20.8170075      19.1829925               0
  658      17.1436109      11.8822109               0
  659      20.2731851      18.3659851               0
  660      16.1632653       8.7755102               0
  661      16.6666796      10.5827112               0
  662              18      14.1181051               0
  663      17.5510212      13.1212285               0
  664            15.5               6               0
  665      16.1630162      9.11133053               0
  666      20.6472933      19.1829925               0
  667      19.2151514       16.804059               0
  668      17.1343544      12.2516985               0
  669      20.1031858      18.3659851               0
  670      18.4341012      15.3741267               0
  671      16.1622841      9.44661082               0
  672      16.6586406      11.1452295               0
  673      18.7250345      16.0890929               0
  674      20.4714444      19.1829925               0
  675      17.1246694      12.6214218               0
  676      19.4818001       17.585022               0
  677      16.1610316       9.7876178               0
  678              18      14.7461159               0
  679      19.9298214      18.3659851               0
  680          15.625               8               0
  681      16.1593052      10.1280949               0
  682      18.8937378       16.804059               0
  683      16.6477406      11.7667694               0
  684      20.2865157      19.1829925               0
  685      17.1134793      13.0650285               0
  686       19.738868      18.3659851               0
  687      14.5833333               0               0
  688      15.5816327       8.3877551               0
  689      16.1569914       10.476901               0
  690      17.5382511      14.1929432               0
  691              18      15.3741267               0
  692      20.0887046      19.1829925               0
  693       16.154207      10.8251809               0
  694      19.5462625      18.3659851               0
  695      17.1020423      13.5087709               0
  696          14.625               4               0
  697      16.6336127      12.4626264               0
  698      18.5845314       16.804059               0
  699      15.5811421      9.23688511               0
  700      16.1507233      11.1849951               0
  701      18.9530956       17.585022               0
  702      19.8736602      19.1829925               0
  703      19.3392379      18.3659851               0
  704      16.1467695      11.5442837               0
  705      17.0892266      14.0310103               0
  706              18      16.0890929               0
  707      15.5796526      10.0870251               0
  708       18.282877       16.804059               0
  709      16.1419597      11.9188159               0
  710              15               8               0
  711      19.6373161      19.1829925               0
  712      16.6159899      13.2475822               0
  713      19.1340402      18.3659851               0
  714          14.125               2               0
  715      17.5249434       15.449231               0
  716      17.0765022      14.5531994               0
  717              15      8.46153846               0
  718      16.1366852      12.2928283               0
  719              20              20               0
  720      18.9213485      18.3659851               0
  721      15.5771035      10.9395648               0
  722              15      8.92307692               0
  723      18.4446941       17.585022               0
  724      19.9166667              20               0
  725      19.3773825      19.1829925               0
  726              18       16.804059               0
  727      16.1303697      12.6860592               0
  728      19.8333333              20               0
  729              15      9.38461538               0
  730      17.0628753      15.1524273               0
  731           19.75              20               0
  732      16.5949381      14.1336698               0
  733      18.7159199      18.3659851               0
  734      16.1236145      13.0787983               0
  735      19.6666667              20               0
  736              15      9.84615385               0
  737      19.0954015      19.1829925               0
  738      15.5733848      11.7961419               0
  739      19.5833333              20               0
  740      18.5133065      18.3659851               0
  741            19.5              20               0
  742      16.1156468      13.4946016               0
  743              15      10.3076923               0
  744              18       17.585022               0
  745      17.0498868      15.7513041               0
  746      19.4166667              20               0
  747      17.5126611      16.8671682               0
  748      19.3333333              20               0
  749      18.3250112      18.3659851               0
  750              15      10.7692308               0
  751      18.7988807      19.1829925               0
  752      16.1073104      13.9099924               0
  753           19.25              20               0
  754      15.5683426      12.6585991               0
  755      16.5711761      15.1275262               0
  756            13.5               4               0
  757           13.75               6               0
  758      19.1666667              20               0
  759              15      11.2307692               0
  760      18.1514935      18.3659851               0
  761      16.0976783      14.3516281               0
  762      19.0833333              20               0
  763      17.0368971      16.4181864               0
  764      18.5025955      19.1829925               0
  765              19              20               0
  766              18      18.3659851               0
  767              15      11.6923077               0
  768      18.9166667              20               0
  769      16.0878339      14.7930263               0
  770      15.5618072      13.5289087               0
  771      18.8333333              20               0
  772              15      12.1538462               0
  773           18.75              20               0
  774      18.2279925      19.1829925               0
  775      17.0253222      17.0842904               0
  776      18.6666667              20               0
  777      16.5464137      16.2277673               0
  778      16.0768027      15.2625663               0
  779              15      12.6153846               0
  780      18.5833333              20               0
  781              18      19.1829925               0
  782            18.5              20               0
  783      15.5536552      14.4090825               0
  784      17.5035459      18.4040795               0
  785              15      13.0769231               0
  786      18.4166667              20               0
  787        16.06585      15.7321941               0
  788      18.3333333              20               0
  789      17.0150189      17.8013089               0
  790            12.5               0               0
  791           18.25              20               0
  792              15      13.5384615               0
  793      18.1666667              20               0
  794      16.0541205       16.229969               0
  795      18.0833333              20               0
  796              15              14               0
  797       15.543917      15.3010968               0
  798              18              20               0
  799      16.5235592      17.4229866               0
  800      17.0070917        18.51702               0
  801          12.375               4               0
  802      16.0429405      16.7283583               0
  803              15      14.4615385               0
  804              15      14.9230769               0
  805       15.532925        16.20686               0
  806      16.0317595      17.2525258               0
  807            17.5              20               0
  808      17.0018474      19.2594444               0
  809              15      15.3846154               0
  810      16.0217963       17.778055               0
  811       16.506598      18.6910221               0
  812              15      15.8461538               0
  813              12               6               0
  814      15.5214703      17.1282029               0
  815              17              20               0
  816      16.0129276      18.3243742               0
  817              15      16.3076923               0
  818              12      7.07692308               0
  819              15      16.7692308               0
  820              12      8.15384615               0
  821      16.0061043      18.8729806               0
  822      15.5108981      18.0668119               0
  823           11.25               4               0
  824              15      17.2307692               0
  825            16.5              20               0
  826              12      9.23076923               0
  827      10.9166667               2               0
  828      16.0015902      19.4348554               0
  829              15      17.6923077               0
  830              12      10.3076923               0
  831      15.5030521      19.0239676               0
  832              15      18.1538462               0
  833              16              20               0
  834      10.4166667               0               0
  835              15      18.6153846               0
  836              12      11.3846154               0
  837              15      19.0769231               0
  838            15.5              20               0
  839              12      12.4615385               0
  840          10.125               4               0
  841              15      19.5384615               0
  842              15              20               0
  843              12      13.5384615               0
  844              12      14.6153846               0
  845              12      15.6923077               0
  846               9               4               0
  847               9      4.61538462               0
  848               9      5.23076923               0
  849               9      5.84615385               0
  850               9      6.46153846               0
  851              12      16.7692308               0
  852               9      7.07692308               0
  853      8.33333333               0               0
  854               9      7.69230769               0
  855               9      8.30769231               0
  856               9      8.92307692               0
  857              12      17.8461538               0
  858               9      9.53846154               0
  859               9      10.1538462               0
  860      7.70833333               2               0
  861               9      10.7692308               0
  862              12      18.9230769               0
  863               9      11.3846154               0
  864               9              12               0
  865               9      12.6153846               0
  866              12              20               0
  867               9      13.2307692               0
  868               9      13.8461538               0
  869               9      14.4615385               0
  870               9      15.0769231               0
  871            6.25               0               0
  872               9      15.6923077               0
  873               9      16.3076923               0
  874               9      16.9230769               0
  875               9      17.5384615               0
  876               9      18.1538462               0
  877               9      18.7692308               0
  878               9      19.3846154               0
  879             4.5               2               0
  880               9              20               0
  881             4.5      3.38461538               0
  882             4.5      4.76923077               0
  883      4.16666667               0               0
  884             4.5      6.15384615               0
  885             4.5      7.53846154               0
  886             4.5      8.92307692               0
  887             4.5      10.3076923               0
  888             4.5      11.6923077               0
  889             4.5      13.0769231               0
  890             4.5      14.4615385               0
  891      2.08333333               0               0
  892             4.5      15.8461538               0
  893             4.5      17.2307692               0
  894             4.5      18.6153846               0
  895             4.5              20               0
  896               0               0               0
  897               0     0.769230769               0
  898               0      1.53846154               0
  899               0      2.30769231               0
  900               0      3.07692308               0
  901               0      3.84615385               0
  902               0      4.61538462               0
  903               0      5.38461538               0
  904               0      6.15384615               0
  905               0      6.92307692               0
  906               0      7.69230769               0
  907               0      8.46153846               0
  908               0      9.23076923               0
  909               0              10               0
  910               0      10.7692308               0
  911               0      11.5384615               0
  912               0      12.3076923               0
  913               0      13.0769231               0
  914               0      13.8461538               0
  915               0      14.6153846               0
  916               0      15.3846154               0
  917               0      16.1538462               0
  918               0      16.9230769               0
  919               0      17.6923077               0
  920               0      18.4615385               0
  921               0      19.2307692               0
  922               0              20               0
