    1              50               0               0
    2      48.3333333               0               0
    3              50      1.66666667               0
    4              50      3.33333333               0
    5      46.6666667               0               0
    6              50               5               0
    7              45               0               0
    8      43.3333333               0               0
    9              50      6.66666667               0
   10              43               2               0
   11      41.6666667               0               0
   12              50      8.33333333               0
   13              43      4.66666667               0
   14      40.4333333               2               0
   15              50              10               0
   16              40               0               0
   17              43      7.33333333               0
   18      38.3333333               0               0
   19              43              10               0
   20      37.8666667               2               0
   21      36.6666667               0               0
   22              36               4               0
   23            35.3               2               0
   24              36               5               0
   25              35               0               0
   26              36               6               0
   27            35.1               4               0
   28              36               7               0
   29              36               8               0
   30            34.2               4               0
   31              36               9               0
   32      33.3333333               0               0
   33            33.3               4               0
   34              36              10               0
   35      32.7333333               2               0
   36              33               6               0
   37            32.4               4               0
   38      31.6666667               0               0
   39              33      7.45454545               0
   40            31.5               4               0
   41              33      8.79545455               0
   42            31.6               6               0
   43              33              10               0
   44            30.6               4               0
   45      30.1666667               2               0
   46              30               0               0
   47            30.2               6               0
   48            29.7               4               0
   49              30               8               0
   50            28.8               4               0
   51      28.3333333               0               0
   52              30      8.45454545               0
   53              30      8.90909091               0
   54            29.5               8               0
   55            28.8               6               0
   56              30            9.25               0
   57      29.6987371      8.90909091               0
   58              30      9.59090909               0
   59      29.9096582      9.59090909               0
   60              30      9.79545455               0
   61      29.8186515      9.59090909               0
   62              30              10               0
   63      29.8917796      9.79545455               0
   64      29.6278763            9.25               0
   65      29.9598477              10               0
   66      29.9665397      10.0334603               0
   67      29.9196953              10               0
   68      29.7102328      9.59090909               0
   69        29.39763      8.90909091               0
   70      29.9330794      10.0669206               0
   71            27.9               4               0
   72              29               8               0
   73      29.8862562      10.0334603               0
   74      29.8608052              10               0
   75       29.892935      10.0669206               0
   76            27.6               2               0
   77      29.7451079      9.79545455               0
   78      29.8840044      10.1159956               0
   79       29.852813      10.0669206               0
   80       29.122265      8.45454545               0
   81      29.8019151              10               0
   82      29.6011627      9.59090909               0
   83      29.7939902      10.0669206               0
   84      29.8349293      10.1650707               0
   85      29.7685597      10.0334603               0
   86      29.8037559      10.1159956               0
   87       29.717506              10               0
   88      29.7947828      10.1650707               0
   89      29.7351974      10.0669206               0
   90      29.7546903      10.1650707               0
   91      29.4685684      9.59090909               0
   92      29.7645883      10.2354117               0
   93      29.5467347      9.79545455               0
   94      29.6330969              10               0
   95      29.6862541      10.1159956               0
   96      29.6509482      10.0669206               0
   97      29.6959573      10.1650707               0
   98      29.0885935      8.90909091               0
   99      29.5999228      10.0334603               0
  100      29.2284726            9.25               0
  101      29.6843484      10.2354117               0
  102      29.6372965      10.1650707               0
  103      29.6942474      10.3057526               0
  104      29.5667407      10.0669206               0
  105      29.3353305      9.59090909               0
  106      29.5149241              10               0
  107      29.6540706      10.3057526               0
  108      29.5532787      10.1650707               0
  109      29.6139895      10.3057526               0
  110      29.5180593      10.1159956               0
  111      29.5670994      10.2354117               0
  112      29.4488741      10.0669206               0
  113      29.5553677      10.3057526               0
  114      29.3967513              10               0
  115      29.5957701      10.4042299               0
  116       29.469361      10.1650707               0
  117      29.2804973      9.79545455               0
  118      29.1711091      9.59090909               0
  119            28.5               8               0
  120      29.3639129      10.0334603               0
  121      29.4968738      10.3057526               0
  122       29.515459      10.4042299               0
  123      29.3310667      10.0669206               0
  124      29.3995309      10.2354117               0
  125      29.3519461      10.1650707               0
  126      28.7797097      8.90909091               0
  127      29.4131817      10.3057526               0
  128      29.4972927      10.5027073               0
  129      29.2352485              10               0
  130      29.2828782      10.1159956               0
  131      29.4570207      10.5027073               0
  132      29.3985107      10.4042299               0
  133      29.0062482      9.59090909               0
  134       29.329667      10.3057526               0
  135      29.4168965      10.5027073               0
  136      29.2346732      10.1650707               0
  137      29.1700981      10.0669206               0
  138        28.79245            9.25               0
  139      29.3583965      10.5027073               0
  140      29.0737457              10               0
  141      29.2129054      10.3057526               0
  142      29.3000937      10.5027073               0
  143      29.1655508      10.2354117               0
  144      29.3627071      10.6372929               0
  145      29.2318014      10.4042299               0
  146       29.041483      10.0334603               0
  147      28.9275983      9.79545455               0
  148      29.0744955      10.1650707               0
  149      28.8017219      9.59090909               0
  150      29.0092137      10.0669206               0
  151      29.2168459      10.5027073               0
  152      29.2821437      10.6372929               0
  153      29.0963953      10.3057526               0
  154      28.4599823      8.90909091               0
  155      26.6666667               0               0
  156      28.2423198      8.45454545               0
  157      28.9618735      10.1159956               0
  158              27               4               0
  159      29.1338718      10.5027073               0
  160            27.4               6               0
  161      28.8584086              10               0
  162      29.1655052      10.6372929               0
  163      29.2281214      10.7718786               0
  164      28.9145193      10.1650707               0
  165              28               8               0
  166      29.1876242      10.7718786               0
  167      28.9995229      10.4042299               0
  168      28.9373662      10.3057526               0
  169      28.5965619      9.59090909               0
  170      29.0180358      10.5027073               0
  171      29.1473342      10.7718786               0
  172      28.7947564      10.0669206               0
  173      28.8466208      10.2354117               0
  174      29.0889393      10.7718786               0
  175      28.9999334      10.6372929               0
  176      28.9025879      10.5027073               0
  177      29.0308211      10.7718786               0
  178      28.3084118            9.25               0
  179      28.6430715              10               0
  180      28.7786942      10.3057526               0
  181      28.7013606      10.1650707               0
  182      28.1404059      8.90909091               0
  183      28.6117464      10.0334603               0
  184      29.0486738      10.9513262               0
  185      28.9481593      10.7718786               0
  186      28.4673737      9.79545455               0
  187      28.5804159      10.0669206               0
  188      28.3421823      9.59090909               0
  189      28.7451953      10.5027073               0
  190      28.9675027      10.9513262               0
  191      28.6835505      10.4042299               0
  192      28.8658815      10.7718786               0
  193      28.5344546      10.1159956               0
  194      28.7700111      10.6372929               0
  195      28.5674139      10.3057526               0
  196      28.4884817      10.1650707               0
  197      28.8510985      10.9513262               0
  198      28.7513302      10.7718786               0
  199      28.3631333              10               0
  200      28.5883536      10.5027073               0
  201            27.5               8               0
  202      28.4225673      10.2354117               0
  203      28.8692263      11.1307737               0
  204      27.8064496      8.90909091               0
  205      28.8282684      11.1307737               0
  206      28.3018573      10.0669206               0
  207      28.0871855      9.59090909               0
  208      28.6373233      10.7718786               0
  209      28.7875774      11.1307737               0
  210      28.6869748      10.9513262               0
  211      28.3566297      10.3057526               0
  212      28.7292195      11.1307737               0
  213      28.4581675      10.6372929               0
  214       28.379736      10.5027073               0
  215      28.2119501      10.1650707               0
  216       28.671218      11.1307737               0
  217      28.4822188      10.7718786               0
  218      27.7630991            9.25               0
  219      28.0831951              10               0
  220      28.2642787      10.4042299               0
  221       28.589302      11.1307737               0
  222      28.0533275      10.0334603               0
  223      28.4602394      10.9513262               0
  224      27.3584916      8.45454545               0
  225      28.0234537      10.0669206               0
  226      27.8786588      9.79545455               0
  227      28.6359444      11.3640556               0
  228      28.3278871      10.7718786               0
  229      28.5078807      11.1307737               0
  230      27.7731678      9.59090909               0
  231      28.0830105      10.3057526               0
  232      28.1718839      10.5027073               0
  233      27.4726432      8.90909091               0
  234            26.1               4               0
  235       27.979628      10.1159956               0
  236      28.5535412      11.3640556               0
  237      27.9357894      10.1650707               0
  238      28.3950758      11.1307737               0
  239              27               8               0
  240      28.4371488      11.3640556               0
  241      27.8729319      10.2354117               0
  242      28.1229676      10.7718786               0
  243      28.0455417      10.6372929               0
  244      28.2829723      11.1307737               0
  245      27.7286067              10               0
  246      28.1540384      10.9513262               0
  247      27.8100486      10.3057526               0
  248      27.9023555      10.5027073               0
  249      27.6709256      10.0669206               0
  250      27.4585765      9.59090909               0
  251      28.4026626      11.5973374               0
  252      28.2747917      11.3640556               0
  253      28.1310055      11.1307737               0
  254      28.3608556      11.5973374               0
  255        27.12036      8.90909091               0
  256      27.9191217      10.7718786               0
  257      28.3193627      11.5973374               0
  258      27.7219694      10.4042299               0
  259      27.5862732      10.1650707               0
  260      28.2608917      11.5973374               0
  261      27.1419343            9.25               0
  262      27.9800344      11.1307737               0
  263      28.2028401      11.5973374               0
  264      27.6338415      10.5027073               0
  265      28.0522645      11.3640556               0
  266      27.3740183              10               0
  267              26               6               0
  268      28.1218381      11.5973374               0
  269      27.3463081      10.0334603               0
  270      27.4648299      10.3057526               0
  271      27.7504449      10.9513262               0
  272      27.6552085      10.7718786               0
  273      27.3185872      10.0669206               0
  274            26.5               8               0
  275      28.0414182      11.5973374               0
  276      27.0758337      9.59090909               0
  277      27.7801454      11.1307737               0
  278      27.1417889      9.79545455               0
  279      27.2779106      10.1159956               0
  280      27.5133231      10.6372929               0
  281      26.7682254      8.90909091               0
  282      28.1071723      11.8928277               0
  283      27.2372114      10.1650707               0
  284      27.9309357      11.5973374               0
  285      27.7536081      11.3640556               0
  286      28.0225465      11.8928277               0
  287              25               0               0
  288      26.4688166      8.45454545               0
  289      27.1788366      10.2354117               0
  290      27.2946012      10.5027073               0
  291      27.8212786      11.5973374               0
  292      27.5816397      11.1307737               0
  293      27.3927182      10.7718786               0
  294      25.0333333               2               0
  295      27.9057291      11.8928277               0
  296      27.1204164      10.3057526               0
  297            25.2               4               0
  298      26.9366926              10               0
  299      27.6735264      11.5973374               0
  300       26.692612      9.59090909               0
  301      27.0385529      10.4042299               0
  302      26.8841763      10.0669206               0
  303      26.3931203      8.90909091               0
  304      27.7454318      11.8928277               0
  305      27.3252547      11.1307737               0
  306      27.2317819      10.9513262               0
  307       27.526946      11.5973374               0
  308              26               8               0
  309      27.8116819      12.1883181               0
  310       26.429988            9.25               0
  311      26.8070438      10.1650707               0
  312      26.9566034      10.5027073               0
  313      27.3620105      11.3640556               0
  314      27.0615798      10.7718786               0
  315      27.7684432      12.1883181               0
  316      27.7255352      12.1883181               0
  317      27.5283252      11.8928277               0
  318      27.6666917      12.1883181               0
  319      27.3337522      11.5973374               0
  320      26.6962665      10.3057526               0
  321      26.8444701      10.6372929               0
  322       27.070703      11.1307737               0
  323      27.6082896      12.1883181               0
  324       26.499367              10               0
  325      27.5283661      12.1883181               0
  326      26.4746791      10.0334603               0
  327      26.0181599      8.90909091               0
  328      26.4499697      10.0669206               0
  329      26.2339554      9.59090909               0
  330      27.1421865      11.5973374               0
  331      27.4490553      12.1883181               0
  332      26.7321843      10.7718786               0
  333      26.4136903      10.1159956               0
  334      27.2395257      11.8928277               0
  335      26.2411601      9.79545455               0
  336      26.5407549      10.5027073               0
  337      26.3773651      10.1650707               0
  338      27.3415886      12.1883181               0
  339            25.5               8               0
  340      26.7502516      11.1307737               0
  341      26.8610977      11.3640556               0
  342      26.3252201      10.2354117               0
  343      27.4472439      12.5527561               0
  344      27.2349906      12.1883181               0
  345      25.5710732      8.45454545               0
  346      26.8956524      11.5973374               0
  347      26.5822409      10.9513262               0
  348      26.2729833      10.3057526               0
  349        27.35898      12.5527561               0
  350      27.0927697      12.1883181               0
  351      25.6156249      8.90909091               0
  352      26.1997002      10.4042299               0
  353      27.2410414      12.5527561               0
  354      26.3274579      10.7718786               0
  355            24.3               4               0
  356      26.8634828      11.8928277               0
  357      25.9745761              10               0
  358      25.7749996      9.59090909               0
  359      26.4320459      11.1307737               0
  360       26.651276      11.5973374               0
  361      26.9517821      12.1883181               0
  362      26.1262436      10.5027073               0
  363      25.6133973            9.25               0
  364      25.9290532      10.0669206               0
  365            24.6               6               0
  366      27.0830421      12.5527561               0
  367      25.8620719      10.1650707               0
  368      26.0255792      10.6372929               0
  369      26.7672903      12.1883181               0
  370              25               8               0
  371      27.0828058      12.9171942               0
  372      26.8727399      12.5527561               0
  373      25.7656304      10.3057526               0
  374      25.2132244      8.90909091               0
  375      26.2364347      11.3640556               0
  376      26.3445374      11.5973374               0
  377      27.0373504      12.9171942               0
  378      25.9246071      10.7718786               0
  379       26.992191      12.9171942               0
  380       26.584512      12.1883181               0
  381      26.0417729      11.1307737               0
  382      26.9325977      12.9171942               0
  383      26.3852128      11.8928277               0
  384      26.8733996      12.9171942               0
  385      25.4497853              10               0
  386      25.6297773      10.5027073               0
  387      25.4290666      10.0334603               0
  388       25.236504      9.59090909               0
  389      26.5964985      12.5527561               0
  390      26.7947063      12.9171942               0
  391      25.7895157      10.9513262               0
  392       25.408308      10.0669206               0
  393      26.3505471      12.1883181               0
  394      26.0404418      11.5973374               0
  395      25.3777906      10.1159956               0
  396      26.7165615      12.9171942               0
  397       25.347189      10.1650707               0
  398      23.3333333               0               0
  399      25.1681283      9.79545455               0
  400       24.662853      8.45454545               0
  401       26.612908      12.9171942               0
  402            24.5               8               0
  403      25.3031813      10.2354117               0
  404      24.7789481      8.90909091               0
  405      25.6539168      11.1307737               0
  406      25.2590047      10.3057526               0
  407      26.5100324      12.9171942               0
  408      26.1188529      12.1883181               0
  409      25.4426038      10.7718786               0
  410       26.240118      12.5527561               0
  411      25.1968785      10.4042299               0
  412            23.4               4               0
  413      26.6454801      13.3545199               0
  414      26.3748778      12.9171942               0
  415      25.6683718      11.5973374               0
  416      24.6811839            9.25               0
  417      25.7916744      11.8928277               0
  418      26.5517845      13.3545199               0
  419      25.1344329      10.5027073               0
  420      25.4769165      11.3640556               0
  421      26.2408275      12.9171942               0
  422      24.6980131      9.59090909               0
  423      25.8292274      12.1883181               0
  424      24.8375294              10               0
  425      26.4317925      13.3545199               0
  426      25.0485867      10.6372929               0
  427      24.8008332      10.0669206               0
  428       24.344784      8.90909091               0
  429      25.1904975      11.1307737               0
  430      26.0673487      12.9171942               0
  431              24               8               0
  432      24.7466439      10.1650707               0
  433      26.2762658      13.3545199               0
  434      24.9621743      10.7718786               0
  435      25.7899757      12.5527561               0
  436      25.2991461      11.5973374               0
  437      25.5423835      12.1883181               0
  438       25.895404      12.9171942               0
  439      24.6682249      10.3057526               0
  440      26.0742763      13.3545199               0
  441      24.8461071      10.9513262               0
  442            23.2               6               0
  443      26.2081544      13.7918456               0
  444      24.5570031      10.5027073               0
  445      25.6770569      12.9171942               0
  446      26.1595553      13.7918456               0
  447      26.1111518      13.7918456               0
  448      23.7416664      8.45454545               0
  449      23.8752676      8.90909091               0
  450      22.4666667               2               0
  451      24.7291059      11.1307737               0
  452      25.0729418      11.8928277               0
  453      25.8135922      13.3545199               0
  454      26.0503474      13.7918456               0
  455      24.0803652      9.59090909               0
  456      25.1925357      12.1883181               0
  457      24.2252734              10               0
  458      24.2093765      10.0334603               0
  459            23.5               8               0
  460      24.8587939      11.5973374               0
  461      25.9898043      13.7918456               0
  462      24.1934161      10.0669206               0
  463       25.460743      12.9171942               0
  464      24.1698938      10.1159956               0
  465      25.9124797      13.7918456               0
  466      25.2342777      12.5527561               0
  467      24.4024092      10.7718786               0
  468      24.1462373      10.1650707               0
  469            22.5               4               0
  470      25.8355176      13.7918456               0
  471      24.1120983      10.2354117               0
  472       24.575676      11.3640556               0
  473      23.9238599      9.79545455               0
  474      24.0776905      10.3057526               0
  475      25.7365407      13.7918456               0
  476       25.481392      13.3545199               0
  477      23.6273133            9.25               0
  478      24.8456814      12.1883181               0
  479      25.1918987      12.9171942               0
  480      24.0290754      10.4042299               0
  481      25.6380779      13.7918456               0
  482      23.4058214      8.90909091               0
  483       23.979952      10.5027073               0
  484      24.4208283      11.5973374               0
  485      25.5116649      13.7918456               0
  486      24.1919156      11.1307737               0
  487              23               8               0
  488      23.9120143      10.6372929               0
  489      25.6979411      14.3020589               0
  490      24.9255449      12.9171942               0
  491      25.3859817      13.7918456               0
  492      23.4631878      9.59090909               0
  493      25.5968743      14.3020589               0
  494       25.065269      13.3545199               0
  495      23.8431753      10.7718786               0
  496      23.5313833              10               0
  497      24.4329938      12.1883181               0
  498      21.6666667               0               0
  499      23.5049068      10.0669206               0
  500      25.2260191      13.7918456               0
  501      24.5640884      12.5527561               0
  502       24.222795      11.8928277               0
  503      25.4738049      14.3020589               0
  504      23.4655333      10.1650707               0
  505       23.750036      10.9513262               0
  506      22.8050736      8.45454545               0
  507      25.0670703      13.7918456               0
  508      24.6020474      12.9171942               0
  509       23.407999      10.3057526               0
  510      25.3208998      14.3020589               0
  511      22.8989545      8.90909091               0
  512      23.9114589      11.5973374               0
  513      23.6554097      11.1307737               0
  514            22.5               8               0
  515      23.3253412      10.5027073               0
  516      24.8675887      13.7918456               0
  517            21.6               4               0
  518      25.1287776      14.3020589               0
  519      24.0228179      12.1883181               0
  520      24.5543691      13.3545199               0
  521      24.2812302      12.9171942               0
  522      23.5302808      11.3640556               0
  523            21.8               6               0
  524      24.6694508      13.7918456               0
  525      22.7727704      9.59090909               0
  526      23.2085672      10.7718786               0
  527      25.1877279      14.8122721               0
  528      24.8867617      14.3020589               0
  529      25.1350809      14.8122721               0
  530      22.8374933              10               0
  531      22.8269051      10.0334603               0
  532      25.0824662      14.8122721               0
  533      22.8162312      10.0669206               0
  534      22.3920864      8.90909091               0
  535      23.4028951      11.5973374               0
  536      22.8004221      10.1159956               0
  537      25.0200043      14.8122721               0
  538      22.7844315      10.1650707               0
  539      24.4251956      13.7918456               0
  540      22.4527211            9.25               0
  541      23.7737767      12.5527561               0
  542      24.9575854      14.8122721               0
  543      22.7611987      10.2354117               0
  544              22               8               0
  545      23.9006941      12.9171942               0
  546      23.5465167      12.1883181               0
  547      22.7376021      10.3057526               0
  548      24.8817732      14.8122721               0
  549      23.0464474      11.1307737               0
  550      24.5834132      14.3020589               0
  551      22.5216141      9.79545455               0
  552      22.7039659      10.4042299               0
  553      24.8060208      14.8122721               0
  554      24.1825862      13.7918456               0
  555      22.6696419      10.5027073               0
  556      23.9403957      13.3545199               0
  557      23.2385263      11.8928277               0
  558      24.7125791      14.8122721               0
  559      22.6216469      10.6372929               0
  560       24.619222      14.8122721               0
  561        21.85082      8.45454545               0
  562      23.5224068      12.9171942               0
  563      22.5724325      10.7718786               0
  564      24.5032135      14.8122721               0
  565        24.20735      14.3020589               0
  566      22.0834731      9.59090909               0
  567      21.8477079      8.90909091               0
  568      23.8895756      13.7918456               0
  569      22.8256742      11.5973374               0
  570      23.0710632      12.1883181               0
  571            20.7               4               0
  572      24.3873252      14.8122721               0
  573      22.5049813      10.9513262               0
  574            21.5               8               0
  575      22.0742142              10               0
  576      24.6094861      15.3905139               0
  577       22.058306      10.0669206               0
  578      24.2433677      14.8122721               0
  579      22.4355182      11.1307737               0
  580      22.0343081      10.1650707               0
  581       24.499433      15.3905139               0
  582      23.5983362      13.7918456               0
  583      24.0995773      14.8122721               0
  584      21.9985587      10.3057526               0
  585      23.0841392      12.9171942               0
  586      24.3724738      15.3905139               0
  587      23.7482874      14.3020589               0
  588       22.342355      11.3640556               0
  589      22.8607006      12.5527561               0
  590      23.2181773      13.3545199               0
  591      21.9459138      10.5027073               0
  592      23.9222032      14.8122721               0
  593              20               0               0
  594      24.2224166      15.3905139               0
  595      21.3032192      8.90909091               0
  596       22.531774      12.1883181               0
  597      22.2461383      11.5973374               0
  598              21               8               0
  599      23.2542714      13.7918456               0
  600      21.8692798      10.7718786               0
  601      23.7450505      14.8122721               0
  602            19.9               2               0
  603      24.0416527      15.3905139               0
  604            20.4               6               0
  605      21.3329058      9.59090909               0
  606      22.6466307      12.9171942               0
  607      21.1669345            9.25               0
  608      22.1201867      11.8928277               0
  609      20.8769605      8.45454545               0
  610      23.5292086      14.8122721               0
  611      21.7592002      11.1307737               0
  612      23.8212352      15.3905139               0
  613      23.1981529      14.3020589               0
  614      21.3109351              10               0
  615      22.9116929      13.7918456               0
  616      21.3054492      10.0334603               0
  617      21.2998686      10.0669206               0
  618      21.2915138      10.1159956               0
  619      21.2829587      10.1650707               0
  620            19.8               4               0
  621      24.0312444      15.9687556               0
  622      21.2703512      10.2354117               0
  623       23.313638      14.8122721               0
  624      21.2573422      10.3057526               0
  625      23.9739492      15.9687556               0
  626      21.9900483      12.1883181               0
  627            20.5               8               0
  628      23.9164937      15.9687556               0
  629      21.2384666      10.4042299               0
  630      23.5511789      15.3905139               0
  631      20.7235706      8.90909091               0
  632      20.9878824      9.79545455               0
  633      21.2188321      10.5027073               0
  634       23.852114      15.9687556               0
  635      21.6037708      11.5973374               0
  636      22.3856307      13.3545199               0
  637      23.7875203      15.9687556               0
  638      22.1512434      12.9171942               0
  639      21.1908005      10.6372929               0
  640      23.0553043      14.8122721               0
  641      22.5161163      13.7918456               0
  642      23.7134087      15.9687556               0
  643      21.1614233      10.7718786               0
  644      23.6390001      15.9687556               0
  645      21.8243694      12.5527561               0
  646      21.1202324      10.9513262               0
  647      23.2210542      15.3905139               0
  648      23.5518441      15.9687556               0
  649       20.584282      9.59090909               0
  650      22.5520775      14.3020589               0
  651      23.4642668      15.9687556               0
  652      22.7972624      14.8122721               0
  653      21.0768216      11.1307737               0
  654              20               8               0
  655      23.3600829      15.9687556               0
  656      21.3893545      12.1883181               0
  657      22.1210413      13.7918456               0
  658      21.0172305      11.3640556               0
  659      23.2553009      15.9687556               0
  660      21.6536746      12.9171942               0
  661      20.4967707              10               0
  662      20.1436595      8.90909091               0
  663      20.4901006      10.0669206               0
  664      20.4796831      10.1650707               0
  665      22.8209352      15.3905139               0
  666      22.4940889      14.8122721               0
  667      23.1295204      15.9687556               0
  668      20.9542702      11.5973374               0
  669      19.8819654      8.45454545               0
  670       20.463462      10.3057526               0
  671            18.9               4               0
  672      23.3951785      16.6048215               0
  673       23.002909      15.9687556               0
  674      20.4382778      10.5027073               0
  675      23.2755349      16.6048215               0
  676      20.8700218      11.8928277               0
  677      22.8506055      15.9687556               0
  678      20.3993921      10.7718786               0
  679      21.6752477      13.7918456               0
  680      22.1911604      14.8122721               0
  681      21.4432717      13.3545199               0
  682            19.5               8               0
  683      23.1445335      16.6048215               0
  684              19               6               0
  685      19.7888751            9.25               0
  686      21.8090897      14.3020589               0
  687      22.6972008      15.9687556               0
  688      22.3427177      15.3905139               0
  689      21.1026937      12.9171942               0
  690      20.7811538      12.1883181               0
  691      18.3333333               0               0
  692      20.3400125      11.1307737               0
  693      19.7921735      9.59090909               0
  694      22.9977907      16.6048215               0
  695      19.5336319      8.90909091               0
  696       22.513517      15.9687556               0
  697      21.8430718      14.8122721               0
  698      22.8296786      16.6048215               0
  699      21.2280123      13.7918456               0
  700      20.6658398      12.5527561               0
  701      19.6826064              10               0
  702      20.2510682      11.5973374               0
  703       19.681027      10.0334603               0
  704      19.6793751      10.0669206               0
  705      22.3284843      15.9687556               0
  706       19.676822      10.1159956               0
  707      19.6741153      10.1650707               0
  708      22.6332279      16.6048215               0
  709      19.6699709      10.2354117               0
  710              19               8               0
  711      19.6655187      10.3057526               0
  712       19.658777      10.4042299               0
  713      19.6514534      10.5027073               0
  714      21.4950659      14.8122721               0
  715      22.1093086      15.9687556               0
  716      21.7817488      15.3905139               0
  717      20.5449914      12.9171942               0
  718      19.3618878      9.79545455               0
  719      19.6405258      10.6372929               0
  720      22.4001876      16.6048215               0
  721      19.6285664      10.7718786               0
  722      22.7591126      17.2408874               0
  723              18               4               0
  724      18.8648257      8.45454545               0
  725      20.1216851      12.1883181               0
  726      22.6972319      17.2408874               0
  727      19.6110703      10.9513262               0
  728      18.9231487      8.90909091               0
  729      21.8886812      15.9687556               0
  730      22.6350432      17.2408874               0
  731      20.7348805      13.7918456               0
  732      20.9724603      14.3020589               0
  733      19.5918718      11.1307737               0
  734      22.5688937      17.2408874               0
  735      19.0029511      9.59090909               0
  736      22.1213793      16.6048215               0
  737       22.502333      17.2408874               0
  738       21.104704      14.8122721               0
  739      20.3938283      13.3545199               0
  740      19.5644927      11.3640556               0
  741            18.5               8               0
  742      22.4302092      17.2408874               0
  743       21.631586      15.9687556               0
  744      22.3575149      17.2408874               0
  745      19.5345298      11.5973374               0
  746      22.2771634      17.2408874               0
  747      21.1385798      15.3905139               0
  748      22.1960029      17.2408874               0
  749      19.9409353      12.9171942               0
  750      18.8413032              10               0
  751      17.3333333               2               0
  752      21.7875244      16.6048215               0
  753      19.4931267      11.8928277               0
  754      18.8404078      10.0669206               0
  755      18.8387816      10.1650707               0
  756      21.3732728      15.9687556               0
  757      22.1045403      17.2408874               0
  758      20.2373066      13.7918456               0
  759      20.7141045      14.8122721               0
  760      18.8358153      10.3057526               0
  761      22.0119289      17.2408874               0
  762      18.8304426      10.5027073               0
  763      19.4481809      12.1883181               0
  764      18.2902409      8.90909091               0
  765            17.6               6               0
  766      21.9058151      17.2408874               0
  767      18.3464863            9.25               0
  768              18               8               0
  769      18.8208979      10.7718786               0
  770      21.0786335      15.9687556               0
  771      21.7981053      17.2408874               0
  772      21.3907262      16.6048215               0
  773      19.3883688      12.5527561               0
  774      18.8044588      11.1307737               0
  775            17.1               4               0
  776      21.6732442      17.2408874               0
  777      22.0806423      17.9193577               0
  778      20.0498253      14.3020589               0
  779      20.2870434      14.8122721               0
  780      18.1927341      9.59090909               0
  781      17.8251971      8.45454545               0
  782      21.5462679      17.2408874               0
  783      21.9525753      17.9193577               0
  784      19.3243124      12.9171942               0
  785      19.7013271      13.7918456               0
  786      20.7835829      15.9687556               0
  787      18.7772957      11.5973374               0
  788      16.6666667               0               0
  789      20.4204997      15.3905139               0
  790      21.8185368      17.9193577               0
  791       21.398338      17.2408874               0
  792            17.5               8               0
  793       20.926683      16.6048215               0
  794          21.676      17.9193577               0
  795      21.2478173      17.2408874               0
  796              18              10               0
  797      19.2427322      13.3545199               0
  798              18      10.0334603               0
  799              18      10.0669206               0
  800      17.6566566      8.90909091               0
  801       18.734647      12.1883181               0
  802              18      10.1159956               0
  803              18      10.1650707               0
  804      19.8592503      14.8122721               0
  805      20.4556556      15.9687556               0
  806              18      10.2354117               0
  807              18      10.3057526               0
  808      21.5214953      17.9193577               0
  809              18      10.4042299               0
  810      21.0729521      17.2408874               0
  811              18      10.5027073               0
  812              18      10.6372929               0
  813      17.6931818      9.79545455               0
  814              18      10.7718786               0
  815      19.1570424      13.7918456               0
  816      17.6923055      9.89895946               0
  817      21.3504085      17.9193577               0
  818              18      10.9513262               0
  819      20.8952986      17.2408874               0
  820      17.6896509      10.0331322               0
  821        20.12891      15.9687556               0
  822              18      11.1307737               0
  823      18.6716082      12.9171942               0
  824      17.6851343      10.2087642               0
  825      20.3974385      16.6048215               0
  826              17               8               0
  827       21.156874      17.9193577               0
  828              18      11.3640556               0
  829      17.6786073      10.4390011               0
  830      19.4039363      14.8122721               0
  831      17.3863636      9.59090909               0
  832      20.6911916      17.2408874               0
  833      17.3859196      9.68953857               0
  834            16.2               4               0
  835      19.6423809      15.3905139               0
  836              18      11.5973374               0
  837      17.3846111      9.78828851               0
  838      17.6698586      10.7391178               0
  839      17.3823816      9.90000797               0
  840      19.0533343      14.3020589               0
  841       21.402172       18.597828               0
  842      17.3793017      10.0118459               0
  843              18      11.8928277               0
  844      20.9339155      17.9193577               0
  845      17.3752072      10.1413137               0
  846      21.3367723       18.597828               0
  847      17.0105973      8.90909091               0
  848      20.4847451      17.2408874               0
  849      19.7765021      15.9687556               0
  850      17.6586335      11.1258989               0
  851      17.3702685      10.2708992               0
  852      21.2710742       18.597828               0
  853              18      12.1883181               0
  854      17.3641633      10.4237858               0
  855      21.2039202       18.597828               0
  856      16.7636204      8.45454545               0
  857      18.5847677      13.7918456               0
  858      17.3572146      10.5767899               0
  859            16.2               6               0
  860      21.1363678       18.597828               0
  861      20.6740698      17.9193577               0
  862              18      12.5527561               0
  863      17.6446824      11.6165424               0
  864      17.3488866      10.7596808               0
  865      20.2521171      17.2408874               0
  866          16.875            9.25               0
  867      21.0666691       18.597828               0
  868      18.9472537      14.8122721               0
  869            16.5               8               0
  870      17.3397171      10.9426889               0
  871      19.8140495      16.6048215               0
  872      20.9964176       18.597828               0
  873      19.4277349      15.9687556               0
  874       16.873299      9.61440433               0
  875              18      12.9171942               0
  876      20.9230389       18.597828               0
  877       17.328905      11.1628191               0
  878      20.8488762       18.597828               0
  879      20.0186994      17.2408874               0
  880      17.6278474      12.2270586               0
  881      16.8681458      9.99677903               0
  882       17.317267      11.3830644               0
  883      20.3707566      17.9193577               0
  884      20.7702396       18.597828               0
  885              18      13.3545199               0
  886      17.3037032      11.6478499               0
  887        20.69049       18.597828               0
  888      16.8593783      10.4038085               0
  889      18.8263507      15.3905139               0
  890      20.6045008       18.597828               0
  891      16.3636364      8.90909091               0
  892      19.7628193      17.2408874               0
  893      17.2893648      11.9127433               0
  894      19.0640404      15.9687556               0
  895      18.4746562      14.8122721               0
  896              18      13.7918456               0
  897      20.5169655       18.597828               0
  898      16.3632184       9.1828146               0
  899      16.8467083      10.8436045               0
  900      17.6081938      12.9702264               0
  901      20.0205496      17.9193577               0
  902              16               8               0
  903            15.3               4               0
  904       17.272857      12.2290976               0
  905      20.4210238       18.597828               0
  906      16.3619869       9.4560428               0
  907      19.1981213      16.6048215               0
  908              15               0               0
  909      16.3598885      9.73411167               0
  910      20.3230329       18.597828               0
  911      19.5092086      17.2408874               0
  912      16.8297255      11.3255664               0
  913              18      14.3020589               0
  914      17.2556948      12.5455431               0
  915       20.701086       19.298914               0
  916      16.3569898      10.0116931               0
  917      20.2142291       18.597828               0
  918      18.7071528      15.9687556               0
  919      16.3531362      10.2960045               0
  920      20.5681104       19.298914               0
  921      20.1029151       18.597828               0
  922      17.2362508      12.9190073               0
  923      16.8079356      11.8600079               0
  924      17.5861791      13.8532863               0
  925      19.2408898      17.2408874               0
  926              18      14.8122721               0
  927      19.6261807      17.9193577               0
  928       16.348488       10.579832               0
  929      14.7666667               2               0
  930      20.4335712       19.298914               0
  931       19.978531       18.597828               0
  932      15.6818182      8.45454545               0
  933      16.3427419      10.8726646               0
  934      17.2163876      13.2925299               0
  935            15.5               8               0
  936      20.2966896       19.298914               0
  937      19.8514454       18.597828               0
  938      18.3484568      15.9687556               0
  939       16.336202      11.1650137               0
  940      16.7808541      12.4575045               0
  941      18.9795633      17.2408874               0
  942              18      15.3905139               0
  943      15.6809935      9.17915642               0
  944      18.5810177      16.6048215               0
  945      20.1562867       19.298914               0
  946      19.7098472       18.597828               0
  947      17.1943799      13.7262922               0
  948      16.3283639      11.4689868               0
  949      19.1995632      17.9193577               0
  950      20.0106523       19.298914               0
  951      19.5659824       18.597828               0
  952      16.3197338      11.7724775               0
  953      17.5628302      14.8756746               0
  954            14.8               6               0
  955      18.7149254      17.2408874               0
  956      15.6784949      9.90461055               0
  957      16.7481743      13.1279504               0
  958      17.1723583      14.1600564               0
  959              18      15.9687556               0
  960      19.8574428       19.298914               0
  961      16.3095576      12.0904508               0
  962      19.4078684       18.597828               0
  963            14.4               4               0
  964              15               8               0
  965      16.2986043      12.4079508               0
  966      19.6936943       19.298914               0
  967       15.674244      10.6319436               0
  968      19.2489894       18.597828               0
  969      18.4633609      17.2408874               0
  970      17.1487024      14.6539891               0
  971              15             8.4               0
  972      18.7635575      17.9193577               0
  973      16.2858383       12.742856               0
  974              18      16.6048215               0
  975              20              20               0
  976      16.7100233      13.8793705               0
  977      19.5160859       19.298914               0
  978      19.0787232       18.597828               0
  979              15             8.8               0
  980      19.9333333              20               0
  981      18.2218475      17.2408874               0
  982       15.668101      11.3623536               0
  983      19.8666667              20               0
  984      16.2723434      13.0773171               0
  985              15             9.2               0
  986      17.1256604      15.1478363               0
  987       17.539874      16.0272036               0
  988            19.8              20               0
  989      18.9106558       18.597828               0
  990      19.3216104       19.298914               0
  991      19.7333333              20               0
  992              15             9.6               0
  993      16.2568066       13.431923               0
  994      19.6666667              20               0
  995              18      17.2408874               0
  996      18.3509916      17.9193577               0
  997      18.7371577       18.597828               0
  998            19.6              20               0
  999              15              10               0
 1000      15.6598669      12.0971797               0
 1001      19.1087549       19.298914               0
 1002      16.6672889      14.7165917               0
 1003      19.5333333              20               0
 1004      17.1019561      15.6977205               0
 1005      16.2406539      13.7861537               0
 1006      19.4666667              20               0
 1007              15            10.4               0
 1008      18.5704339       18.597828               0
 1009            19.4              20               0
 1010      19.3333333              20               0
 1011      18.8791112       19.298914               0
 1012      16.2223537      14.1627818               0
 1013              15            10.8               0
 1014      18.4069692       18.597828               0
 1015      13.3333333               0               0
 1016      19.2666667              20               0
 1017      15.6493021      12.8378628               0
 1018              18      17.9193577               0
 1019      17.0797479      16.2473962               0
 1020            13.5               4               0
 1021            19.2              20               0
 1022              15            11.2               0
 1023      19.1333333              20               0
 1024      18.2561705       18.597828               0
 1025      16.2036589      14.5391696               0
 1026      17.5197474       17.287132               0
 1027      18.6390241       19.298914               0
 1028      19.0666667              20               0
 1029      16.6219645      15.6399455               0
 1030              15            11.6               0
 1031              19              20               0
 1032      18.1185588       18.597828               0
 1033      18.9333333              20               0
 1034      15.6361717      13.5858946               0
 1035      16.1829458      14.9393881               0
 1036      17.0583116      16.8445175               0
 1037              15              12               0
 1038      18.8666667              20               0
 1039              18       18.597828               0
 1040      18.4005607       19.298914               0
 1041            18.8              20               0
 1042            13.4               6               0
 1043      18.7333333              20               0
 1044              15            12.4               0
 1045      16.1622196      15.3395985               0
 1046      18.6666667              20               0
 1047      18.1809559       19.298914               0
 1048            18.6              20               0
 1049      15.6203269      14.3427656               0
 1050              15            12.8               0
 1051      18.5333333              20               0
 1052      17.0394949      17.4412737               0
 1053      16.5774024      16.6442185               0
 1054      18.4666667              20               0
 1055      16.1399552      15.7639321               0
 1056              18       19.298914               0
 1057            18.4              20               0
 1058              15            13.2               0
 1059      17.5054194      18.6245093               0
 1060      18.3333333              20               0
 1061      18.2666667              20               0
 1062              15            13.6               0
 1063      16.1182686      16.1886175               0
 1064            18.2              20               0
 1065      15.6018295      15.1099261               0
 1066      17.0232121      18.0725491               0
 1067            12.6               4               0
 1068      18.1333333              20               0
 1069      18.0666667              20               0
 1070              15              14               0
 1071              18              20               0
 1072      16.0959587      16.6363125               0
 1073              15            14.4               0
 1074            12.2               2               0
 1075      16.5383333      17.7180787               0
 1076      15.5811098      15.8887709               0
 1077      17.0108388      18.7032797               0
 1078      16.0750569      17.0848651               0
 1079              15            14.8               0
 1080              15            15.2               0
 1081            17.5              20               0
 1082      16.0548815      17.5537408               0
 1083      17.0028066      19.3520039               0
 1084      15.5591343      16.6806393               0
 1085              15            15.6               0
 1086      11.6666667               0               0
 1087        16.51052      18.8441717               0
 1088      16.0371717      18.0241182               0
 1089              12               6               0
 1090              15              16               0
 1091            11.7               4               0
 1092              17              20               0
 1093              12      6.93333333               0
 1094      15.5375284      17.4867997               0
 1095              15            16.4               0
 1096      16.0218467      18.5105272               0
 1097              12      7.86666667               0
 1098              15            16.8               0
 1099      16.0102012      18.9991771               0
 1100              15            17.2               0
 1101              12             8.8               0
 1102            16.5              20               0
 1103      15.5185858       18.308364               0
 1104              15            17.6               0
 1105      16.0026415      19.4980909               0
 1106              12      9.73333333               0
 1107              15              18               0
 1108            10.8               4               0
 1109              16              20               0
 1110      15.5051006      19.1460813               0
 1111              12      10.6666667               0
 1112              15            18.4               0
 1113              15            18.8               0
 1114              12            11.6               0
 1115            15.5              20               0
 1116              15            19.2               0
 1117              10               0               0
 1118              12      12.5333333               0
 1119              15            19.6               0
 1120             9.9               4               0
 1121              15              20               0
 1122              12      13.4666667               0
 1123      9.63333333               2               0
 1124              12            14.4               0
 1125              12      15.3333333               0
 1126               9               4               0
 1127               9      4.53333333               0
 1128               9      5.06666667               0
 1129              12      16.2666667               0
 1130               9             5.6               0
 1131               9      6.13333333               0
 1132               9      6.66666667               0
 1133               9             7.2               0
 1134      8.33333333               0               0
 1135              12            17.2               0
 1136               9      7.73333333               0
 1137               9      8.26666667               0
 1138               9             8.8               0
 1139               9      9.33333333               0
 1140              12      18.1333333               0
 1141               9      9.86666667               0
 1142               9            10.4               0
 1143               9      10.9333333               0
 1144              12      19.0666667               0
 1145               9      11.4666667               0
 1146               9              12               0
 1147               9      12.5333333               0
 1148              12              20               0
 1149      7.06666667               2               0
 1150               9      13.0666667               0
 1151               9            13.6               0
 1152      6.66666667               0               0
 1153               9      14.1333333               0
 1154               9      14.6666667               0
 1155               9            15.2               0
 1156               9      15.7333333               0
 1157               9      16.2666667               0
 1158               9            16.8               0
 1159               9      17.3333333               0
 1160               9      17.8666667               0
 1161               9            18.4               0
 1162               5               0               0
 1163               9      18.9333333               0
 1164               9      19.4666667               0
 1165             4.5               2               0
 1166             4.5             3.2               0
 1167               9              20               0
 1168             4.5             4.4               0
 1169             4.5             5.6               0
 1170             4.5             6.8               0
 1171             4.5               8               0
 1172             4.5             9.2               0
 1173      3.33333333               0               0
 1174             4.5            10.4               0
 1175             4.5            11.6               0
 1176             4.5            12.8               0
 1177             4.5              14               0
 1178             4.5            15.2               0
 1179      1.66666667               0               0
 1180             4.5            16.4               0
 1181             4.5            17.6               0
 1182             4.5            18.8               0
 1183             4.5              20               0
 1184               0               0               0
 1185               0     0.666666667               0
 1186               0      1.33333333               0
 1187               0               2               0
 1188               0      2.66666667               0
 1189               0      3.33333333               0
 1190               0               4               0
 1191               0      4.66666667               0
 1192               0      5.33333333               0
 1193               0               6               0
 1194               0      6.66666667               0
 1195               0      7.33333333               0
 1196               0               8               0
 1197               0      8.66666667               0
 1198               0      9.33333333               0
 1199               0              10               0
 1200               0      10.6666667               0
 1201               0      11.3333333               0
 1202               0              12               0
 1203               0      12.6666667               0
 1204               0      13.3333333               0
 1205               0              14               0
 1206               0      14.6666667               0
 1207               0      15.3333333               0
 1208               0              16               0
 1209               0      16.6666667               0
 1210               0      17.3333333               0
 1211               0              18               0
 1212               0      18.6666667               0
 1213               0      19.3333333               0
 1214               0              20               0
