0 
0 
0 
0 
0 
-128.279 
0 
57.5328 
0 
0 
0 
-174.033 
0 
0 
0 
-125.386 
0 
-241.898 
0 
-102.119 
0 
0 
0 
57.5328 
0 
74.3056 
0 
-208.333 
0 
-241.898 
0 
-88.8889 
0 
104.167 
0 
0 
0 
-128.279 
0 
-208.333 
0 
44.4445 
0 
-101.052 
0 
104.167 
0 
29.2728 
0 
0 
0 
-123.189 
0 
-122.685 
0 
-88.8889 
0 
-208.333 
0 
-174.769 
0 
0 
0 
52.0834 
0 
44.4445 
0 
-75.6593 
0 
-174.769 
0 
-100.163 
0 
-88.8889 
0 
0 
0 
52.973 
0 
-85.6482 
0 
-149.498 
0 
74.4117 
0 
-76.7259 
0 
-65.5432 
0 
44.4445 
0 
-152.392 
0 
0 
0 
74.4117 
0 
32.7155 
0 
-99.4519 
0 
-149.498 
0 
-88.8889 
0 
36.6995 
0 
-66.0247 
0 
-77.6148 
0 
0 
0 
44.4445 
0 
33.0266 
0 
-90.2778 
0 
-125 
0 
-66.4321 
0 
-98.9185 
0 
0 
0 
-88.8889 
0 
-125 
0 
-78.3259 
0 
-55.5556 
0 
-62.5 
0 
33.2858 
0 
44.4445 
0 
0 
0 
-66.7654 
0 
-55.5556 
0 
-88.8889 
0 
33.4932 
0 
-78.8593 
0 
-98.563 
0 
26.5879 
0 
-62.8718 
0 
38.2792 
0 
0 
0 
-62.5 
0 
-33.2767 
0 
38.1097 
0 
-67.0247 
0 
-55.5556 
0 
-62.1282 
0 
-14.2808 
0 
20.3006 
0 
44.4445 
0 
-13.497 
0 
18.4454 
0 
-14.6018 
0 
-5.16198 
0 
7.11433 
0 
-11.7055 
0 
-13.8889 
0 
33.6488 
0 
6.77457 
0 
-33.2569 
0 
-13.176 
0 
2.54748 
0 
0 
0 
5.87717 
0 
-14.2451 
0 
-79.2148 
0 
-13.5327 
0 
-5.07296 
0 
-88.8889 
0 
-55.5556 
0 
-10.2246 
0 
-10.2831 
0 
18.4304 
0 
-11.7047 
0 
-14.5535 
0 
-67.2099 
0 
7.10665 
0 
-13.8889 
0 
2.48372 
0 
-98.3852 
0 
6.78225 
0 
5.08049 
0 
-13.2243 
0 
5.87375 
0 
-33.2401 
0 
-4.92887 
0 
-9.97863 
0 
-14.2149 
0 
-10.0451 
0 
-13.5629 
0 
-10.1177 
0 
-10.2272 
0 
0 
0 
-11.7041 
0 
33.7525 
0 
44.4445 
0 
2.39834 
0 
18.4179 
0 
4.94284 
0 
-14.5132 
0 
7.10025 
0 
-13.8889 
0 
5.03411 
0 
6.78865 
0 
-55.5556 
0 
-13.2645 
0 
-4.7389 
0 
5.8709 
0 
-9.63896 
0 
-9.72739 
0 
-9.8079 
0 
-9.90959 
0 
-33.2264 
0 
-10.0274 
0 
-14.1902 
0 
-13.5876 
0 
-10.1807 
0 
-79.3926 
0 
2.29525 
0 
-67.321 
0 
4.76811 
0 
-11.7035 
0 
4.86651 
0 
4.99545 
0 
-88.8889 
0 
-4.51222 
0 
18.4079 
0 
-9.2226 
0 
-9.34318 
0 
-14.4811 
0 
7.09513 
0 
-13.8889 
0 
-9.44449 
0 
6.79377 
0 
-13.2967 
0 
-9.55265 
0 
5.86862 
0 
-9.66343 
0 
0 
0 
-9.79666 
0 
-9.9534 
0 
2.1784 
0 
4.56304 
0 
4.68038 
0 
33.8043 
0 
-55.5556 
0 
-10.1434 
0 
-33.2157 
0 
-14.171 
0 
-13.6068 
0 
-98.3852 
0 
4.8029 
0 
-11.7031 
0 
-8.74658 
0 
-8.90578 
0 
-9.03725 
0 
-4.25801 
0 
4.96453 
0 
-9.16293 
0 
-9.27993 
0 
-9.40703 
0 
-9.54523 
0 
6.79761 
0 
-13.3209 
0 
-13.8889 
0 
7.09129 
0 
44.4445 
0 
-14.4569 
0 
18.4004 
0 
5.8669 
0 
4.33437 
0 
-9.70631 
0 
4.47907 
0 
2.05171 
0 
-9.89588 
0 
4.60726 
0 
-67.358 
0 
-10.1155 
0 
4.75202 
0 
-8.59593 
0 
-8.42848 
0 
-8.74699 
0 
-8.22795 
0 
-8.88042 
0 
-13.6205 
0 
-3.98545 
0 
-11.7028 
0 
-9.01273 
0 
-14.1573 
0 
-79.3926 
0 
0 
0 
-33.2081 
0 
-9.14529 
0 
4.94134 
0 
-9.29054 
0 
4.26597 
0 
4.08885 
0 
-9.45329 
0 
-55.5556 
0 
4.40909 
0 
1.91913 
0 
-9.63855 
0 
5.86576 
0 
-13.337 
0 
6.80017 
0 
4.54877 
0 
-13.8889 
0 
7.08873 
0 
-9.85479 
0 
33.8043 
0 
-14.4408 
0 
18.3954 
0 
-8.31139 
0 
-8.13026 
0 
-8.46846 
0 
-7.9246 
0 
-88.8889 
0 
-8.61467 
0 
-7.68376 
0 
4.71385 
0 
-10.0969 
0 
-8.75211 
0 
-3.7037 
0 
-8.89256 
0 
-9.04058 
0 
-11.7026 
0 
4.04443 
0 
-13.6287 
0 
-9.20317 
0 
4.92588 
0 
4.20896 
0 
3.83321 
0 
-14.1491 
0 
4.35311 
0 
-9.38762 
0 
1.78458 
0 
-33.2035 
0 
-9.59337 
0 
4.50491 
0 
-8.0476 
0 
-7.86268 
0 
-8.21381 
0 
-7.64998 
0 
-8.36416 
0 
-7.40741 
0 
5.86519 
0 
-8.50882 
0 
-67.321 
0 
-13.345 
0 
-9.83014 
0 
-7.13105 
0 
6.80145 
0 
-8.6523 
0 
0 
0 
-13.8889 
0 
4.68841 
0 
-98.563 
0 
-3.42196 
0 
-8.80244 
0 
7.08745 
0 
-10.0876 
0 
4.00742 
0 
3.81784 
0 
-14.4328 
0 
-8.96578 
0 
-55.5556 
0 
4.16335 
0 
18.3929 
0 
3.5742 
0 
44.4445 
0 
-9.14492 
0 
4.31113 
0 
-11.7026 
0 
4.91815 
0 
1.65199 
0 
-9.34822 
0 
-7.81108 
0 
-7.6214 
0 
-13.6315 
0 
-7.97996 
0 
-7.40741 
0 
-8.13575 
0 
-7.16484 
0 
4.47566 
0 
-8.28304 
0 
-79.2148 
0 
-6.89022 
0 
-14.1463 
0 
-9.57079 
0 
-8.42943 
0 
-6.58686 
0 
-8.58102 
0 
33.7525 
0 
-33.202 
0 
3.80504 
0 
-9.82192 
0 
3.97781 
0 
-3.1494 
0 
5.86519 
0 
3.58957 
0 
-8.74236 
0 
4.67569 
0 
-13.345 
0 
4.12915 
0 
-8.9209 
0 
6.80145 
0 
3.31856 
0 
-10.0876 
0 
-13.8889 
0 
4.28314 
0 
-7.59801 
0 
-9.1158 
0 
-7.40741 
0 
-7.7698 
0 
7.08745 
0 
-7.19342 
0 
-7.92736 
0 
-6.95214 
0 
1.52531 
0 
-8.07721 
0 
-14.4328 
0 
-6.68456 
0 
4.91815 
0 
-9.33509 
0 
-8.2251 
0 
-11.7026 
0 
18.3929 
0 
-6.38633 
0 
4.46104 
0 
-8.3765 
0 
0 
0 
-88.8889 
0 
3.79479 
0 
3.60237 
0 
-6.06824 
0 
-13.6287 
0 
-9.57079 
0 
-8.53825 
0 
3.9556 
0 
3.36298 
0 
-55.5556 
0 
-67.2099 
0 
-2.89519 
0 
-8.71232 
0 
4.10635 
0 
-14.1491 
0 
4.67569 
0 
-9.83014 
0 
3.07304 
0 
-7.40741 
0 
-7.21681 
0 
-8.90594 
0 
-7.57982 
0 
-7.00374 
0 
5.86576 
0 
-7.73884 
0 
-6.76722 
0 
-7.88978 
0 
4.26914 
0 
-6.50343 
0 
-33.2035 
0 
-13.337 
0 
-8.03818 
0 
-9.1158 
0 
-10.0969 
0 
-6.21889 
0 
6.80017 
0 
1.40846 
0 
-8.19033 
0 
3.61262 
0 
-13.8889 
0 
3.78711 
0 
-5.90904 
0 
3.39999 
0 
-8.35004 
0 
-9.34822 
0 
4.92588 
0 
4.46104 
0 
7.08873 
0 
3.9408 
0 
3.14145 
0 
-5.59222 
0 
-8.52399 
0 
-11.7028 
0 
-14.4408 
0 
-9.59337 
0 
-7.235 
0 
-7.04502 
0 
4.09495 
0 
-7.40741 
0 
-6.83486 
0 
-8.71232 
0 
-2.66851 
0 
-7.56683 
0 
-6.601 
0 
18.3954 
0 
33.6488 
0 
2.84437 
0 
-7.7182 
0 
-13.6205 
0 
-6.34636 
0 
-7.86724 
0 
4.68841 
0 
-98.9185 
0 
-8.9209 
0 
44.4445 
0 
-6.06782 
0 
-78.8593 
0 
-9.85479 
0 
4.26914 
0 
-8.01866 
0 
3.6203 
0 
3.4296 
0 
-5.77757 
0 
-14.1573 
0 
5.8669 
0 
-8.17875 
0 
3.78199 
0 
-9.14492 
0 
3.19845 
0 
1.30537 
0 
0 
0 
-5.47164 
0 
-8.35004 
0 
-13.3209 
0 
3.9334 
0 
-10.1155 
0 
2.92834 
0 
4.47566 
0 
-7.07597 
0 
-6.88746 
0 
-9.38762 
0 
-7.24799 
0 
-55.5556 
0 
-6.67907 
0 
6.79761 
0 
-33.2081 
0 
-8.53825 
0 
-5.17585 
0 
-7.40741 
0 
-6.45066 
0 
4.94134 
0 
-7.55903 
0 
-6.20014 
0 
4.09495 
0 
-13.8889 
0 
-7.70788 
0 
-8.74236 
0 
-5.9344 
0 
-2.47854 
0 
-11.7031 
0 
2.6393 
0 
-7.85972 
0 
-9.63855 
0 
7.09129 
0 
3.45181 
0 
3.62542 
0 
-5.65188 
0 
-67.0247 
0 
3.24406 
0 
-8.01866 
0 
-8.96578 
0 
4.28314 
0 
-14.4569 
0 
3.77943 
0 
4.71385 
0 
2.99832 
0 
-5.37033 
0 
-8.19033 
0 
-13.6068 
0 
-9.89588 
0 
-6.92503 
0 
-6.73761 
0 
18.4004 
0 
-7.09661 
0 
3.9334 
0 
-6.53178 
0 
-9.20317 
0 
1.21998 
0 
-5.08743 
0 
-8.3765 
0 
-7.25579 
0 
-6.306 
0 
-7.40741 
0 
2.72704 
0 
-6.06271 
0 
5.86862 
0 
-88.8889 
0 
-7.55643 
0 
-8.58102 
0 
-5.80209 
0 
4.50491 
0 
-14.171 
0 
-4.83618 
0 
-7.70788 
0 
-10.1434 
0 
4.10635 
0 
-9.45329 
0 
3.46662 
0 
3.27826 
0 
-13.2967 
0 
-5.53489 
0 
3.62799 
0 
-7.86724 
0 
3.0543 
0 
-8.80244 
0 
4.96453 
0 
2.46457 
0 
-2.33445 
0 
6.79377 
0 
-5.26217 
0 
-8.03818 
0 
3.77943 
0 
-33.2157 
0 
-9.70631 
0 
2.80015 
0 
-6.77664 
0 
-6.58972 
0 
-6.94758 
0 
33.4932 
0 
-6.38539 
0 
-13.8889 
0 
4.31113 
0 
-11.7035 
0 
-9.04058 
0 
-7.10693 
0 
-5.00692 
0 
-8.2251 
0 
-6.16251 
0 
-7.25839 
0 
-5.92225 
0 
4.75202 
0 
3.9408 
0 
0 
0 
-7.40741 
0 
7.09513 
0 
-5.66952 
0 
-8.42943 
0 
-4.7697 
0 
1.15623 
0 
2.5409 
0 
-7.55903 
0 
-55.5556 
0 
3.30106 
0 
-9.9534 
0 
-9.29054 
0 
3.47402 
0 
3.09628 
0 
-5.40778 
0 
-14.4811 
0 
-7.7182 
0 
-13.5876 
0 
-8.6523 
0 
3.62799 
0 
4.12915 
0 
-4.59025 
0 
2.85864 
0 
4.54877 
0 
-5.15139 
0 
-7.88978 
0 
-78.3259 
0 
5.8709 
0 
18.4079 
0 
-6.62448 
0 
-6.43832 
0 
-9.54523 
0 
-6.79616 
0 
-6.2338 
0 
3.78199 
0 
-6.95509 
0 
2.32692 
0 
-6.01238 
0 
-4.90522 
0 
-10.1807 
0 
-8.07721 
0 
-8.89256 
0 
-2.24543 
0 
-7.10693 
0 
2.60451 
0 
-5.77424 
0 
-14.1902 
0 
-13.2645 
0 
44.4445 
0 
-7.25579 
0 
4.99545 
0 
-5.52428 
0 
-8.28304 
0 
4.35311 
0 
-4.69707 
0 
-7.40741 
0 
3.9556 
0 
3.31246 
0 
3.12427 
0 
-66.7654 
0 
-9.14529 
0 
-9.79666 
0 
6.78865 
0 
-5.26959 
0 
3.47402 
0 
-7.56683 
0 
2.90251 
0 
-99.4519 
0 
-8.50882 
0 
-11.7041 
0 
2.37331 
0 
4.8029 
0 
-4.53176 
0 
-5.01816 
0 
0.565197 
0 
-7.73884 
0 
3.62542 
0 
-13.8889 
0 
-33.2264 
0 
-6.46478 
0 
-6.27657 
0 
2.65539 
0 
-6.63607 
0 
-6.07246 
0 
-9.40703 
0 
-6.79616 
0 
4.16336 
0 
-5.84904 
0 
-7.92736 
0 
-4.78746 
0 
-8.75211 
0 
-10.0274 
0 
-6.94758 
0 
-2.24001 
0 
7.10025 
0 
-5.61165 
0 
3.78711 
0 
-7.09661 
0 
4.60726 
0 
-5.36153 
0 
-8.13575 
0 
-7.24799 
0 
-4.58761 
0 
3.13827 
0 
2.41196 
0 
-13.5629 
0 
1.14037 
0 
3.31246 
0 
2.93175 
0 
-14.5132 
0 
-9.01273 
0 
-9.66343 
0 
-5.10851 
0 
-7.40741 
0 
5.87375 
0 
3.46662 
0 
-8.36416 
0 
3.97781 
0 
2.69356 
0 
0 
0 
-10.2272 
0 
-2.26061 
0 
-4.86142 
0 
-7.57982 
0 
4.40909 
0 
-6.29083 
0 
-6.1025 
0 
18.4179 
0 
-6.46478 
0 
-55.5556 
0 
-5.89392 
0 
5.0341 
0 
3.6203 
0 
-13.2243 
0 
-6.62448 
0 
-9.27993 
0 
33.2858 
0 
-5.66989 
0 
-7.7698 
0 
-6.77664 
0 
-4.63415 
0 
-8.61467 
0 
1.15879 
0 
-14.2149 
0 
-9.90959 
0 
-5.4272 
0 
2.44288 
0 
-6.92503 
0 
-88.8889 
0 
-5.17627 
0 
4.86651 
0 
-7.97996 
0 
-7.07598 
0 
6.78225 
0 
3.13827 
0 
4.20896 
0 
2.94637 
0 
3.79479 
0 
-2.27803 
0 
-11.7047 
0 
3.30106 
0 
-4.91894 
0 
-8.88042 
0 
-7.235 
0 
2.719 
0 
-9.55265 
0 
-8.21381 
0 
-13.8889 
0 
3.45181 
0 
1.17414 
0 
-7.40741 
0 
-4.67139 
0 
4.68038 
0 
-10.1177 
0 
-6.1025 
0 
-5.90888 
0 
-6.27657 
0 
-5.69902 
0 
2.46607 
0 
-6.43832 
0 
-33.2401 
0 
-5.4666 
0 
4.00742 
0 
-7.59801 
0 
-6.58972 
0 
-9.16293 
0 
-8.46846 
0 
-2.29229 
0 
-5.22144 
0 
7.10665 
0 
3.61262 
0 
-6.73761 
0 
-9.8079 
0 
-4.96003 
0 
4.47907 
0 
-13.5327 
0 
-6.88746 
0 
2.94637 
0 
-7.81108 
0 
5.87717 
0 
3.12427 
0 
2.73172 
0 
1.18642 
0 
-77.6148 
0 
-7.04502 
0 
-4.69931 
0 
-10.2831 
0 
-14.5535 
0 
-8.74699 
0 
3.27826 
0 
-66.4321 
0 
-9.44449 
0 
3.80504 
0 
2.48153 
0 
5.08049 
0 
-8.0476 
0 
-7.21681 
0 
-2.30338 
0 
-5.89392 
0 
-5.69902 
0 
-13.176 
0 
4.26597 
0 
-6.07246 
0 
-5.47973 
0 
-10.0451 
0 
3.4296 
0 
-6.2338 
0 
-5.24403 
0 
-6.38539 
0 
-7.40741 
0 
18.4304 
0 
4.94284 
0 
-9.03725 
0 
-4.98468 
0 
-8.31139 
0 
-6.53178 
0 
-14.2451 
0 
1.19563 
0 
-9.72739 
0 
-4.71793 
0 
6.77457 
0 
-6.67907 
0 
2.93175 
0 
-11.7055 
0 
2.73172 
0 
-7.6214 
0 
3.60237 
0 
4.04443 
0 
3.09628 
0 
44.4445 
0 
0 
0 
4.76811 
0 
-6.83486 
0 
2.48926 
0 
-2.3113 
0 
-8.59593 
0 
-55.5556 
0 
-10.2246 
0 
-9.34318 
0 
3.24406 
0 
-7.86268 
0 
-7.00374 
0 
-13.8889 
0 
-5.66989 
0 
-5.4666 
0 
-5.84904 
0 
-5.24403 
0 
-6.01238 
0 
1.20177 
0 
4.56304 
0 
-4.9929 
0 
-6.16251 
0 
-9.97864 
0 
-7.19342 
0 
3.81784 
0 
-4.72724 
0 
3.39999 
0 
-6.306 
0 
-33.2569 
0 
-8.13026 
0 
-8.90578 
0 
7.11433 
0 
2.719 
0 
-2.31605 
0 
-6.45066 
0 
3.89792 
0 
33.0266 
0 
-13.497 
0 
2.90251 
0 
-7.40741 
0 
2.48926 
0 
-9.63896 
0 
4.33437 
0 
-8.92233 
0 
-6.601 
0 
3.0543 
0 
-100.163 
0 
4.47243 
0 
1.20484 
0 
-8.42848 
0 
3.58957 
0 
-6.76722 
0 
-5.4272 
0 
-7.64998 
0 
-5.22144 
0 
-14.6018 
0 
-8.85312 
0 
-5.61165 
0 
-9.2226 
0 
-4.98468 
0 
-10.3675 
0 
-5.77424 
0 
3.19845 
0 
-4.72724 
0 
4.08885 
0 
-5.92225 
0 
4.42367 
0 
-6.95214 
0 
-2.31764 
0 
-6.06271 
0 
-8.7258 
0 
-7.62046 
0 
-7.9246 
0 
2.69356 
0 
-8.74658 
0 
2.48153 
0 
-6.20014 
0 
4.35078 
0 
18.4454 
0 
-7.16484 
0 
3.36298 
0 
2.85864 
0 
-14.2808 
0 
5.38609 
0 
1.20484 
0 
-6.34636 
0 
3.83321 
0 
-7.66874 
0 
-8.54955 
0 
-7.94147 
0 
2.99832 
0 
-5.17627 
0 
4.25769 
0 
-4.96003 
0 
3.99679 
0 
-6.50343 
0 
-8.22795 
0 
-5.36153 
0 
-4.71793 
0 
-7.40741 
0 
-5.52428 
0 
-2.31605 
0 
-88.8889 
0 
-7.70898 
0 
-7.97714 
0 
-8.33354 
0 
-5.66952 
0 
-11.1111 
0 
-6.68456 
0 
-5.80209 
0 
4.00447 
0 
3.5742 
0 
3.14145 
0 
4.14834 
0 
-66.0247 
0 
2.46607 
0 
-5.9344 
0 
2.65539 
0 
-7.68376 
0 
-8.00732 
0 
-7.74117 
0 
1.20177 
0 
-8.33334 
0 
-8.08695 
0 
-6.89022 
0 
-6.06782 
0 
4.01087 
0 
2.80015 
0 
0 
0 
4.02665 
0 
-33.2767 
0 
-76.7259 
0 
5.72503 
0 
-4.91894 
0 
-4.69931 
0 
-8.03201 
0 
-55.5556 
0 
-8.33334 
0 
-5.10851 
0 
3.31856 
0 
-2.3113 
0 
-7.76531 
0 
-6.21889 
0 
-5.26959 
0 
-8.7252 
0 
-7.13105 
0 
-7.81896 
0 
2.92834 
0 
4.01599 
0 
-5.40778 
0 
4.33655 
0 
-6.38633 
0 
-5.53489 
0 
3.89657 
0 
-8.33334 
0 
-8.05121 
0 
-8.68953 
0 
2.44288 
0 
1.19563 
0 
-7.78141 
0 
-5.65188 
0 
-11.8547 
0 
2.60451 
0 
-7.53874 
0 
4.32887 
0 
4.01983 
0 
3.07304 
0 
-6.58686 
0 
-5.77757 
0 
-8.33334 
0 
-8.65935 
0 
3.76202 
0 
-8.06493 
0 
-2.30338 
0 
-4.67139 
0 
2.72704 
0 
-9.04621 
0 
-4.86142 
0 
-7.78945 
0 
-5.90904 
0 
-5.01816 
0 
4.32247 
0 
4.02239 
0 
-7.25547 
0 
-5.15139 
0 
14.2869 
0 
-8.63466 
0 
-8.33334 
0 
-5.26217 
0 
-8.99793 
0 
-6.06824 
0 
2.84437 
0 
1.18642 
0 
-8.07316 
0 
3.62693 
0 
-19.3878 
0 
2.41196 
0 
-5.37033 
0 
32.7155 
0 
4.31735 
0 
-7.78945 
0 
10.1121 
0 
4.02367 
0 
2.5409 
0 
-6.97834 
0 
-5.47164 
0 
-8.95769 
0 
-8.61546 
0 
-19.368 
0 
-8.33334 
0 
-2.29229 
0 
-4.63415 
0 
44.4445 
0 
-8.0759 
0 
-4.78746 
0 
-5.59222 
0 
4.31351 
0 
10.0971 
0 
3.49525 
0 
2.6393 
0 
-4.90522 
0 
-7.78141 
0 
-8.9255 
0 
-19.3512 
0 
4.02367 
0 
-8.60174 
0 
-5.00692 
0 
-6.7165 
0 
1.17414 
0 
-8.33334 
0 
10.0846 
0 
-5.08743 
0 
2.37331 
0 
4.31095 
0 
-8.07316 
0 
3.3709 
0 
-19.3375 
0 
-5.17585 
0 
-8.90136 
0 
-7.76531 
0 
-8.59351 
0 
-2.27803 
0 
2.46457 
0 
4.02239 
0 
10.0746 
0 
-4.58761 
0 
-6.47916 
0 
-8.33334 
0 
-4.69707 
0 
4.30967 
0 
-19.3268 
0 
-8.06493 
0 
-4.7697 
0 
-8.88526 
0 
3.25781 
0 
1.15879 
0 
-4.83618 
0 
-8.59076 
0 
-7.74117 
0 
0 
0 
10.0671 
0 
4.01983 
0 
-43.0556 
0 
2.32692 
0 
-8.33334 
0 
-6.27547 
0 
4.30967 
0 
-19.3192 
0 
-65.5432 
0 
-8.05121 
0 
-2.26061 
0 
-8.87721 
0 
-30.5556 
0 
3.15993 
0 
-4.53176 
0 
10.0621 
0 
-8.59351 
0 
-7.70898 
0 
-4.59025 
0 
-101.052 
0 
4.01599 
0 
-8.33334 
0 
-19.3146 
0 
-30.5556 
0 
-6.11462 
0 
4.31095 
0 
1.14037 
0 
-8.87721 
0 
-8.03201 
0 
10.0596 
0 
3.08117 
0 
-8.60174 
0 
-30.5556 
0 
-7.66874 
0 
-2.24001 
0 
4.01087 
0 
-19.3131 
0 
-75.6593 
0 
-8.33334 
0 
-88.8889 
0 
-6.00578 
0 
4.31351 
0 
-8.88526 
0 
-30.5556 
0 
10.0596 
0 
-8.00732 
0 
-8.61546 
0 
1.52361 
0 
-7.62046 
0 
-19.3146 
0 
4.00447 
0 
-8.33334 
0 
4.31735 
0 
-30.5556 
0 
-8.90136 
0 
10.0621 
0 
-7.97714 
0 
26.7742 
0 
-8.63466 
0 
-41.7083 
0 
-19.3192 
0 
-3.79486 
0 
-30.5556 
0 
3.99679 
0 
21.0646 
0 
-8.33334 
0 
4.32247 
0 
-8.9255 
0 
-41.8889 
0 
10.0671 
0 
21.1813 
0 
-7.94147 
0 
-8.65935 
0 
-30.5556 
0 
-42.0417 
0 
-19.3268 
0 
1.9986 
0 
21.2785 
0 
-8.33334 
0 
4.32887 
0 
-8.95769 
0 
10.0746 
0 
0 
0 
-42.1667 
0 
-30.5556 
0 
21.3563 
0 
-8.68953 
0 
-19.3375 
0 
-42.2639 
0 
-4.16667 
0 
4.33655 
0 
-8.99793 
0 
44.4445 
0 
21.4146 
0 
10.0846 
0 
-30.5556 
0 
-42.3333 
0 
-8.7252 
0 
-19.3512 
0 
21.4535 
0 
2.16807 
0 
-9.04621 
0 
10.0971 
0 
-42.375 
0 
-30.5556 
0 
21.4729 
0 
-19.368 
0 
-42.3889 
0 
-4.53847 
0 
10.1121 
0 
-30.5556 
0 
21.4729 
0 
-64.1185 
0 
-19.3878 
0 
-42.375 
0 
-53.3722 
0 
-30.5556 
0 
5.06011 
0 
21.4535 
0 
-53.7722 
0 
-42.3333 
0 
-54.1056 
0 
-88.8889 
0 
0 
0 
-102.119 
0 
21.4146 
0 
-30.5556 
0 
-54.3722 
0 
-42.2639 
0 
-54.5722 
0 
21.3563 
0 
-30.5556 
0 
-54.7056 
0 
-42.1667 
0 
21.2785 
0 
-54.7722 
0 
-15.2778 
0 
-42.0417 
0 
-54.7722 
0 
21.1813 
0 
36.8056 
0 
-41.8889 
0 
-58.3333 
0 
-54.7056 
0 
29.1667 
0 
-58.3333 
0 
29.1667 
0 
21.0646 
0 
-58.3333 
0 
29.1667 
0 
0 
0 
-58.3333 
0 
-54.5722 
0 
-41.7083 
0 
29.1667 
0 
-58.3333 
0 
10.5007 
0 
29.1667 
0 
-54.3722 
0 
-58.3333 
0 
29.1667 
0 
-58.3333 
0 
-54.1056 
0 
29.1667 
0 
-58.3333 
0 
29.1667 
0 
-53.7722 
0 
-58.3333 
0 
29.1667 
0 
-83.1037 
0 
-63.2945 
0 
-58.3333 
0 
-53.3722 
0 
-62.8945 
0 
0 
0 
29.1667 
0 
-62.5611 
0 
-62.2945 
0 
-58.3333 
0 
-26.5778 
0 
-62.0945 
0 
29.1667 
0 
-58.3333 
0 
-61.9611 
0 
29.1667 
0 
-61.8945 
0 
-58.3333 
0 
-61.8945 
0 
29.1667 
0 
-61.9611 
0 
-58.3333 
0 
29.1667 
0 
0 
0 
-32.3657 
0 
15.5095 
0 
-32.1852 
0 
-62.0945 
0 
15.3928 
0 
-32.0324 
0 
15.2956 
0 
-58.3333 
0 
-31.9074 
0 
15.2178 
0 
-31.8102 
0 
14.5833 
0 
-62.2945 
0 
15.1595 
0 
-31.7407 
0 
15.1206 
0 
-31.6991 
0 
-62.5611 
0 
15.1012 
0 
-31.6852 
0 
15.1012 
0 
-62.8945 
0 
-31.6991 
0 
15.1206 
0 
-31.7407 
0 
-63.2945 
0 
15.1595 
0 
-31.8102 
0 
15.2178 
0 
-31.7556 
0 
-31.9074 
0 
15.2956 
0 
-32.0324 
0 
15.3928 
0 
-32.1852 
0 
15.5095 
0 
-32.3657 
0 
7.78635 
