265 239 215 243 251 228 229 252 
282 257 239 265 269 247 251 272 
308 271 257 282 288 266 269 295 
331 287 271 308 309 276 288 317 
348 306 287 331 326 296 309 340 
359 323 306 348 344 313 326 352 
368 345 323 359 357 337 344 364 
372 361 345 368 366 351 357 370 
239 205 184 215 223 193 201 228 
257 220 205 239 240 212 223 247 
271 231 220 257 254 227 240 266 
287 246 231 271 267 242 254 276 
306 260 246 287 277 253 267 296 
323 273 260 306 297 268 277 313 
345 299 273 323 322 284 297 337 
361 341 299 345 350 320 322 351 
205 164 148 184 183 156 168 193 
220 177 164 205 196 169 183 212 
231 188 177 220 209 182 196 227 
246 200 188 231 224 192 209 242 
260 214 200 246 237 208 224 253 
273 234 214 260 256 225 237 268 
299 262 234 273 275 249 256 284 
341 318 262 299 332 283 275 320 
164 123 114 148 144 119 133 156 
177 135 123 164 154 130 144 169 
188 145 135 177 167 139 154 182 
200 158 145 188 179 151 167 192 
214 174 158 200 194 166 179 208 
234 197 174 214 216 186 194 225 
262 235 197 234 248 218 216 249 
318 303 235 262 311 264 248 283 
123 90 81 114 108 87 99 119 
135 98 90 123 117 93 108 130 
145 109 98 135 126 105 117 139 
158 122 109 145 140 118 126 151 
174 143 122 158 162 136 140 166 
197 172 143 174 185 161 162 186 
235 217 172 197 226 195 185 218 
303 292 217 235 298 250 226 264 
90 65 59 81 76 61 71 87 
98 73 65 90 85 68 76 93 
109 84 73 98 97 78 85 105 
122 103 84 109 112 91 97 118 
143 125 103 122 137 113 112 136 
172 160 125 143 165 141 137 161 
217 207 160 172 210 181 165 195 
292 285 207 217 289 244 210 250 
65 47 43 59 56 46 50 61 
73 57 47 65 66 52 56 68 
84 70 57 73 77 64 66 78 
103 89 70 84 94 79 77 91 
125 115 89 103 120 104 94 113 
160 149 115 125 152 134 120 141 
207 202 149 160 203 176 152 181 
285 280 202 207 281 241 203 244 
47 41 35 43 44 38 40 46 
57 49 41 47 53 45 44 52 
70 63 49 57 67 55 53 64 
89 82 63 70 86 72 67 79 
115 110 82 89 111 95 86 104 
149 146 110 115 147 129 111 134 
202 198 146 149 199 171 147 176 
280 278 198 202 279 238 199 241 
392 381 361 372 387 371 366 383 
401 396 381 392 400 390 387 397 
381 365 341 361 373 354 350 371 
396 385 365 381 391 375 373 390 
365 347 318 341 356 334 332 354 
385 369 347 365 376 360 356 375 
347 327 303 318 338 314 311 334 
369 353 327 347 363 342 338 360 
327 315 292 303 321 302 298 314 
353 343 315 327 349 329 321 342 
315 307 285 292 310 294 289 302 
343 336 307 315 339 319 310 329 
307 304 280 285 305 291 281 294 
336 330 304 307 333 316 305 319 
304 300 278 280 301 290 279 291 
330 325 300 304 328 312 301 316 
414 407 396 401 411 403 400 406 
407 404 385 396 405 398 391 403 
404 399 369 385 402 388 376 398 
399 393 353 369 395 374 363 388 
393 386 343 353 389 367 349 374 
386 382 336 343 384 362 339 367 
382 379 330 336 380 358 333 362 
379 377 325 330 378 355 328 358 
377 379 421 419 378 409 420 408 
379 382 423 421 380 410 422 409 
382 386 425 423 384 412 424 410 
386 393 428 425 389 415 426 412 
393 399 430 428 395 416 429 415 
399 404 432 430 402 417 431 416 
404 407 434 432 405 418 433 417 
407 414 436 434 411 427 435 418 
394 286 377 419 346 335 408 413 
261 230 286 394 245 258 346 324 
175 180 230 261 178 206 245 219 
83 131 180 175 106 155 178 132 
24 69 131 83 30 102 106 33 
12 28 69 24 20 36 30 18 
4 21 28 12 10 25 20 8 
0 13 21 4 5 16 10 2 
286 270 325 377 274 293 355 335 
230 236 270 286 232 255 274 258 
180 204 236 230 191 221 232 206 
131 170 204 180 150 187 191 155 
69 138 170 131 107 153 150 102 
28 100 138 69 51 121 107 36 
21 60 100 28 27 80 51 25 
13 29 60 21 22 39 27 16 
300 233 198 278 263 211 238 290 
325 270 233 300 293 259 263 312 
233 190 146 198 213 163 171 211 
270 236 190 233 255 222 213 259 
190 157 110 146 173 124 129 163 
236 204 157 190 221 189 173 222 
157 128 82 110 142 96 95 124 
204 170 128 157 187 159 142 189 
128 101 63 82 116 74 72 96 
170 138 101 128 153 127 116 159 
101 75 49 63 88 54 55 74 
138 100 75 101 121 92 88 127 
75 48 41 49 62 42 45 54 
100 60 48 75 80 58 62 92 
48 32 35 41 37 34 38 42 
60 29 32 48 39 31 37 58 
15 32 29 13 23 31 22 14 
19 35 32 15 26 34 23 17 
3 15 13 0 7 14 5 1 
9 19 15 3 11 17 7 6 
