50 0 
50 2.5 
46.875 0 
50 5 
43.75 0 
43.75 2.5 
50 7.5 
43.75 6.25 
40.625 0 
50 10 
38.75 2.5 
43.75 10 
37.5 0 
37.5 5 
37.5 6.25 
37.5 7.5 
35.625 5 
37.5 8.75 
34.375 0 
37.5 10 
33.75 2.5 
33.75 5 
33.75 6.25 
33.75 8.125 
31.25 0 
31.875 5 
33.75 10 
30.625 6.25 
30 5 
30 7.5 
28.75 2.5 
30 8.125 
30 8.75 
28.125 0 
30 9.375 
30 10 
28.125 5 
29.2862 8.75 
29.8224 10 
28.75 7.5 
29.8317 10.1683 
29.6447 10 
29.3057 9.375 
29.6635 10.3365 
29.479 10.1683 
29.3783 10 
29.485 10.3365 
29.3102 10.3365 
28.5724 8.75 
29.1118 10 
29.3585 10.6415 
27.5 6.25 
29.0496 10.3365 
28.9544 10.1683 
28.4538 9.375 
28.7121 10 
28.9968 10.6415 
28.7913 10.3365 
27.839 8.125 
29.0535 10.9465 
27.5 7.5 
28.8598 10.9465 
27.8141 8.75 
28.3125 10 
28.4022 10.3365 
28.6744 10.9465 
28.4821 10.6415 
28.1673 10.1683 
28.4128 10.9465 
26.25 5 
28.0147 10.3365 
28.5579 11.4421 
27.7129 10 
28.1562 10.9465 
27.3689 9.375 
27.0559 8.75 
28.1328 11.4421 
27.7198 10.6415 
27.7776 10.9465 
27.4309 10.3365 
26.25 7.5 
28.0622 11.9378 
27.1134 10 
25 0 
27.4027 10.9465 
27.5943 11.4421 
26.9853 10.1683 
27.8113 11.9378 
26.2311 8.75 
26.8484 10.3365 
27.5717 11.9378 
26.8417 10.9465 
25.658 8.125 
27.2806 11.9378 
26.579 10.6415 
26.2141 10 
25.9379 9.375 
26.8438 11.4421 
26.9966 11.9378 
27.3498 12.6502 
25 7.5 
25.4062 8.75 
24.375 5 
26.2838 10.9465 
25.9719 10.3365 
26.6143 11.9378 
23.75 2.5 
24.375 6.25 
26.7363 12.6502 
26.237 11.9378 
25.3148 10 
25.2102 10.1683 
25.7535 11.4421 
25.4464 10.9465 
26.6374 13.3626 
25.0964 10.3365 
24.4815 8.75 
26.0846 12.6502 
25.7002 11.9378 
26.2515 13.3626 
24.8675 10.6415 
23.75 7.5 
25.1675 11.9378 
25.8743 13.3626 
23.9912 9.375 
24.6113 10.9465 
25.294 12.6502 
23.4435 8.125 
23.5567 8.75 
23.9659 10 
25.4964 13.3626 
22.5 5 
21.875 0 
25.7468 14.2532 
23.7803 10.3365 
25.1238 13.3626 
24.3885 11.9378 
24.1415 11.4421 
22.5 7.5 
24.7028 13.3626 
24.2429 12.6502 
23.3566 10.9465 
22.4821 8.75 
23.6128 11.9378 
24.7716 14.2532 
24.2856 13.3626 
22.617 10 
22.545 10.1683 
24.8562 15.1438 
22.4641 10.3365 
21.25 6.25 
23.7623 13.3626 
22.2961 10.6415 
21.25 7.5 
23.8767 14.2532 
20.625 5 
24.2564 15.1438 
21.4074 8.75 
23.2422 13.3626 
21.1755 8.125 
22.1018 10.9465 
22.4623 11.9378 
22.7659 12.6502 
21.276 9.375 
23.6557 15.1438 
21.7351 11.4421 
22.5391 13.3626 
22.9632 14.2532 
23.91 16.09 
23.1307 15.1438 
20 7.5 
20.5936 10 
21.3118 11.9378 
20.1079 8.75 
21.8385 13.3626 
18.75 0 
20.4852 10.3365 
22.6052 15.1438 
18.75 2.5 
21.9194 14.2532 
18.75 5 
20.2123 10.9465 
22.107 15.1438 
22.4732 16.09 
22.9638 17.0362 
20.6203 12.6502 
20.8451 13.3626 
18.75 7.5 
21.6083 15.1438 
18.8236 8.125 
18.8085 8.75 
18.125 6.25 
21.0838 15.1438 
22.1432 17.0362 
20.6032 14.2532 
19.5881 11.9378 
21.2601 16.09 
19.8516 13.3626 
18.5702 10 
18.5394 10.1683 
20.5589 15.1438 
22.1227 17.8773 
18.5018 10.3365 
18.4172 10.6415 
17.5 7.5 
21.3125 17.0362 
16.875 5 
18.3125 10.9465 
19.9435 15.1438 
20.1765 16.09 
18.103 11.4421 
17.4185 9.375 
20.6369 17.0362 
17.1718 8.75 
19.328 15.1438 
21.2816 18.7184 
18.8181 14.2532 
17.8502 11.9378 
18.3996 13.3626 
15.625 0 
19.955 17.0362 
16.25 7.5 
16.341 8.125 
20.3144 17.8773 
19.1223 16.09 
18.5371 15.1438 
17.4231 12.6502 
19.3789 17.0362 
20.3266 18.7184 
20.6408 19.3592 
15 5 
18.7982 17.0362 
15 6.25 
15.5351 8.75 
17.7463 15.1438 
16.9367 13.3626 
15 7.5 
17.9826 16.09 
15.5351 10 
19.3617 18.7184 
18.8565 17.8773 
15.512 10.3365 
18.2749 17.0362 
20 20 
15.4315 10.9465 
13.75 2.5 
17.7479 17.0362 
18.6046 18.7184 
16.273 14.2532 
16.6625 15.1438 
15.21 11.9378 
18.6746 19.3592 
19.0137 20 
17.2269 17.0362 
17.6557 17.8773 
13.75 7.5 
16.6166 16.09 
17.8414 18.7184 
13.125 5 
13.6517 8.125 
16.703 17.0362 
12.5 0 
15.5798 15.1438 
13.3925 8.75 
14.745 13.3626 
18.0274 20 
17.2354 18.7184 
16.6223 17.8773 
16.1265 17.0362 
17.1391 19.3592 
12.5 7.5 
16.6249 18.7184 
17.2687 20 
15.55 17.0362 
11.875 6.25 
14.8504 16.09 
16.1276 18.7184 
15.6671 17.8773 
12.5 10 
12.5 10.1683 
12.5 10.3365 
12.5 10.6415 
16.51 20 
14.0373 15.1438 
14.8534 17.0362 
12.5 10.9465 
11.25 5 
15.6266 18.7184 
15.9347 19.3592 
12.5 11.4421 
11.875 9.375 
11.875 9.72547 
12.5 11.9378 
11.25 7.5 
11.875 10.3644 
15.9264 20 
15.199 18.7184 
14.699 17.8773 
12.5 12.6502 
14.1693 17.0362 
11.25 8.75 
11.25 8.93931 
11.875 11.4114 
12.5 13.3626 
11.25 9.12861 
11.25 9.47173 
14.7686 18.7184 
11.25 9.81485 
15.3428 20 
14.9787 19.3592 
11.25 10.3724 
12.5 14.2532 
10.625 8.125 
14.3741 18.7184 
11.875 12.9307 
11.25 10.93 
10.625 8.53176 
14.8939 20 
12.5 15.1438 
10.625 9.26529 
13.3037 17.0362 
11.25 11.7315 
13.6385 17.8773 
13.9796 18.7184 
9.375 0 
10 7.5 
14.2011 19.3592 
11.25 12.533 
10 7.71034 
10.625 10.4485 
10 7.92068 
14.445 20 
12.5 16.09 
10 8.30192 
11.875 14.8419 
9.375 5 
10 8.68316 
13.588 18.7184 
11.25 13.5349 
10 9.30268 
14.0996 20 
12.5 17.0362 
10.625 12.1353 
10 9.9222 
13.5435 19.3592 
13.2087 18.7184 
8.75 2.5 
11.25 14.5367 
13.7543 20 
10 10.8128 
12.5 17.8773 
12.8241 18.7184 
13.4887 20 
10 11.7033 
11.875 16.8709 
8.75 6.25 
11.25 15.6012 
12.9671 19.3592 
8.75 6.71275 
13.223 20 
10.625 14.2315 
12.5 18.7184 
8.75 7.55148 
10 12.8165 
13.0187 20 
11.25 16.6657 
12.5 19.3592 
8.75 8.91442 
12.8144 20 
10 13.9297 
12.6572 20 
11.875 18.6577 
12.5 20 
11.25 17.6119 
8.75 10.8736 
10.625 16.4606 
10 15.1125 
7.5 5 
7.5 5.25241 
7.5 5.50482 
7.5 5.96231 
11.25 18.5581 
7.5 6.4198 
11.875 20 
7.5 7.16322 
10 16.2952 
7.5 7.90664 
11.25 19.2791 
8.75 13.3227 
7.5 8.9753 
10.625 18.4586 
10 17.3466 
11.25 20 
7.5 10.044 
6.25 0 
7.5 11.3798 
10 18.3979 
10.625 20 
8.75 15.9248 
7.5 12.7156 
10 19.199 
10 20 
7.5 14.135 
8.75 18.2377 
7.5 15.5543 
7.5 16.8159 
8.75 20 
7.5 18.0775 
3.75 2.5 
3.75 3.08895 
3.75 4.15643 
7.5 19.0388 
3.75 5.89108 
3.125 0 
7.5 20 
3.75 8.38463 
3.75 11.5016 
3.75 14.8133 
3.75 17.7571 
0 0 
0 0.336544 
0 0.673088 
0 1.28307 
0 1.89306 
0 2.88429 
0 3.87552 
0 5.30041 
3.75 20 
0 6.7253 
0 8.50641 
0 10.2875 
0 12.18 
0 14.0724 
0 15.7545 
0 17.4367 
0 18.7184 
0 20 
