1 98 68 77 107 108 78 81 111 85 72 88 102 101 71 79 109 89 80 90 110
2 128 98 107 137 138 108 111 141 115 102 118 132 131 101 109 139 119 110 120 140
3 95 64 68 98 104 73 78 108 84 66 85 96 100 69 71 101 87 76 89 106
4 125 95 98 128 133 104 108 138 113 96 115 126 130 100 101 131 117 106 119 136
5 94 65 74 103 98 68 77 107 83 70 86 99 97 67 75 105 85 72 88 102
6 124 94 103 134 128 98 107 137 114 99 116 129 127 97 105 135 115 102 118 132
7 91 61 65 94 95 64 68 98 82 63 83 92 93 62 67 97 84 66 85 96
8 121 91 94 124 125 95 98 128 112 92 114 122 123 93 97 127 113 96 115 126
9 38 48 43 34 8 18 13 4 42 46 40 37 25 29 26 22 11 16 9 6
10 35 38 34 31 5 8 4 1 36 37 32 33 23 25 22 19 7 6 2 3
11 47 51 48 38 17 24 18 8 49 50 42 41 28 30 29 25 20 21 11 12
12 44 47 38 35 14 17 8 5 45 41 36 39 27 28 25 23 15 12 7 10
13 68 78 73 64 38 48 43 34 71 76 69 66 55 59 56 54 42 46 40 37
14 65 68 64 61 35 38 34 31 67 66 62 63 53 55 54 52 36 37 32 33
15 77 81 78 68 47 51 48 38 79 80 71 72 58 60 59 55 49 50 42 41
16 74 77 68 65 44 47 38 35 75 72 67 70 57 58 55 53 45 41 36 39
