    1               0               0             0.2
    2               0               0            0.15
    3               0            0.05             0.2
    4               0               0             0.1
    5               0             0.1             0.2
    6               0            0.05             0.1
    7               0             0.1            0.15
    8               0             0.1             0.1
    9               0               0            0.05
   10               0            0.15             0.2
   11               0             0.1            0.05
   12               0            0.15             0.1
   13               0               0               0
   14               0             0.2             0.2
   15               0             0.2            0.15
   16               0            0.05               0
   17               0             0.2             0.1
   18               0             0.1               0
   19            0.25               0             0.2
   20               0             0.2            0.05
   21               0            0.15               0
   22            0.25               0             0.1
   23            0.25             0.1             0.2
   24               0             0.2               0
   25            0.25             0.1             0.1
   26            0.25               0               0
   27            0.25             0.2             0.2
   28            0.25             0.2             0.1
   29            0.25             0.1               0
   30            0.25             0.2               0
   31             0.5               0             0.2
   32             0.5               0            0.15
   33             0.5            0.05             0.2
   34             0.5               0             0.1
   35             0.5             0.1             0.2
   36             0.5             0.1            0.15
   37             0.5            0.05             0.1
   38             0.5             0.1             0.1
   39             0.5            0.15             0.2
   40             0.5               0            0.05
   41             0.5            0.15             0.1
   42             0.5             0.1            0.05
   43             0.5               0               0
   44             0.5             0.2             0.2
   45             0.5             0.2            0.15
   46             0.5            0.05               0
   47             0.5             0.2             0.1
   48             0.5             0.1               0
   49             0.5             0.2            0.05
   50             0.5            0.15               0
   51             0.5             0.2               0
   52            0.75               0             0.2
   53            0.75             0.1             0.2
   54            0.75               0             0.1
   55            0.75             0.1             0.1
   56            0.75               0               0
   57            0.75             0.2             0.2
   58            0.75             0.2             0.1
   59            0.75             0.1               0
   60            0.75             0.2               0
   61               1               0             0.2
   62               1               0            0.15
   63               1            0.05             0.2
   64               1               0             0.1
   65               1             0.1             0.2
   66               1            0.05             0.1
   67               1             0.1            0.15
   68               1             0.1             0.1
   69               1               0            0.05
   70               1            0.15             0.2
   71               1             0.1            0.05
   72               1            0.15             0.1
   73               1               0               0
   74               1             0.2             0.2
   75               1             0.2            0.15
   76               1            0.05               0
   77               1             0.2             0.1
   78               1             0.1               0
   79               1             0.2            0.05
   80               1            0.15               0
   81               1             0.2               0
   82            1.25               0             0.2
   83            1.25             0.1             0.2
   84            1.25               0             0.1
   85            1.25             0.1             0.1
   86            1.25             0.2             0.2
   87            1.25               0               0
   88            1.25             0.2             0.1
   89            1.25             0.1               0
   90            1.25             0.2               0
   91             1.5               0             0.2
   92             1.5            0.05             0.2
   93             1.5               0            0.15
   94             1.5             0.1             0.2
   95             1.5               0             0.1
   96             1.5            0.05             0.1
   97             1.5             0.1            0.15
   98             1.5             0.1             0.1
   99             1.5            0.15             0.2
  100             1.5               0            0.05
  101             1.5             0.1            0.05
  102             1.5            0.15             0.1
  103             1.5             0.2             0.2
  104             1.5               0               0
  105             1.5             0.2            0.15
  106             1.5            0.05               0
  107             1.5             0.2             0.1
  108             1.5             0.1               0
  109             1.5             0.2            0.05
  110             1.5            0.15               0
  111             1.5             0.2               0
  112            1.75               0             0.2
  113            1.75               0             0.1
  114            1.75             0.1             0.2
  115            1.75             0.1             0.1
  116            1.75             0.2             0.2
  117            1.75               0               0
  118            1.75             0.2             0.1
  119            1.75             0.1               0
  120            1.75             0.2               0
  121               2               0             0.2
  122               2            0.05             0.2
  123               2               0            0.15
  124               2             0.1             0.2
  125               2               0             0.1
  126               2            0.05             0.1
  127               2             0.1            0.15
  128               2             0.1             0.1
  129               2            0.15             0.2
  130               2               0            0.05
  131               2             0.1            0.05
  132               2            0.15             0.1
  133               2               0               0
  134               2             0.2             0.2
  135               2             0.2            0.15
  136               2            0.05               0
  137               2             0.2             0.1
  138               2             0.1               0
  139               2             0.2            0.05
  140               2            0.15               0
  141               2             0.2               0
