   1              30               0               0
    2              30     0.416666667               0
    3              30     0.833333333               0
    4              29               0               0
    5              30            1.25               0
    6           28.75             0.5               0
    7              30      1.66666667               0
    8           28.75      1.26736111               0
    9              28               0               0
   10              30      2.08333333               0
   11           28.75      2.01388889               0
   12              30             2.5               0
   13            27.5               1               0
   14            27.5      1.33333333               0
   15              30      2.91666667               0
   16              27               0               0
   17            27.5      1.66666667               0
   18           28.75            2.75               0
   19      26.8661111             0.5               0
   20            27.5               2               0
   21              30      3.33333333               0
   22            27.5      2.33333333               0
   23      26.6666667               1               0
   24            27.5      2.66666667               0
   25           28.75      3.48611111               0
   26              30            3.75               0
   27            27.5               3               0
   28              26               0               0
   29           26.25             1.5               0
   30            27.5      3.33333333               0
   31              30      4.16666667               0
   32           26.25      2.06597222               0
   33      25.8333333               1               0
   34           28.75      4.23263889               0
   35            27.5      3.66666667               0
   36              30      4.58333333               0
   37           26.25      2.65277778               0
   38            27.5               4               0
   39           26.25            3.25               0
   40              30               5               0
   41              25               0               0
   42            27.5      4.33333333               0
   43      25.0038889             0.5               0
   44              25               1               0
   45           28.75               5               0
   46            27.5      4.66666667               0
   47           26.25      3.84722222               0
   48              25               2               0
   49      24.8005556             1.5               0
   50              25            2.25               0
   51              25             2.5               0
   52            27.5               5               0
   53              25            2.75               0
   54           26.25      4.43402778               0
   55              25               3               0
   56      24.1666667               1               0
   57              25            3.25               0
   58              24               0               0
   59      24.3333333               2               0
   60              25             3.5               0
   61              25            3.75               0
   62           26.25               5               0
   63              25               4               0
   64              25            4.25               0
   65      23.6666667               2               0
   66              25             4.5               0
   67           23.75             2.5               0
   68      23.3333333               1               0
   69      23.3294444             1.5               0
   70           23.16             0.5               0
   71              25            4.75               0
   72           23.75      2.93402778               0
   73              23               0               0
   74              25               5               0
   75           23.75      3.34722222               0
   76              23               2               0
   77           23.75            3.75               0
   78           23.75      4.15277778               0
   79            22.5               1               0
   80           23.75      4.56597222               0
   81      22.5095556             2.5               0
   82      22.3333333               2               0
   83              22               0               0
   84           23.75               5               0
   85            22.5               3               0
   86            22.5      3.16666667               0
   87            22.5      3.33333333               0
   88            22.5             3.5               0
   89           21.84             1.5               0
   90            22.5      3.66666667               0
   91      21.6666667               1               0
   92            22.5      3.83333333               0
   93            22.5               4               0
   94      21.6666667               2               0
   95      21.9666667               3               0
   96            22.5      4.16666667               0
   97            22.5      4.33333333               0
   98      21.3311111             0.5               0
   99            22.5             4.5               0
  100            22.5      4.66666667               0
  101            22.5      4.83333333               0
  102              21               0               0
  103            22.5               5               0
  104      21.2864444             2.5               0
  105      21.4333333               3               0
  106              21               2               0
  107      20.8333333               1               0
  108           21.25             3.5               0
  109           21.25      3.73263889               0
  110            20.9               3               0
  111           21.25      3.98611111               0
  112           21.25            4.25               0
  113      20.3355556             1.5               0
  114           21.25      4.51388889               0
  115      20.3333333               2               0
  116           21.25      4.76736111               0
  117              20               0               0
  118              20               1               0
  119           21.25               5               0
  120      20.3666667               3               0
  121          20.078             2.5               0
  122      20.3571111             3.5               0
  123      19.5138889             0.5               0
  124      19.6666667               2               0
  125      19.8333333               3               0
  126              20               4               0
  127              20      4.08333333               0
  128              20      4.16666667               0
  129              20            4.25               0
  130      19.1666667               1               0
  131              20      4.33333333               0
  132              20      4.41666667               0
  133              20             4.5               0
  134              19               0               0
  135              20      4.58333333               0
  136              20      4.66666667               0
  137              20            4.75               0
  138              20      4.83333333               0
  139            19.3               3               0
  140      19.4468889             3.5               0
  141            19.6               4               0
  142              20      4.91666667               0
  143              20               5               0
  144              19               2               0
  145      19.6229754      4.16666667               0
  146      19.7542399             4.5               0
  147      19.8284035      4.66666667               0
  148      19.6800763      4.33333333               0
  149      19.8855044      4.83333333               0
  150      19.9084798               5               0
  151      19.9167998      5.04160008               0
  152      18.8194444             1.5               0
  153      19.7707659      4.83333333               0
  154      19.8044815      4.91666667               0
  155      19.7200606            4.75               0
  156      19.8169596               5               0
  157      19.6566128      4.66666667               0
  158      19.8335997      5.08320016               0
  159        19.58467      4.58333333               0
  160      18.8815556             2.5               0
  161      19.5084798             4.5               0
  162      19.7338605      5.04160008               0
  163      19.6320306      4.83333333               0
  164      19.7421805      5.08320016               0
  165      19.6998138               5               0
  166      19.4322896      4.41666667               0
  167      19.7271035      5.13644827               0
  168      19.3603469      4.33333333               0
  169      19.2968991            4.25               0
  170            19.2               4               0
  171      19.4656244      4.66666667               0
  172      19.6508259      5.08320016               0
  173      19.2461937      4.16666667               0
  174      19.2124782      4.08333333               0
  175      19.5580146      4.91666667               0
  176       19.582668               5               0
  177      19.4930509      4.83333333               0
  178      19.6206073      5.18969637               0
  179       19.395839            4.75               0
  180      18.7666667               3               0
  181      19.5339846      5.08320016               0
  182      19.4998877      5.04160008               0
  183      19.5446343      5.13644827               0
  184      19.2499069             4.5               0
  185      19.5295069      5.18969637               0
  186      19.4350642               5               0
  187      19.2744408      4.66666667               0
  188      18.3333333               1               0
  189      19.3255654      4.83333333               0
  190      19.4172451      5.08320016               0
  191       19.486422      5.25678898               0
  192      19.4385443      5.18969637               0
  193      19.1369184      4.58333333               0
  194      19.0341894      4.33333333               0
  195      19.2510763      4.91666667               0
  196      19.2874605               5               0
  197      18.3333333               2               0
  198      19.3116599      5.13644827               0
  199      19.1578353      4.83333333               0
  200      19.3223096      5.18969637               0
  201      19.2702946      5.08320016               0
  202      18.8677833      4.16666667               0
  203            18.8               4               0
  204       18.991334             4.5               0
  205      19.0604524      4.66666667               0
  206      19.3522368       5.3238816               0
  207      19.2053713      5.04160008               0
  208      19.3050124      5.25678898               0
  209      19.0191088            4.75               0
  210      19.2062918      5.18969637               0
  211      19.2618276       5.3238816               0
  212      19.1044318               5               0
  213      18.8457496      4.41666667               0
  214          18.522             3.5               0
  215              18               0               0
  216      19.1234975      5.08320016               0
  217      18.9569596      4.83333333               0
  218      19.1716338       5.3238816               0
  219      19.1858471      5.40707643               0
  220      18.8462682      4.66666667               0
  221      18.7082272      4.33333333               0
  222      19.0604108      5.18969637               0
  223      19.0190075      5.13644827               0
  224      19.0738293      5.25678898               0
  225      18.2333333               3               0
  226      18.7175321             4.5               0
  227      18.9214032               5               0
  228      18.8738735      4.91666667               0
  229      19.0564942       5.3238816               0
  230      18.9416752      5.08320016               0
  231       18.586829            4.25               0
  232      18.7558417      4.83333333               0
  233      18.9148567      5.18969637               0
  234      18.6506849      4.58333333               0
  235       18.489617      4.16666667               0
  236      18.8405928      5.04160008               0
  237      19.0064504      5.40707643               0
  238            18.4               4               0
  239      18.9416938       5.3238816               0
  240      18.4246533      4.08333333               0
  241      19.0194575      5.49027127               0
  242          17.705             0.5               0
  243      18.6055677      4.66666667               0
  244      18.7600728      5.08320016               0
  245       18.930327      5.49027127               0
  246      18.6981083               5               0
  247      18.5814082            4.75               0
  248       18.784098      5.25678898               0
  249      18.4437302             4.5               0
  250      18.7348092      5.18969637               0
  251      18.7975165       5.3238816               0
  252      18.3746119      4.33333333               0
  253       18.841487      5.49027127               0
  254       18.657423      5.13644827               0
  255      18.7782852      5.40707643               0
  256      18.5170534      4.83333333               0
  257      17.6666667               2               0
  258      18.8164621      5.59176897               0
  259      18.6538504       5.3238816               0
  260      18.3646733      4.66666667               0
  261      18.7281876      5.49027127               0
  262      18.5388031      5.08320016               0
  263            17.5               1               0
  264      17.6944444             2.5               0
  265      18.4748133               5               0
  266      18.2367756      4.41666667               0
  267      18.5552307      5.18969637               0
  268      18.4168634      4.91666667               0
  269      18.1094988      4.16666667               0
  270      18.6153456      5.49027127               0
  271              18               4               0
  272      18.3961463      5.04160008               0
  273            17.7               3               0
  274      18.6405168      5.59176897               0
  275      18.1522159             4.5               0
  276      18.2780309      4.83333333               0
  277      18.4763914       5.3238816               0
  278      18.4271036      5.25678898               0
  279      18.4930303      5.40707643               0
  280      18.0411923      4.33333333               0
  281      18.6134666      5.69326668               0
  282      18.1197377      4.58333333               0
  283      18.3178319      5.08320016               0
  284       18.336753      5.18969637               0
  285         18.4738      5.49027127               0
  286      18.0936427      4.66666667               0
  287          17.295             1.5               0
  288      18.5264797      5.69326668               0
  289      18.2068594               5               0
  290      18.0744926            4.75               0
  291      18.2180943      5.13644827               0
  292      17.8683517            4.25               0
  293      18.2996657       5.3238816               0
  294      18.4171675      5.59176897               0
  295      18.4398452      5.69326668               0
  296      18.3329436      5.49027127               0
  297      17.5851111             3.5               0
  298      17.9972339      4.83333333               0
  299      17.8607016             4.5               0
  300      17.7296252      4.16666667               0
  301      18.1189119      5.18969637               0
  302      18.0530382      5.08320016               0
  303      18.3294579      5.69326668               0
  304              17               0               0
  305      18.3698722      5.81506392               0
  306      17.6363842      4.08333333               0
  307            17.6               4               0
  308      18.1425689      5.40707643               0
  309      17.8224248      4.66666667               0
  310      17.6988642      4.33333333               0
  311       18.085011       5.3238816               0
  312      18.1592079      5.49027127               0
  313      17.9389054               5               0
  314       18.219626      5.69326668               0
  315      17.8714004      4.91666667               0
  316      17.9947134      5.25678898               0
  317      18.1385885      5.59176897               0
  318      17.8635703      5.04160008               0
  319              17               2               0
  320      18.1994109      5.81506392               0
  321      17.6016655      4.41666667               0
  322      17.1666667               3               0
  323      17.7162206      4.83333333               0
  324      17.8582952      5.18969637               0
  325      18.0820089      5.69326668               0
  326      17.9864608      5.49027127               0
  327       17.788624      5.08320016               0
  328      17.5490541             4.5               0
  329      17.8713515       5.3238816               0
  330      18.1262777      5.93686116               0
  331       17.538004      4.58333333               0
  332      17.3474722      4.16666667               0
  333      17.5177871      4.66666667               0
  334      17.9452285      5.69326668               0
  335      17.6932497      5.13644827               0
  336      17.6227198               5               0
  337      17.9833687      5.81506392               0
  338      18.0426225      5.93686116               0
  339      17.3567299      4.33333333               0
  340      16.6666667               1               0
  341       17.490901            4.75               0
  342      17.7769912      5.49027127               0
  343            17.2               4               0
  344      17.7195073      5.40707643               0
  345      17.7972907      5.59176897               0
  346      17.9593562      5.93686116               0
  347      17.5984878      5.18969637               0
  348      17.6161992       5.3238816               0
  349      17.7767453      5.69326668               0
  350      17.3901023      4.83333333               0
  351      17.4770661      5.08320016               0
  352      17.8533322      5.93686116               0
  353      17.2374067             4.5               0
  354       17.139995            4.25               0
  355      17.4799386      5.25678898               0
  356      17.5688633      5.49027127               0
  357      17.7144357      5.81506392               0
  358      17.8388362      6.08058191               0
  359      17.2129765      4.66666667               0
  360      17.7479208      5.93686116               0
  361      17.6094623      5.69326668               0
  362      17.3065342               5               0
  363      17.2304839      4.91666667               0
  364      16.9655615      4.16666667               0
  365      17.0044656      4.33333333               0
  366      16.6333333               3               0
  367      17.3623122       5.3238816               0
  368          16.514             2.5               0
  369      17.2360511      5.04160008               0
  370      17.2928764      5.18969637               0
  371       17.615953      5.93686116               0
  372      17.6765425      6.08058191               0
  373      16.8475297      4.08333333               0
  374      16.9368094      4.41666667               0
  375            16.8               4               0
  376      17.3866336      5.59176897               0
  377      17.1659535      5.08320016               0
  378      17.0638004      4.83333333               0
  379      16.6388889             3.5               0
  380      16.3333333               2               0
  381      17.3207803      5.49027127               0
  382      17.4069332      5.69326668               0
  383      16.9034297             4.5               0
  384      17.4849081      5.93686116               0
  385      16.8999821      4.58333333               0
  386      17.2176958      5.40707643               0
  387      17.3857388      5.81506392               0
  388      17.0767804      5.13644827               0
  389      17.5513947      6.22430266               0
  390      17.4710535      6.08058191               0
  391      16.8720819      4.66666667               0
  392      16.9397588               5               0
  393      17.4725916      6.22430266               0
  394      17.0642283       5.3238816               0
  395      17.3236527      5.93686116               0
  396              16               0               0
  397      17.2060328      5.69326668               0
  398      16.8246103            4.75               0
  399      16.9882143      5.18969637               0
  400      16.6523886      4.33333333               0
  401      17.0744034      5.49027127               0
  402      16.5810549      4.16666667               0
  403       17.394174      6.22430266               0
  404      15.9011111             0.5               0
  405      16.8774641      5.25678898               0
  406      16.8055611      5.08320016               0
  407      17.1637213      5.93686116               0
  408      17.2943513      6.22430266               0
  409      17.2155684      6.08058191               0
  410      16.6902144      4.83333333               0
  411      16.5694527             4.5               0
  412            16.4               4               0
  413      15.8333333               1               0
  414            16.1               3               0
  415      16.9669805      5.69326668               0
  416      17.1951356      6.22430266               0
  417       16.901303      5.59176897               0
  418      16.4003207            4.25               0
  419        16.99134      5.81506392               0
  420      16.5310403      4.66666667               0
  421      16.7676286       5.3238816               0
  422      17.2179625      6.39101873               0
  423      16.7857047      5.49027127               0
  424      15.7655556             1.5               0
  425      16.9703214      5.93686116               0
  426      16.5729835               5               0
  427      16.6358688      5.18969637               0
  428      17.0709669      6.22430266               0
  429      16.4895551      4.91666667               0
  430      16.2890723      4.33333333               0
  431       16.509145      5.04160008               0
  432      16.1967824      4.16666667               0
  433      16.6326618      5.40707643               0
  434      17.0671248      6.39101873               0
  435      16.9037668      6.08058191               0
  436      16.7299993      5.69326668               0
  437      16.2389234      4.41666667               0
  438      16.9477128      6.22430266               0
  439      15.6666667               2               0
  440      16.4456368      5.08320016               0
  441      16.7787182      5.93686116               0
  442      16.2113599             4.5               0
  443      16.3164975      4.83333333               0
  444        16.05795      4.08333333               0
  445       16.201217      4.58333333               0
  446              16               4               0
  447      16.3648191      5.13644827               0
  448       16.499007      5.49027127               0
  449      16.4252341       5.3238816               0
  450      16.8761333      6.39101873               0
  451       16.796107      6.22430266               0
  452      16.1521715      4.66666667               0
  453      16.8845304      6.55773479               0
  454      16.2845215      5.18969637               0
  455      16.5266719      5.81506392               0
  456      16.4528211      5.69326668               0
  457      16.5510313      5.93686116               0
  458      16.0717365            4.75               0
  459      16.1548596               5               0
  460       15.925929      4.33333333               0
  461       16.812372      6.55773479               0
  462      16.6458133      6.22430266               0
  463          15.686             3.5               0
  464      15.5666667               3               0
  465      16.3376493      5.59176897               0
  466      16.5302841      6.08058191               0
  467      16.1840689      5.25678898               0
  468      15.8096255      4.16666667               0
  469      16.7405437      6.55773479               0
  470      16.6386615      6.39101873               0
  471      15.8532671             4.5               0
  472      16.0358042      5.08320016               0
  473      15.3375556             2.5               0
  474      16.6490764      6.55773479               0
  475      16.1686774      5.49027127               0
  476       16.464156      6.22430266               0
  477      16.0843999       5.3238816               0
  478      16.3256289      5.93686116               0
  479      15.8948375      4.83333333               0
  480            15.6               4               0
  481      16.1780722      5.69326668               0
  482      16.5581292      6.55773479               0
  483      15.6480045            4.25               0
  484       15.773198      4.66666667               0
  485              15               0               0
  486              15               1               0
  487      15.8850114      5.18969637               0
  488      15.9618636      5.40707643               0
  489       16.444258      6.55773479               0
  490      16.2842794      6.22430266               0
  491      16.3488269      6.39101873               0
  492      15.5506379      4.33333333               0
  493      16.5044178      6.74779111               0
  494      15.7367357               5               0
  495              15               2               0
  496      16.0623673      5.93686116               0
  497      15.5053171      4.41666667               0
  498      16.3311705      6.55773479               0
  499      15.4226849      4.16666667               0
  500      15.9887967      5.81506392               0
  501      15.6472765      4.91666667               0
  502      16.0911114      6.08058191               0
  503      15.6814509      5.04160008               0
  504      15.8404515      5.49027127               0
  505      16.3687224      6.74779111               0
  506      15.4698794             4.5               0
  507      15.8620823      5.69326668               0
  508      15.6263842      5.08320016               0
  509      16.0706444      6.22430266               0
  510      15.6974528       5.3238816               0
  511      15.0333333               3               0
  512      15.4388078      4.58333333               0
  513      16.1919952      6.55773479               0
  514       15.267505      4.08333333               0
  515      15.4731252      4.83333333               0
  516       15.556211      5.13644827               0
  517            15.2               4               0
  518      15.6937861      5.59176897               0
  519      16.1966303      6.74779111               0
  520        15.35587      4.66666667               0
  521      16.0016327      6.39101873               0
  522      15.8017852      5.93686116               0
  523      16.0539442      6.55773479               0
  524      15.4863811      5.18969637               0
  525      15.1754939      4.33333333               0
  526      15.8592735      6.22430266               0
  527      16.1243052      6.93784742               0
  528      15.2312203            4.75               0
  529      15.3988724      5.25678898               0
  530      15.5486464      5.69326668               0
  531      15.4684363      5.49027127               0
  532      15.0326175      4.16666667               0
  533      15.2684369               5               0
  534      15.9822347      6.74779111               0
  535      15.8869793      6.55773479               0
  536      16.0607004      6.93784742               0
  537      15.0864917             4.5               0
  538      15.3118811       5.3238816               0
  539      15.9973137      6.93784742               0
  540      15.5838006      6.08058191               0
  541      15.5025091      5.93686116               0
  542      14.7291111             3.5               0
  543      15.6125447      6.22430266               0
  544       15.168195      5.08320016               0
  545      15.9164908      6.93784742               0
  546      14.8819239            4.25               0
  547        15.72154      6.55773479               0
  548            14.8               4               0
  549      15.3763783      5.81506392               0
  550      15.2047072      5.40707643               0
  551       15.004651      4.83333333               0
  552      15.5933406      6.39101873               0
  553      14.9385002      4.66666667               0
  554      15.8360113      6.93784742               0
  555            14.5               3               0
  556      14.3333333               2               0
  557      15.7199403      6.74779111               0
  558      14.7875873      4.33333333               0
  559      15.0406853      5.18969637               0
  560      14.2344444             1.5               0
  561      15.7350841      6.93784742               0
  562      15.1939546      5.69326668               0
  563      14.1666667               1               0
  564      15.0982756      5.49027127               0
  565      15.5249125      6.55773479               0
  566      14.7341757      4.41666667               0
  567      15.3684716      6.22430266               0
  568      14.0988889             0.5               0
  569      14.6427338      4.16666667               0
  570        15.20605      5.93686116               0
  571      15.6346743      6.93784742               0
  572      14.6774298             4.5               0
  573       15.698579       7.1507105               0
  574              14               0               0
  575      14.8001381               5               0
  576      14.8812447       5.3238816               0
  577      14.1624444             2.5               0
  578      14.9693912      5.59176897               0
  579      14.4760503      4.08333333               0
  580      14.6119032      4.58333333               0
  581      14.7551643      5.04160008               0
  582      15.5108614      6.93784742               0
  583      14.7062084      4.91666667               0
  584      15.3302247      6.55773479               0
  585      15.4048595      6.74779111               0
  586       15.581697       7.1507105               0
  587            14.4               4               0
  588      14.7102461      5.08320016               0
  589       15.088319      6.22430266               0
  590      15.3877908      6.93784742               0
  591      15.0073665      6.08058191               0
  592      14.6528302      5.13644827               0
  593      14.3997855      4.33333333               0
  594      14.8415141      5.69326668               0
  595      15.1216622      6.39101873               0
  596      14.5362341      4.83333333               0
  597      14.4837208      4.66666667               0
  598      15.4328881       7.1507105               0
  599      14.8709823      5.93686116               0
  600      14.5955019      5.18969637               0
  601      14.6853187      5.49027127               0
  602       15.102797      6.55773479               0
  603      14.2495444      4.16666667               0
  604      15.2386069      6.93784742               0
  605      13.9666667               3               0
  606      14.5233898      5.25678898               0
  607      14.2683678             4.5               0
  608      14.6893156      5.81506392               0
  609      15.2466105       7.1507105               0
  610      14.3054241            4.75               0
  611      14.8109583      6.22430266               0
  612      15.0331683      6.74779111               0
  613      14.4514095       5.3238816               0
  614      15.0904302      6.93784742               0
  615      13.6666667               2               0
  616       14.101247            4.25               0
  617      15.2728529      7.36357357               0
  618      14.8776447      6.55773479               0
  619      14.2850095               5               0
  620              14               4               0
  621       15.219559      7.36357357               0
  622      14.3623312      5.40707643               0
  623      14.4487511      5.69326668               0
  624      15.1663207      7.36357357               0
  625      14.5383979      5.93686116               0
  626      13.9989896      4.33333333               0
  627       14.206605      5.08320016               0
  628      15.0174066       7.1507105               0
  629      13.7708889             3.5               0
  630      14.9138723      6.93784742               0
  631      15.0982553      7.36357357               0
  632      14.0289873      4.66666667               0
  633       14.273442      5.49027127               0
  634      13.9248325      4.41666667               0
  635       13.856486      4.16666667               0
  636      15.0302774      7.36357357               0
  637      14.5856713      6.39101873               0
  638      14.0243048      4.83333333               0
  639      13.3333333               1               0
  640      14.4976368      6.22430266               0
  641      14.1060194      5.18969637               0
  642      14.6190145      6.55773479               0
  643      14.9447467      7.36357357               0
  644      14.7385952      6.93784742               0
  645       14.361836      6.08058191               0
  646      13.8342185             4.5               0
  647      14.1652424      5.59176897               0
  648      14.6023345      6.74779111               0
  649      13.6834284      4.08333333               0
  650      13.4333333               3               0
  651      14.8593479      7.36357357               0
  652      14.7402399       7.1507105               0
  653            13.6               4               0
  654      13.9789334       5.3238816               0
  655      14.1680769      5.93686116               0
  656      13.7221326      4.58333333               0
  657      14.0572996      5.69326668               0
  658      14.7536306      7.36357357               0
  659      14.5332891      6.93784742               0
  660      14.3627765      6.55773479               0
  661      13.5982355      4.33333333               0
  662      13.7698809               5               0
  663      14.8045541      7.59772295               0
  664      14.1867764      6.22430266               0
  665              13               0               0
  666      14.6481025      7.36357357               0
  667      13.7364483      5.04160008               0
  668      13.6732922      4.91666667               0
  669      13.4600221      4.16666667               0
  670      13.7028827      5.08320016               0
  671      14.7095096      7.59772295               0
  672      13.8208396      5.49027127               0
  673      13.9280877      5.81506392               0
  674      13.5394438      4.66666667               0
  675              13               2               0
  676      13.6597279      5.13644827               0
  677      14.3294853      6.93784742               0
  678      14.5196034      7.36357357               0
  679      14.4108467       7.1507105               0
  680      13.5125754      4.83333333               0
  681      14.5876247      7.59772295               0
  682      13.6163634      5.18969637               0
  683          12.986             2.5               0
  684      13.4000691             4.5               0
  685      14.0731239      6.55773479               0
  686      13.3055153            4.25               0
  687      13.9853885      6.39101873               0
  688      13.7992023      5.93686116               0
  689      14.3913609      7.36357357               0
  690      13.5614328      5.25678898               0
  691      14.1111351      6.74779111               0
  692            13.2               4               0
  693      13.8407668      6.22430266               0
  694      14.4337017      7.59772295               0
  695      13.5061861       5.3238816               0
  696      13.6272637      5.69326668               0
  697      14.0947542      6.93784742               0
  698          12.705             1.5               0
  699            12.9               3               0
  700      13.3005563            4.75               0
  701      13.1847161      4.33333333               0
  702      14.2377897      7.36357357               0
  703      13.4372555      5.40707643               0
  704      13.0636104      4.16666667               0
  705      13.6475051      6.08058191               0
  706      13.0780055      4.41666667               0
  707      13.7855799      6.55773479               0
  708      14.2423299      7.59772295               0
  709      14.0260484       7.1507105               0
  710      14.3362553      7.83187234               0
  711      13.3678715      5.49027127               0
  712      13.2135419               5               0
  713            12.5               1               0
  714      14.0845448      7.36357357               0
  715          12.814             3.5               0
  716      14.2945028      7.83187234               0
  717      13.8616025      6.93784742               0
  718      13.0500603      4.66666667               0
  719      14.2526171      7.83187234               0
  720      12.8894592      4.08333333               0
  721      13.1585463      5.08320016               0
  722      13.2826353      5.59176897               0
  723      13.3940589      5.93686116               0
  724      14.1988127      7.83187234               0
  725      13.4961907      6.22430266               0
  726      12.9425048             4.5               0
  727            12.8               4               0
  728      14.1447986      7.83187234               0
  729      13.0868607      5.18969637               0
  730      13.9041034      7.36357357               0
  731      14.0081549      7.59772295               0
  732      12.9627471      4.83333333               0
  733          12.295             0.5               0
  734      13.1967838      5.69326668               0
  735      14.0764494      7.83187234               0
  736      12.7711509      4.33333333               0
  737      13.5594215      6.74779111               0
  738      12.3333333               2               0
  739      13.4653763      6.55773479               0
  740      14.0077842      7.83187234               0
  741      13.5974328      6.93784742               0
  742       12.994565       5.3238816               0
  743      12.7739132      4.58333333               0
  744      12.6637859      4.16666667               0
  745      13.3210946      6.39101873               0
  746      13.7240449      7.36357357               0
  747      13.0929959      5.81506392               0
  748      13.9222147      7.83187234               0
  749      12.3666667               3               0
  750      13.5839714       7.1507105               0
  751      13.7262312      7.59772295               0
  752      13.8361917      7.83187234               0
  753      12.8772449      5.49027127               0
  754      13.1177702      6.22430266               0
  755              12               0               0
  756      12.4947141            4.25               0
  757      12.9884258      5.93686116               0
  758            12.4               4               0
  759       12.657203               5               0
  760      13.3346552      6.93784742               0
  761      13.5156055      7.36357357               0
  762       13.730656      7.83187234               0
  763      13.8304927      8.08475367               0
  764      12.6355744      5.04160008               0
  765      12.5301977      4.66666667               0
  766      12.4849404             4.5               0
  767      13.1464009      6.55773479               0
  768      12.6136421      5.08320016               0
  769      12.5600528      4.91666667               0
  770       13.758857      8.08475367               0
  771      13.6245049      7.83187234               0
  772      12.5851338      5.13644827               0
  773      12.3455657      4.33333333               0
  774      12.8641038      6.08058191               0
  775      12.7301404      5.69326668               0
  776      12.5561471      5.18969637               0
  777       12.263904      4.16666667               0
  778      13.6658721      8.08475367               0
  779      12.4132934      4.83333333               0
  780      13.3075686      7.36357357               0
  781      12.5189593      5.25678898               0
  782      13.3924542      7.59772295               0
  783      13.4963576      7.83187234               0
  784      12.4810508       5.3238816               0
  785      13.0415629      6.93784742               0
  786      13.5467394      8.08475367               0
  787      12.9476638      6.74779111               0
  788      12.1959677      4.41666667               0
  789      12.7388643      6.22430266               0
  790      11.6666667               1               0
  791      13.0841355       7.1507105               0
  792      11.8055556             2.5               0
  793      12.0939297      4.08333333               0
  794      12.4330755      5.40707643               0
  795       13.367428      7.83187234               0
  796      12.2268468            4.75               0
  797      12.7960532      6.55773479               0
  798      11.8333333               3               0
  799       12.548439      5.93686116               0
  800              12               4               0
  801      11.6666667               2               0
  802       12.384066      5.49027127               0
  803      13.0708203      7.36357357               0
  804      13.3961414      8.08475367               0
  805      11.8611111             3.5               0
  806      13.2143619      7.83187234               0
  807      12.3229339      5.59176897               0
  808      12.5925594      6.39101873               0
  809       12.006771             4.5               0
  810      12.0106347      4.66666667               0
  811      11.9198205      4.33333333               0
  812      12.7492815      6.93784742               0
  813      11.8607047      4.16666667               0
  814      12.0674837               5               0
  815      13.0040509      7.59772295               0
  816      12.2603985      5.69326668               0
  817      13.2084378      8.08475367               0
  818        13.32473        8.337635               0
  819      13.0603782      7.83187234               0
  820      12.0351501      5.08320016               0
  821      13.2947814        8.337635               0
  822      12.8344267      7.36357357               0
  823      13.2645291        8.337635               0
  824      13.2253711        8.337635               0
  825      12.3277599      6.22430266               0
  826      12.4452898      6.55773479               0
  827      11.9916855      5.18969637               0
  828      12.1836087      5.81506392               0
  829      13.1857348        8.337635               0
  830       11.774579      4.58333333               0
  831      11.8332478      4.83333333               0
  832      13.1351286        8.337635               0
  833      11.6693246            4.25               0
  834      12.8807301      7.83187234               0
  835            11.6               4               0
  836      11.9337473       5.3238816               0
  837      12.9780175      8.08475367               0
  838      12.1050346      5.93686116               0
  839      13.0838015        8.337635               0
  840      11.1805556             1.5               0
  841      12.5274038       7.1507105               0
  842      12.4281187      6.93784742               0
  843      13.0191872        8.337635               0
  844      12.5699765      7.36357357               0
  845            11.3               3               0
  846      11.8572807      5.49027127               0
  847      12.2764108      6.74779111               0
  848      12.9535388        8.337635               0
  849       12.010198      6.08058191               0
  850      12.7001173      7.83187234               0
  851              11               0               0
  852      11.4573054      4.16666667               0
  853      11.5286015             4.5               0
  854      11.4833443      4.33333333               0
  855      12.5600938      7.59772295               0
  856      12.8721071        8.337635               0
  857      12.6998501      8.08475367               0
  858      12.0648493      6.55773479               0
  859              11               2               0
  860      11.7575971      5.69326668               0
  861      11.4665983      4.66666667               0
  862      12.7892722        8.337635               0
  863      11.9132685      6.22430266               0
  864      11.2965887      4.08333333               0
  865      12.3057329      7.36357357               0
  866      12.4932271      7.83187234               0
  867      11.4777645               5               0
  868      12.1066815      6.93784742               0
  869      10.8333333               1               0
  870      11.4668039      5.04160008               0
  871      12.6881229        8.337635               0
  872            11.2               4               0
  873      11.4554517      5.08320016               0
  874       11.282624      4.41666667               0
  875      12.7886216      8.60568921               0
  876      11.3824537      4.91666667               0
  877        11.44036      5.13644827               0
  878      11.4246513      5.18969637               0
  879       12.739648      8.60568921               0
  880      11.7984878      6.39101873               0
  881      11.6296485      5.93686116               0
  882      12.5851894        8.337635               0
  883      11.4040015      5.25678898               0
  884       12.674884      8.60568921               0
  885      11.2537776      4.83333333               0
  886      11.3824221       5.3238816               0
  887      12.2854864      7.83187234               0
  888      12.3702531      8.08475367               0
  889      11.0507949      4.16666667               0
  890      10.9148889             3.5               0
  891      11.3544143      5.40707643               0
  892      12.4616086        8.337635               0
  893      12.5901089      8.60568921               0
  894      12.0151533      7.36357357               0
  895      11.0465683      4.33333333               0
  896      11.9158403       7.1507105               0
  897      11.6815068      6.55773479               0
  898       11.325073      5.49027127               0
  899      10.7666667               3               0
  900      12.0619832      7.59772295               0
  901      11.0984094            4.75               0
  902      11.0337419             4.5               0
  903      11.7584624      6.93784742               0
  904      12.4803643      8.60568921               0
  905      10.4861111             0.5               0
  906      11.2875478      5.59176897               0
  907       12.335935        8.337635               0
  908      10.6184444             2.5               0
  909      11.4685783      6.22430266               0
  910      12.0520726      7.83187234               0
  911      11.2482128      5.69326668               0
  912            10.8               4               0
  913      10.8303562            4.25               0
  914      10.9230221      4.66666667               0
  915      12.3400816      8.60568921               0
  916      11.5458868      6.74779111               0
  917      12.1878111        8.337635               0
  918      11.1987576      5.81506392               0
  919      11.7245037      7.36357357               0
  920      11.9878436      8.08475367               0
  921      11.1470013      5.93686116               0
  922      10.3333333               2               0
  923      10.8644564               5               0
  924      11.8181635      7.83187234               0
  925      10.6439096      4.16666667               0
  926      12.0374869        8.337635               0
  927      10.7342887      4.58333333               0
  928      12.1634141      8.60568921               0
  929      10.8509711      5.08320016               0
  930      12.2525132      8.87374342               0
  931      11.4083272      6.93784742               0
  932      11.2705977      6.55773479               0
  933      10.8315363      5.18969637               0
  934      12.2332326      8.87374342               0
  935      11.0831961      6.08058191               0
  936      12.2135604      8.87374342               0
  937      10.6008855      4.33333333               0
  938       12.187819      8.87374342               0
  939      10.8037293       5.3238816               0
  940      12.1614607      8.87374342               0
  941      10.4971502      4.08333333               0
  942      10.6530639      4.83333333               0
  943      12.1273924      8.87374342               0
  944      11.8638556        8.337635               0
  945      10.5388822             4.5               0
  946      11.0166918      6.22430266               0
  947      12.0923944      8.87374342               0
  948      11.5138217      7.59772295               0
  949      10.2333333               3               0
  950      11.4103304      7.36357357               0
  951              10               0               0
  952      11.9448556      8.60568921               0
  953      10.7644118      5.49027127               0
  954            10.4               4               0
  955              10               1               0
  956      12.0477477      8.87374342               0
  957      11.5606516      7.83187234               0
  958      11.2525629       7.1507105               0
  959      12.0017674      8.87374342               0
  960      10.9365261      6.39101873               0
  961      10.7097546      5.69326668               0
  962      11.9439426      8.87374342               0
  963      11.6882848        8.337635               0
  964      11.5545664      8.08475367               0
  965      10.3434758      4.41666667               0
  966      11.8843082      8.87374342               0
  967      10.3624511      4.66666667               0
  968      11.0341694      6.93784742               0
  969      10.2342359      4.16666667               0
  970      10.8535228      6.55773479               0
  971      11.8104935      8.87374342               0
  972      11.6801885      8.60568921               0
  973      10.6354534      5.93686116               0
  974      11.3033074      7.83187234               0
  975      11.0956687      7.36357357               0
  976      11.4899478        8.337635               0
  977      11.7343778      8.87374342               0
  978      10.1547424      4.33333333               0
  979           9.978             3.5               0
  980      10.2511484               5               0
  981      10.2480034      5.04160008               0
  982      11.6418284      8.87374342               0
  983      9.66444444             1.5               0
  984      10.7559824      6.74779111               0
  985              10               4               0
  986      10.2445403      5.08320016               0
  987       10.239652      5.13644827               0
  988      9.66666667               2               0
  989      10.5372209      6.22430266               0
  990      10.2342627      5.18969637               0
  991      10.1603668      4.91666667               0
  992      10.2267764      5.25678898               0
  993      11.6949604       9.1525198               0
  994      9.97935503            4.25               0
  995      10.0322282             4.5               0
  996        11.54658      8.87374342               0
  997       11.290481        8.337635               0
  998      10.2185352       5.3238816               0
  999      11.6648351       9.1525198               0
 1000      10.2073016      5.40707643               0
 1001             9.7               3               0
 1002      11.3677377      8.60568921               0
 1003      10.0531412      4.83333333               0
 1004      11.0260273      7.83187234               0
 1005       11.624101       9.1525198               0
 1006      10.9226019      7.59772295               0
 1007      10.6559408      6.93784742               0
 1008      10.1949851      5.49027127               0
 1009       11.569457       9.1525198               0
 1010      11.0766036      8.08475367               0
 1011       11.433071      8.87374342               0
 1012       10.178555      5.59176897               0
 1013       10.761359      7.36357357               0
 1014      9.82398683      4.16666667               0
 1015      9.93276029            4.75               0
 1016      10.1606552      5.69326668               0
 1017      11.4968615       9.1525198               0
 1018      10.4116176      6.55773479               0
 1019      11.3167245      8.87374342               0
 1020      11.0705843        8.337635               0
 1021      10.1373458      5.81506392               0
 1022      9.69531081      4.08333333               0
 1023      11.4016053       9.1525198               0
 1024           9.422             2.5               0
 1025      9.80251295      4.66666667               0
 1026      10.5417048       7.1507105               0
 1027      10.1121677      5.93686116               0
 1028       9.7020053      4.33333333               0
 1029      10.7499176      7.83187234               0
 1030             9.6               4               0
 1031      11.1811729      8.87374342               0
 1032      10.0802383      6.08058191               0
 1033      11.2785851       9.1525198               0
 1034      9.66568798      4.58333333               0
 1035      11.0097821      8.60568921               0
 1036      9.16666667               1               0
 1037      10.8510702        8.337635               0
 1038      10.0461171      6.22430266               0
 1039      10.4260119      7.36357357               0
 1040       10.257204      6.93784742               0
 1041        11.04312      8.87374342               0
 1042       9.5255742             4.5               0
 1043      11.1228643       9.1525198               0
 1044       9.6255742               5               0
 1045      10.0040835      6.39101873               0
 1046               9               0               0
 1047      9.62363039      5.08320016               0
 1048      9.41139251      4.16666667               0
 1049      9.62003188      5.18969637               0
 1050      9.16666667               3               0
 1051       10.564905      8.08475367               0
 1052      10.4590828      7.83187234               0
 1053      9.61380209       5.3238816               0
 1054      10.8863114      8.87374342               0
 1055      9.38546041      4.41666667               0
 1056      9.95974556      6.55773479               0
 1057      11.1374076      9.43129618               0
 1058               9               2               0
 1059      11.1259426      9.43129618               0
 1060      10.6154812        8.337635               0
 1061      11.1141595      9.43129618               0
 1062      10.2981267      7.59772295               0
 1063      9.44273421      4.83333333               0
 1064      9.60360616      5.49027127               0
 1065      11.0986216      9.43129618               0
 1066      11.0825827      9.43129618               0
 1067      10.9305746       9.1525198               0
 1068      11.0616778      9.43129618               0
 1069      11.0400181      9.43129618               0
 1070             9.2               4               0
 1071      9.58774954      5.69326668               0
 1072      9.90683182      6.74779111               0
 1073      9.24863544      4.33333333               0
 1074      11.0121456      9.43129618               0
 1075      10.6138462      8.60568921               0
 1076      10.7280459      8.87374342               0
 1077      10.9831901      9.43129618               0
 1078      9.05311111             3.5               0
 1079      10.0758801      7.36357357               0
 1080      10.9464604      9.43129618               0
 1081      9.56427054      5.93686116               0
 1082      9.23418737      4.66666667               0
 1083      10.9082611      9.43129618               0
 1084      9.85188686      6.93784742               0
 1085       9.1183881            4.25               0
 1086      10.3825617        8.337635               0
 1087      10.1707346      7.83187234               0
 1088      10.8605922      9.43129618               0
 1089      8.66888889             0.5               0
 1090      10.7001385       9.1525198               0
 1091      10.5533308      8.87374342               0
 1092      10.8110547      9.43129618               0
 1093      9.53117205      6.22430266               0
 1094      8.99800721      4.16666667               0
 1095      10.7503812      9.43129618               0
 1096      9.78857068       7.1507105               0
 1097       9.0127871             4.5               0
 1098      10.6875158      9.43129618               0
 1099      8.89078157      4.08333333               0
 1100      10.3791088      8.87374342               0
 1101      9.48682439      6.55773479               0
 1102      10.1398671        8.337635               0
 1103       10.035068      8.08475367               0
 1104       10.612139      9.43129618               0
 1105      9.72407134      7.36357357               0
 1106             8.8               4               0
 1107      8.63333333               3               0
 1108               9               5               0
 1109      10.1934779      8.60568921               0
 1110       9.8741382      7.83187234               0
 1111               9      5.04160008               0
 1112      10.4336694       9.1525198               0
 1113               9      5.08320016               0
 1114               9      5.13644827               0
 1115      10.5344578      9.43129618               0
 1116               9      5.18969637               0
 1117      8.79138683      4.33333333               0
 1118               9      5.25678898               0
 1119      8.91666667      4.91666667               0
 1120               9       5.3238816               0
 1121      8.91666667      5.00024653               0
 1122               9      5.40707643               0
 1123      8.33333333               1               0
 1124      8.91666667      5.10737746               0
 1125      10.1928659      8.87374342               0
 1126               9      5.49027127               0
 1127      9.43053303      6.93784742               0
 1128      8.83333333      4.83333333               0
 1129      10.4435328      9.43129618               0
 1130      9.65261608      7.59772295               0
 1131      8.83333333      4.87556883               0
 1132      10.5687038      9.71564809               0
 1133      8.91666667      5.24258951               0
 1134      8.83333333      4.91784215               0
 1135               9      5.59176897               0
 1136        10.55012      9.71564809               0
 1137      8.83333333      4.97200616               0
 1138      8.83333333      5.02622974               0
 1139      9.90284385        8.337635               0
 1140               9      5.69326668               0
 1141      8.33333333               2               0
 1142      10.5252222      9.71564809               0
 1143      8.91666667      5.41058335               0
 1144      8.83333333      5.09463419               0
 1145            8.75            4.75               0
 1146      8.83333333      5.16312839               0
 1147               9      5.81506392               0
 1148            8.75      4.83587718               0
 1149      10.4921554      9.71564809               0
 1150      10.3505766      9.43129618               0
 1151      8.83333333      5.24818183               0
 1152            8.75      4.94601897               0
 1153      8.91666667       5.6159935               0
 1154      8.58283998      4.16666667               0
 1155               9      5.93686116               0
 1156      8.83333333      5.33336403               0
 1157      10.4486815      9.71564809               0
 1158      8.66666667      4.66666667               0
 1159      8.66666667      4.71043909               0
 1160            8.75      5.08513205               0
 1161      8.83333333      5.43745325               0
 1162      8.66666667      4.75424176               0
 1163               9      6.08058191               0
 1164      8.66666667      4.81035251               0
 1165      9.58156135      7.83187234               0
 1166      10.1382677       9.1525198               0
 1167      10.0100655      8.87374342               0
 1168      8.83333333      5.54171721               0
 1169      8.66666667      4.86651092               0
 1170      10.3922258      9.71564809               0
 1171      8.91666667      5.86308175               0
 1172            8.75       5.2581196               0
 1173      10.2446878      9.43129618               0
 1174            8.16             1.5               0
 1175      8.66666667       4.9373367               0
 1176      8.58333333      4.58333333               0
 1177               9      6.22430266               0
 1178      9.36320533      7.36357357               0
 1179      8.83333333      5.66705153               0
 1180      8.66666667      5.00823429               0
 1181      8.58333333      4.67282604               0
 1182      8.21355556             2.5               0
 1183      8.66666667      5.09624381               0
 1184            8.75      5.46983843               0
 1185      8.83333333      5.79260803               0
 1186      8.58333333      4.78747135               0
 1187      10.3200279      9.71564809               0
 1188               9      6.39101873               0
 1189      8.66666667      5.18435633               0
 1190      8.91666667      6.15536813               0
 1191             8.5             4.5               0
 1192             8.4               4               0
 1193             8.5      4.54576009               0
 1194      8.58333333      4.93206893               0
 1195      9.66383387        8.337635               0
 1196      8.66666667      5.29198716               0
 1197      8.83333333      5.94102858               0
 1198             8.5      4.59152018               0
 1199      9.76810266      8.60568921               0
 1200      10.1376159      9.43129618               0
 1201             8.5      4.65009309               0
 1202               8               0               0
 1203               9      6.55773479               0
 1204      8.66666667      5.39975777               0
 1205            8.75      5.72477886               0
 1206             8.5      4.70866601               0
 1207      8.58333333       5.1115805               0
 1208      8.83333333      6.08970973               0
 1209             8.5      4.78246788               0
 1210      10.2294411      9.71564809               0
 1211      8.41666667      4.41666667               0
 1212      9.50637881      8.08475367               0
 1213      8.66666667      5.52925657               0
 1214             8.5      4.85626975               0
 1215       9.8217135      8.87374342               0
 1216      8.41666667      4.51021431               0
 1217               9      6.74779111               0
 1218      8.91666667      6.49521759               0
 1219             8.5      4.94778408               0
 1220      8.58333333      5.33087587               0
 1221      8.66666667      5.65893311               0
 1222      8.83333333      6.26247155               0
 1223      8.41666667      4.62986067               0
 1224             8.5       5.0392984               0
 1225            8.75      6.02667224               0
 1226      10.0193307      9.43129618               0
 1227      8.33333333      4.33333333               0
 1228             8.1               3               0
 1229      8.33333333      4.38108109               0
 1230      8.41666667      4.78047058               0
 1231             8.5      5.15094587               0
 1232      8.66666667      5.81216252               0
 1233      8.33333333       4.4287986               0
 1234               9      6.93784742               0
 1235      8.83333333      6.43550735               0
 1236      8.33333333      4.48983368               0
 1237       10.118407      9.71564809               0
 1238             8.5      5.26259335               0
 1239      8.58333333      5.59440962               0
 1240      8.14288889             3.5               0
 1241      8.33333333       4.5508211               0
 1242      9.28797716      7.83187234               0
 1243      8.41666667      4.96701629               0
 1244      8.66666667      5.96560043               0
 1245      9.82681083       9.1525198               0
 1246      8.33333333      4.62759906               0
 1247            8.25            4.25               0
 1248             8.5      5.39657031               0
 1249      8.33333333      4.70430522               0
 1250      8.91666667      6.88341397               0
 1251            8.25      4.34716318               0
 1252      8.83333333      6.63304979               0
 1253               9       7.1507105               0
 1254            8.75       6.3780427               0
 1255      9.43399179        8.337635               0
 1256      8.33333333      4.79932435               0
 1257      8.41666667      5.19431082               0
 1258             8.5      5.53054728               0
 1259      8.66666667      6.14382174               0
 1260      9.90144612      9.43129618               0
 1261            8.25      4.47131305               0
 1262      9.64067527      8.87374342               0
 1263      8.33333333      4.89424047               0
 1264      8.58333333      5.90583906               0
 1265      8.16666667      4.16666667               0
 1266      8.16666667      4.21595135               0
 1267            8.25      4.62740746               0
 1268      8.33333333      5.00990459               0
 1269             8.5       5.6886401               0
 1270      8.83333333      6.83083374               0
 1271      8.16666667      4.26519821               0
 1272      9.98609316      9.71564809               0
 1273      8.66666667      6.32226223               0
 1274               9      7.36357357               0
 1275      8.16666667      4.32818003               0
 1276      8.33333333      5.12542892               0
 1277      8.41666667      5.46668494               0
 1278      8.16666667      4.39110228               0
 1279            8.25       4.8204772               0
 1280             8.5      5.84673292               0
 1281      8.16666667      4.47030158               0
 1282      8.08333333      4.08333333               0
 1283      8.33333333      5.26388406               0
 1284      8.16666667      4.54941112               0
 1285            8.75      6.77973609               0
 1286      8.66666667       6.5259097               0
 1287      8.83333333      7.05256315               0
 1288      8.08333333      4.18279383               0
 1289      8.58333333      6.26760455               0
 1290      9.77568731      9.43129618               0
 1291      8.91666667      7.31876726               0
 1292      8.16666667      4.64738633               0
 1293             8.5       6.0301206               0
 1294            8.25      5.05534826               0
 1295      8.33333333      5.40216146               0
 1296               9      7.59772295               0
 1297      8.08333333      4.30995456               0
 1298      8.16666667      4.74523277               0
 1299      8.41666667      5.78762679               0
 1300      9.36166003      8.60568921               0
 1301              10              10               0
 1302               8               4               0
 1303      8.08333333         4.46995               0
 1304      9.99167998              10               0
 1305      8.16666667      4.86443849               0
 1306      8.66666667      6.72975037               0
 1307               8       4.0499201               0
 1308      8.33333333      5.56511769               0
 1309      9.46205998      8.87374342               0
 1310      9.98335997              10               0
 1311               8       4.0998402               0
 1312             8.5      6.21350827               0
 1313      8.83333333      7.27443325               0
 1314      9.83362023      9.71564809               0
 1315      9.97271035              10               0
 1316               8      4.16373792               0
 1317      9.96206073              10               0
 1318      8.16666667      4.98346948               0
 1319            8.25       5.3363157               0
 1320      9.21060158        8.337635               0
 1321               8      4.22763565               0
 1322       9.9486422              10               0
 1323      8.08333333      4.66801345               0
 1324      8.33333333      5.72786542               0
 1325               9      7.83187234               0
 1326               8      4.30814678               0
 1327      9.93522368              10               0
 1328      7.66666667               2               0
 1329      9.65272403      9.43129618               0
 1330      8.16666667      5.12608909               0
 1331               8      4.38865791               0
 1332      9.91858471              10               0
 1333      9.51781526       9.1525198               0
 1334      8.58333333      6.68050595               0
 1335             8.5      6.42257022               0
 1336      8.66666667      6.95822104               0
 1337      8.41666667      6.15941199               0
 1338            8.75      7.23047706               0
 1339      9.90194575              10               0
 1340               8      4.48849172               0
 1341      8.08333333      4.90919319               0
 1342      8.33333333      5.91641946               0
 1343      8.16666667      5.26848653               0
 1344      8.83333333      7.51855051               0
 1345      9.88164621              10               0
 1346               8      4.58832553               0
 1347            8.25      5.66679361               0
 1348      8.91666667      7.79781226               0
 1349      9.86134666              10               0
 1350               8      4.71012277               0
 1351             8.5      6.63163217               0
 1352      8.16666667      5.43625163               0
 1353               9      8.08475367               0
 1354      9.83698722              10               0
 1355      8.33333333      6.10475431               0
 1356      8.66666667      7.18680425               0
 1357             7.5               1               0
 1358               8      4.83192001               0
 1359      8.08333333      5.19801281               0
 1360      9.29526758      8.87374342               0
 1361      9.81262777              10               0
 1362      9.66473231      9.71564809               0
 1363      8.16666667      5.60375612               0
 1364      9.52678143      9.43129618               0
 1365      8.83333333      7.76262015               0
 1366      9.78388362              10               0
 1367               8      4.97807671               0
 1368      8.41666667      6.58275839               0
 1369      8.33333333      6.31923074               0
 1370             8.5      6.86578155               0
 1371            8.25      6.04897384               0
 1372      8.58333333      7.14332036               0
 1373      9.75513947              10               0
 1374               8       5.1242334               0
 1375      8.16666667      5.79776965               0
 1376      8.66666667      7.43829392               0
 1377               9        8.337635               0
 1378      8.08333333      5.53809772               0
 1379      9.72179625              10               0
 1380            8.75      7.72652243               0
 1381               8      5.29669829               0
 1382      8.33333333      6.53351396               0
 1383      7.56666667               3               0
 1384      8.83333333      8.02603029               0
 1385      9.68845304              10               0
 1386      8.16666667      5.99150919               0
 1387             8.5      7.09993093               0
 1388      9.40677813      9.43129618               0
 1389      8.91666667      8.31466249               0
 1390       9.1393877      8.87374342               0
 1391               8      5.46916319               0
 1392      9.65044178              10               0
 1393      8.66666667      7.68974548               0
 1394      9.23406762       9.1525198               0
 1395               9      8.60568921               0
 1396            8.25      6.48352825               0
 1397      9.48620419      9.71564809               0
 1398      8.16666667      6.21209065               0
 1399      8.33333333      6.77334206               0
 1400      8.08333333      5.93179896               0
 1401      8.41666667       7.0565415               0
 1402      9.61243052              10               0
 1403               8      5.66922247               0
 1404             8.5      7.35749525               0
 1405      8.83333333      8.28910803               0
 1406      8.58333333      7.65251573               0
 1407       9.5698579              10               0
 1408       9.2898229      9.43129618               0
 1409      8.16666667      6.43243059               0
 1410               8      5.86928175               0
 1411      8.66666667      7.96116511               0
 1412      8.33333333      7.01305761               0
 1413      9.52728529              10               0
 1414               9      8.87374342               0
 1415            8.75      8.26148801               0
 1416             8.5      7.61505957               0
 1417      8.08333333      6.37985036               0
 1418      9.48045541              10               0
 1419               8      6.09734933               0
 1420      8.16666667      6.67899994               0
 1421      8.83333333      8.56744744               0
 1422            8.25       6.9693848               0
 1423      9.18246865      9.43129618               0
 1424      8.33333333      7.27669658               0
 1425      9.30776863      9.71564809               0
 1426      8.66666667      8.23231882               0
 1427      9.43362553              10               0
 1428      8.91666667      8.86107688               0
 1429      8.41666667      7.57760341               0
 1430               8      6.32541691               0
 1431             8.5      7.89322903               0
 1432      8.16666667      6.92542861               0
 1433               9       9.1525198               0
 1434      9.38304927              10               0
 1435      8.58333333      8.20211686               0
 1436      8.83333333      8.84508066               0
 1437      8.33333333      7.54037365               0
 1438      9.08453794      9.43129618               0
 1439        9.332473              10               0
 1440               8       6.5808526               0
 1441      8.08333333       6.8810946               0
 1442      8.66666667      8.51932336               0
 1443      8.16666667      7.19643999               0
 1444               7               0               0
 1445             8.5       8.1713985               0
 1446      9.27886216              10               0
 1447            8.25      7.50359671               0
 1448            8.75      8.82642071               0
 1449      9.14140832      9.71564809               0
 1450            7.25             3.5               0
 1451               9      9.43129618               0
 1452            7.25      3.60519423               0
 1453      8.33333333      7.82529296               0
 1454               8      6.83628829               0
 1455      8.83333333      9.13288604               0
 1456            7.25      3.74028085               0
 1457      9.22525132              10               0
 1458      8.41666667      8.14068014               0
 1459      8.16666667      7.46749898               0
 1460      8.66666667      8.80576295               0
 1461            7.25      3.91115882               0
 1462               7               2               0
 1463      8.91666667      9.42677497               0
 1464      9.16949604              10               0
 1465             8.5      8.46625813               0
 1466            7.25      4.12402218               0
 1467               8      7.11726755               0
 1468      8.33333333      8.11047818               0
 1469               9      9.71564809               0
 1470      8.08333333      7.43230688               0
 1471      6.99044444             2.5               0
 1472      8.58333333      8.78377332               0
 1473      9.11374076              10               0
 1474      7.03333333               3               0
 1475            6.84             0.5               0
 1476      8.83333333      9.41954983               0
 1477            7.25      4.38506351               0
 1478      8.16666667      7.76042778               0
 1479      8.66666667      9.10291358               0
 1480            8.25      8.08130899               0
 1481      9.05687038              10               0
 1482               8       7.3982468               0
 1483             8.5      8.76111777               0
 1484            7.25       4.7000688               0
 1485            8.75      9.41016157               0
 1486      8.33333333       8.4131929               0
 1487               9              10               0
 1488      8.16666667      8.05368897               0
 1489      8.41666667      8.73846221               0
 1490      8.83333333      9.71057113               0
 1491            7.25      5.07390236               0
 1492               8       7.7017044               0
 1493      8.66666667      9.39915095               0
 1494             8.5      9.06777178               0
 1495      8.91666667              10               0
 1496      8.08333333      8.02813451               0
 1497      8.33333333      8.71647258               0
 1498      6.66666667               1               0
 1499      6.67055556             1.5               0
 1500      8.16666667      8.36506882               0
 1501      8.58333333      9.38705877               0
 1502            7.25      5.50989757               0
 1503      8.83333333              10               0
 1504               8        8.005162               0
 1505            8.25      8.69581483               0
 1506      8.66666667      9.70021245               0
 1507             8.5       9.3744258               0
 1508      8.33333333      9.03262999               0
 1509            8.75              10               0
 1510      8.16666667      8.67715487               0
 1511               8      8.32682705               0
 1512      8.41666667      9.36179284               0
 1513            7.25      6.00919424               0
 1514      8.66666667              10               0
 1515      8.08333333      8.66115865               0
 1516             8.5       9.6872129               0
 1517      8.33333333      9.34970065               0
 1518      8.16666667      9.00265753               0
 1519      8.58333333              10               0
 1520               8      8.64849211               0
 1521            8.25      9.33869004               0
 1522            7.25      6.57009527               0
 1523             6.5               3               0
 1524             6.5      3.05824011               0
 1525             6.5      3.11648023               0
 1526             8.5              10               0
 1527             6.5      3.19102757               0
 1528             6.5      3.26557492               0
 1529      8.33333333      9.67421335               0
 1530             6.5      3.35950458               0
 1531      8.16666667      9.32930177               0
 1532      6.33333333               2               0
 1533             6.5      3.45343423               0
 1534               8      8.98302376               0
 1535             6.5      3.56990701               0
 1536             6.5      3.68637978               0
 1537      8.41666667              10               0
 1538             6.5      3.82847656               0
 1539      8.08333333      9.32207664               0
 1540             6.5      3.97057335               0
 1541            7.25      7.18754699               0
 1542             6.5      4.14108949               0
 1543      8.33333333              10               0
 1544      8.16666667      9.66385467               0
 1545               8      9.31755542               0
 1546             6.5      4.31160563               0
 1547             6.5      4.51281468               0
 1548            8.25              10               0
 1549             6.5      4.71402372               0
 1550               6               0               0
 1551      8.16666667              10               0
 1552             6.5      4.94742622               0
 1553               8      9.65877771               0
 1554             6.5      5.18082871               0
 1555            7.25      7.85286802               0
 1556      8.08333333              10               0
 1557             6.5      5.44690755               0
 1558               8              10               0
 1559             6.5      5.71298639               0
 1560      5.83333333               1               0
 1561             6.5       6.0109947               0
 1562            7.25      8.55384667               0
 1563             6.5        6.309003               0
 1564            5.75             2.5               0
 1565            5.75      2.62776623               0
 1566            5.75      2.79086899               0
 1567      5.66666667               2               0
 1568             6.5      6.63681214               0
 1569            5.75      2.99570964               0
 1570            5.75      3.24873738               0
 1571            5.75      3.55608319               0
 1572             6.5      6.96462127               0
 1573            5.75      3.92314247               0
 1574            7.25      9.27528619               0
 1575             6.5      7.31865513               0
 1576            5.75      4.35414509               0
 1577             6.5        7.672689               0
 1578            5.75      4.85175985               0
 1579             6.5       8.0479649               0
 1580      5.19944444             1.5               0
 1581            5.75      5.41677855               0
 1582            7.25              10               0
 1583             6.5      8.42324079               0
 1584            5.75      6.04791074               0
 1585               5               0               0
 1586      4.99611111             0.5               0
 1587               5               1               0
 1588               5               2               0
 1589               5      2.06656013               0
 1590               5      2.13312026               0
 1591               5      2.21831723               0
 1592             6.5      8.81352773               0
 1593               5       2.3035142               0
 1594               5      2.41086237               0
 1595               5      2.51821055               0
 1596               5      2.65132229               0
 1597               5      2.78443404               0
 1598            5.75      6.74169555               0
 1599               5      2.94683036               0
 1600               5      3.10922668               0
 1601               5      3.30410227               0
 1602             6.5      9.20381466               0
 1603               5      3.49897786               0
 1604               5      3.72893106               0
 1605               5      3.95888425               0
 1606               5      4.22562996               0
 1607            5.75      7.49250998               0
 1608             6.5      9.60190733               0
 1609               5      4.49237567               0
 1610               5      4.79646577               0
 1611               5      5.10055588               0
 1612             6.5              10               0
 1613               5       5.4411368               0
 1614            5.75      8.29263491               0
 1615               5      5.78171772               0
 1616               5      6.15635673               0
 1617               5      6.53099574               0
 1618      4.16666667               1               0
 1619            5.75      9.13234313               0
 1620               5      6.93560587               0
 1621               4               0               0
 1622               5        7.340216               0
 1623               5      7.76910274               0
 1624            5.75              10               0
 1625            3.75             1.5               0
 1626            3.75      1.63847429               0
 1627               5      8.19798948               0
 1628            3.75       1.8161594               0
 1629            3.75      2.04071146               0
 1630            3.75      2.32013069               0
 1631            3.75      2.66237018               0
 1632            3.75      3.07481326               0
 1633               5      8.64403169               0
 1634            3.75      3.56362342               0
 1635            3.75      4.13299148               0
 1636               5      9.09007389               0
 1637            3.75      4.78433321               0
 1638      3.33333333               1               0
 1639               5      9.54503695               0
 1640            3.75       5.5155247               0
 1641      3.13388889             0.5               0
 1642               5              10               0
 1643               3               0               0
 1644            3.75      6.32029592               0
 1645            3.75      7.18792202               0
 1646            3.75      8.10334404               0
 1647             2.5               1               0
 1648             2.5      1.07488015               0
 1649             2.5      1.14976029               0
 1650             2.5      1.24560688               0
 1651             2.5      1.34145347               0
 1652             2.5      1.46222017               0
 1653             2.5      1.58298687               0
 1654             2.5      1.73273758               0
 1655             2.5      1.88248829               0
 1656             2.5      2.06518415               0
 1657             2.5      2.24788002               0
 1658             2.5      2.46711506               0
 1659             2.5       2.6863501               0
 1660             2.5      2.94504744               0
 1661             2.5      3.20374479               0
 1662             2.5      3.50383371               0
 1663             2.5      3.80392263               0
 1664            3.75      9.04780466               0
 1665             2.5        4.146024               0
 1666             2.5      4.48812536               0
 1667             2.5       4.8712789               0
 1668             2.5      5.25443243               0
 1669               2               0               0
 1670             2.5      5.67590132               0
 1671            3.75              10               0
 1672             2.5       6.0973702               0
 1673             2.5       6.5525566               0
 1674             2.5        7.007743               0
 1675             2.5      7.49024058               0
 1676             2.5      7.97273816               0
 1677            1.25             0.5               0
 1678            1.25     0.661046293               0
 1679            1.25     0.866747543               0
 1680            1.25      1.12526228               0
 1681             2.5      8.47453565               0
 1682            1.25      1.44484589               0
 1683            1.25      1.83338986               0
 1684            1.25      2.29788693               0
 1685            1.25      2.84386615               0
 1686             2.5      8.97633313               0
 1687            1.25      3.47485377               0
 1688               1               0               0
 1689            1.25      4.19191752               0
 1690             2.5      9.48816657               0
 1691            1.25      4.99334017               0
 1692             2.5              10               0
 1693            1.25      5.87444449               0
 1694            1.25      6.82756398               0
 1695            1.25      7.84213228               0
 1696               0               0               0
 1697  4.99200979e-18    0.0832001632               0
 1698  9.98401958e-18     0.166400326               0
 1699  1.63737921e-17     0.272896535               0
 1700  2.27635647e-17     0.379392744               0
 1701   3.0814678e-17     0.513577967               0
 1702  3.88657914e-17     0.647763191               0
 1703   4.8849172e-17     0.814152867               0
 1704  5.88325526e-17     0.980542544               0
 1705   7.1012277e-17      1.18353795               0
 1706  8.31920013e-17      1.38653336               0
 1707  9.78076705e-17      1.63012784               0
 1708   1.1242334e-16      1.87372233               0
 1709  1.29669829e-16      2.16116382               0
 1710            1.25       8.9048616               0
 1711  1.46916319e-16      2.44860532               0
 1712  1.66922247e-16      2.78203745               0
 1713  1.86928175e-16      3.11546958               0
 1714  2.09734933e-16      3.49558222               0
 1715  2.32541691e-16      3.87569485               0
 1716   2.5808526e-16        4.301421               0
 1717  2.83628829e-16      4.72714715               0
 1718            1.25              10               0
 1719  3.11726755e-16      5.19544591               0
 1720   3.3982468e-16      5.66374467               0
 1721   3.7017044e-16      6.16950734               0
 1722    4.005162e-16         6.67527               0
 1723  4.32682705e-16      7.21137842               0
 1724  4.64849211e-16      7.74748685               0
 1725  4.98302376e-16      8.30503961               0
 1726  5.31755542e-16      8.86259237               0
 1727  5.65877771e-16      9.43129618               0
 1728           6e-16              10               0
