    1              50               0               0
    2              50     0.833333333               0
    3      48.3333333               0               0
    4              50      1.66666667               0
    5            48.5            1.25               0
    6              50             2.5               0
    7            48.5      2.75173611               0
    8              50      3.33333333               0
    9      46.6666667               0               0
   10              47             2.5               0
   11              50      4.16666667               0
   12              47           3.125               0
   13            48.5      4.20138889               0
   14              47            3.75               0
   15          45.306            1.25               0
   16              50               5               0
   17              45               0               0
   18      45.5333333             2.5               0
   19              47           4.375               0
   20            48.5           5.625               0
   21              47               5               0
   22              50      5.83333333               0
   23            45.5            3.75               0
   24              47           5.625               0
   25      44.0666667             2.5               0
   26            45.5      4.74826389               0
   27      43.3333333               0               0
   28              50      6.66666667               0
   29              47            6.25               0
   30            48.5      7.04861111               0
   31            45.5      5.79861111               0
   32              50             7.5               0
   33              47           6.875               0
   34              44               5               0
   35            42.6             2.5               0
   36          42.138            1.25               0
   37              47             7.5               0
   38              44      5.41666667               0
   39      42.8273333            3.75               0
   40            45.5           6.875               0
   41      41.6666667               0               0
   42              50      8.33333333               0
   43              44      5.83333333               0
   44            48.5      8.49826389               0
   45              47           8.125               0
   46              44            6.25               0
   47      42.7333333               5               0
   48              44      6.66666667               0
   49            45.5      7.95138889               0
   50              50      9.16666667               0
   51      41.1333333             2.5               0
   52              47            8.75               0
   53              44      7.08333333               0
   54              44             7.5               0
   55              47           9.375               0
   56      41.4666667               5               0
   57              44      7.91666667               0
   58              50              10               0
   59              40               0               0
   60           41.75            5.75               0
   61            45.5      9.00173611               0
   62            48.5              10               0
   63              44      8.33333333               0
   64              47              10               0
   65           41.75      6.49559382               0
   66      40.1286667            3.75               0
   67              44            8.75               0
   68      39.6666667             2.5               0
   69           41.75      7.20419926               0
   70              44      9.16666667               0
   71            45.5              10               0
   72            40.2               5               0
   73          38.992            1.25               0
   74              44      9.58333333               0
   75           41.75      7.89412636               0
   76              44              10               0
   77      38.3333333               0               0
   78           41.75      8.58182285               0
   79            38.2             2.5               0
   80      39.3792222            5.75               0
   81      38.9333333               5               0
   82            39.5             6.5               0
   83           41.75      9.28049632               0
   84            39.5      6.81470822               0
   85            39.5      7.12941644               0
   86            39.5      7.43905918               0
   87           41.75              10               0
   88            39.5      7.74870193               0
   89          37.408            3.75               0
   90            39.5      8.04913473               0
   91      38.4666667             6.5               0
   92      37.6666667               5               0
   93      36.6666667               0               0
   94            39.5      8.34956753               0
   95      36.7333333             2.5               0
   96            39.5      8.63798736               0
   97            39.5      8.92640719               0
   98            39.5      9.20147926               0
   99            39.5      9.47655134               0
  100      37.4333333             6.5               0
  101      37.0387778            5.75               0
  102          35.864            1.25               0
  103            39.5      9.73827567               0
  104            36.4               5               0
  105            39.5              10               0
  106           37.25            7.25               0
  107           37.25      7.76323906               0
  108      35.2666667             2.5               0
  109              35               0               0
  110            36.4             6.5               0
  111           37.25       8.2932046               0
  112           37.25      8.80500871               0
  113      35.1333333               5               0
  114           37.25      9.27099152               0
  115      34.6693333            3.75               0
  116           37.25      9.67260637               0
  117      35.3666667             6.5               0
  118           37.25              10               0
  119      35.4874444            7.25               0
  120          34.724            5.75               0
  121            33.8             2.5               0
  122      33.3333333               0               0
  123      33.8666667               5               0
  124      34.3333333             6.5               0
  125              35               8               0
  126              35      8.21274977               0
  127              35      8.42549954               0
  128           32.75            1.25               0
  129              35      8.62811837               0
  130              35       8.8307372               0
  131              35      9.01493613               0
  132              35      9.19913507               0
  133              35      9.35930805               0
  134            34.2               8               0
  135              35      9.51948104               0
  136              35      9.65295853               0
  137      34.2721531      8.42549954               0
  138      32.3333333             2.5               0
  139      33.6945556            7.25               0
  140      34.4310176       8.8307372               0
  141              35      9.78643602               0
  142            33.3             6.5               0
  143      34.5992764      9.19913507               0
  144              35      9.89321801               0
  145      34.7269753      9.51948104               0
  146              35              10               0
  147       34.797155      9.78643602               0
  148            32.6               5               0
  149      34.8169596              10               0
  150      34.8335997      10.0832002               0
  151      34.4534532      9.51948104               0
  152      34.5343578      9.65295853               0
  153      34.3343349      9.35930805               0
  154      34.5939164      9.78643602               0
  155       34.198302      9.19913507               0
  156      34.6232619      9.89321801               0
  157      31.6666667               0               0
  158      34.6339193              10               0
  159      34.0307413      9.01493613               0
  160      33.8622508       8.8307372               0
  161      34.6671993      10.1664003               0
  162            33.4               8               0
  163      33.6895238      8.62811837               0
  164      34.3406183      9.78643602               0
  165      31.9166667            3.75               0
  166       33.439714      8.21274977               0
  167      32.4302222            5.75               0
  168       33.544811      8.42549954               0
  169      34.1355816      9.51948104               0
  170       34.467721      10.0832002               0
  171      34.3996276              10               0
  172       34.484361      10.1664003               0
  173      34.4542069      10.2728965               0
  174      33.7638704      9.19913507               0
  175      34.0869245      9.78643602               0
  176      34.1438662      9.89321801               0
  177      34.3016519      10.1664003               0
  178      33.9723254      9.65295853               0
  179       34.165336              10               0
  180      33.8172098      9.51948104               0
  181      34.2412145      10.3793927               0
  182      32.2666667             6.5               0
  183      33.5892508      9.35930805               0
  184      34.0679693      10.1664003               0
  185      33.9997753      10.0832002               0
  186      33.2745416       8.8307372               0
  187      34.0892685      10.2728965               0
  188      33.7737576      9.78643602               0
  189      33.8701285              10               0
  190      34.0590138      10.3793927               0
  191      33.3291866      9.19913507               0
  192      33.4461587      9.51948104               0
  193      33.8344902      10.1664003               0
  194      32.8120568      8.42549954               0
  195            32.6               8               0
  196      33.9728441       10.513578               0
  197      33.8770887      10.3793927               0
  198      33.5425737      9.89321801               0
  199      33.4601942      9.78643602               0
  200       33.574921              10               0
  201      33.0090005      9.01493613               0
  202      33.2959741      9.65295853               0
  203      30.8666667             2.5               0
  204      31.3333333               5               0
  205      33.6233199      10.2728965               0
  206      33.5405893      10.1664003               0
  207      33.6446191      10.3793927               0
  208      33.4107426      10.0832002               0
  209      33.0746064      9.51948104               0
  210      32.6870494       8.8307372               0
  211      32.8547533      9.19913507               0
  212      33.7044736      10.6477632               0
  213      33.6100248       10.513578               0
  214          31.876            7.25               0
  215      33.2088637              10               0
  216      33.0774737      9.78643602               0
  217      33.4125835      10.3793927               0
  218       33.246995      10.1664003               0
  219      33.5236552      10.6477632               0
  220      32.7499786      9.35930805               0
  221       32.356843      8.62811837               0
  222      33.3432676      10.6477632               0
  223      32.6418025      9.51948104               0
  224      32.0798101      8.42549954               0
  225      33.1208215      10.3793927               0
  226       33.038015      10.2728965               0
  227      33.3716943      10.8141529               0
  228      32.7996034      9.89321801               0
  229      32.8428064              10               0
  230      31.2333333             6.5               0
  231      33.1476586       10.513578               0
  232      32.3800672      9.19913507               0
  233            31.8               8               0
  234      32.6943607      9.78643602               0
  235      31.8778537      8.21274977               0
  236      32.8833503      10.1664003               0
  237      33.1129883      10.6477632               0
  238      32.0770284       8.8307372               0
  239      32.4868629      9.65295853               0
  240              30               0               0
  241      32.6811856      10.0832002               0
  242      32.8297135      10.3793927               0
  243      33.0129008      10.8141529               0
  244      32.8833876      10.6477632               0
  245      32.2085024      9.51948104               0
  246      31.9248907      9.01493613               0
  247      33.0389149      10.9805425               0
  248      32.5201456      10.1664003               0
  249      32.3962165              10               0
  250      32.2326471      9.78643602               0
  251      31.8591587      9.19913507               0
  252      32.8606541      10.9805425               0
  253      32.5681959       10.513578               0
  254      32.4696183      10.3793927               0
  255          29.646            1.25               0
  256       32.595033      10.6477632               0
  257      32.3148461      10.2728965               0
  258       31.801327      9.35930805               0
  259      31.3410971      8.42549954               0
  260       32.682974      10.9805425               0
  261      32.5565704      10.8141529               0
  262      31.4672246       8.8307372               0
  263      30.0666667               5               0
  264      32.0776061      10.1664003               0
  265              31               8               0
  266      31.7055899      9.51948104               0
  267      31.8956774      9.89321801               0
  268      31.9496266              10               0
  269      32.3077007      10.6477632               0
  270      32.6329241      11.1835379               0
  271      30.1527778            5.75               0
  272      32.1104613      10.3793927               0
  273      31.7705542      9.78643602               0
  274      32.4563753      10.9805425               0
  275            29.4             2.5               0
  276      31.3380001      9.19913507               0
  277      31.7922927      10.0832002               0
  278            30.2             6.5               0
  279      31.5270241      9.65295853               0
  280      30.9975587      8.62811837               0
  281      32.2306913      10.9805425               0
  282      32.2810337      11.1835379               0
  283      31.9527827      10.6477632               0
  284      31.8542072       10.513578               0
  285      31.6356638      10.1664003               0
  286      31.9860607      10.8141529               0
  287       31.673506      10.3793927               0
  288      31.2021979      9.51948104               0
  289      30.8312103       8.8307372               0
  290      31.4137187              10               0
  291      32.2269333      11.3865334               0
  292      31.9476001      10.9805425               0
  293      30.6028927      8.42549954               0
  294      31.2212945      9.78643602               0
  295          29.154            3.75               0
  296      31.4361885      10.2728965               0
  297      30.0364444            7.25               0
  298       30.768249      9.01493613               0
  299      32.0529593      11.3865334               0
  300      31.5993314      10.6477632               0
  301       30.764307      9.19913507               0
  302      30.3139243      8.21274977               0
  303      31.8343351      11.1835379               0
  304            30.2               8               0
  305      31.6658872      10.9805425               0
  306      31.8796904      11.3865334               0
  307      30.7284945      9.35930805               0
  308      31.2378238      10.3793927               0
  309      31.1060763      10.1664003               0
  310      30.8778109              10               0
  311      30.8133233      9.89321801               0
  312      31.6589159      11.3865334               0
  313      30.6216101      9.51948104               0
  314      31.2851378      10.8141529               0
  315      31.1700221      10.6477632               0
  316      31.7397443      11.6301278               0
  317      30.6716846      9.78643602               0
  318      28.3333333               0               0
  319      31.3184157      10.9805425               0
  320       30.195411       8.8307372               0
  321      30.9894268       10.513578               0
  322      30.7271406      10.0832002               0
  323      31.4392519      11.3865334               0
  324            28.8               5               0
  325       31.277177      11.1835379               0
  326      29.1666667             6.5               0
  327      29.8571485      8.42549954               0
  328      30.1903722      9.19913507               0
  329      30.4001936      9.65295853               0
  330      30.7165903      10.3793927               0
  331       30.577248      10.1664003               0
  332      31.3988218      11.6301278               0
  333      30.9729216      10.9805425               0
  334       30.742703      10.6477632               0
  335      31.1640178      11.3865334               0
  336            29.4               8               0
  337      30.0405794      9.51948104               0
  338      30.3864993      10.2728965               0
  339      30.2454396              10               0
  340      29.6071597      8.62811837               0
  341      31.2525553      11.8737223               0
  342      27.9333333             2.5               0
  343      30.0279535      9.78643602               0
  344      30.8904571      11.3865334               0
  345      29.5298145       8.8307372               0
  346      30.9667373      11.6301278               0
  347      30.5539824      10.9805425               0
  348      31.0852451      11.8737223               0
  349      30.4390145      10.8141529               0
  350      30.1969756      10.3793927               0
  351      29.5291698      9.01493613               0
  352      30.5945814      11.1835379               0
  353      29.5581774      9.19913507               0
  354      30.2323984      10.6477632               0
  355      30.9187124      11.8737223               0
  356      29.9541323      10.1664003               0
  357      29.5180836      9.35930805               0
  358      29.1119079      8.42549954               0
  359      30.5534906      11.3865334               0
  360      29.9598771       10.513578               0
  361      30.7066645      11.8737223               0
  362      30.1377265      10.9805425               0
  363      29.6130683              10               0
  364      29.3762011      9.51948104               0
  365      29.5383737      9.89321801               0
  366      30.4288713      11.6301278               0
  367      28.7474271      8.21274977               0
  368      28.1333333             6.5               0
  369      29.3839247      9.78643602               0
  370      30.2189247      11.3865334               0
  371      30.6776724      12.1611638               0
  372      30.4958415      11.8737223               0
  373            28.6               8               0
  374          27.887            5.75               0
  375      29.4721023      10.0832002               0
  376      29.7246244      10.6477632               0
  377      29.5857527      10.3793927               0
  378      28.8644259       8.8307372               0
  379      28.1805556            7.25               0
  380      28.9257592      9.19913507               0
  381      27.5333333               5               0
  382       29.093234      9.65295853               0
  383      29.3319069      10.1664003               0
  384       30.231906      11.8737223               0
  385       30.353085      12.1611638               0
  386      29.7732673      11.1835379               0
  387      29.6415606      10.9805425               0
  388      29.8138663      11.3865334               0
  389      28.3580868      8.42549954               0
  390      29.4353916      10.8141529               0
  391      29.1535607      10.2728965               0
  392      29.9698162      11.8737223               0
  393      28.7114465      9.51948104               0
  394      26.6666667               0               0
  395      29.7714777      11.6301278               0
  396      28.8795176              10               0
  397      29.1284566      10.6477632               0
  398      28.9764286      10.3793927               0
  399      29.9421069      12.1611638               0
  400       28.181243      8.62811837               0
  401      30.1027894      12.4486053               0
  402          26.548            1.25               0
  403      28.6412156      9.78643602               0
  404      29.4120657      11.3865334               0
  405      28.1659849       8.8307372               0
  406      29.6473055      11.8737223               0
  407      29.1488067      10.9805425               0
  408       28.198667      9.01493613               0
  409            27.8               8               0
  410      29.9451833      12.4486053               0
  411      28.2304324      9.19913507               0
  412      26.4666667             2.5               0
  413      28.6111222      10.1664003               0
  414      28.7549283       10.513578               0
  415      29.7883479      12.4486053               0
  416      28.1592736      9.35930805               0
  417            27.1             6.5               0
  418      29.3274427      11.8737223               0
  419      29.4311367      12.1611638               0
  420      29.5887025      12.4486053               0
  421      26.3853333            3.75               0
  422      27.6047523      8.42549954               0
  423      28.9339611      11.3865334               0
  424      28.5352572      10.6477632               0
  425       28.802606      11.1835379               0
  426      27.9593231      9.51948104               0
  427        28.98268      11.6301278               0
  428      28.1459669              10               0
  429      28.0615661      9.89321801               0
  430      29.3902711      12.4486053               0
  431      28.5714093      10.9805425               0
  432      28.2717377      10.3793927               0
  433      27.8982943      9.78643602               0
  434      28.9406428      11.8737223               0
  435      28.0182901      10.0832002               0
  436      27.4677359       8.8307372               0
  437      29.4359251      12.7820375               0
  438      26.2666667               5               0
  439      27.1778705      8.21274977               0
  440      27.5349158      9.19913507               0
  441      28.2653235      10.8141529               0
  442      29.1419338      12.4486053               0
  443      27.8912735      10.1664003               0
  444              27               8               0
  445      28.4599985      11.3865334               0
  446      27.5976566      9.65295853               0
  447      28.8075336      12.1611638               0
  448      29.1342496      12.7820375               0
  449      28.8954257      12.4486053               0
  450      28.5574363      11.8737223               0
  451      27.7296382      10.2728965               0
  452      27.8504682      10.6477632               0
  453      27.9980141      10.9805425               0
  454      26.8418904      8.42549954               0
  455      27.2069313      9.51948104               0
  456       27.569043      10.3793927               0
  457       28.592214      12.4486053               0
  458          26.313            7.25               0
  459      28.7522666      12.7820375               0
  460      27.3097191              10               0
  461      26.0666667             6.5               0
  462      26.7157809      8.62811837               0
  463      28.0533438      11.6301278               0
  464      27.9056421      11.3865334               0
  465      26.7337799       8.8307372               0
  466      28.1020627      11.8737223               0
  467      26.7694356      9.01493613               0
  468      27.0552938      9.78643602               0
  469      27.3681377       10.513578               0
  470      28.7690608      13.1154696               0
  471      27.6752986      11.1835379               0
  472      26.7734418      9.19913507               0
  473              25               0               0
  474      28.2916266      12.4486053               0
  475      25.6282222            5.75               0
  476      28.6247439      13.1154696               0
  477      27.0716084      10.1664003               0
  478      28.0605682      12.1611638               0
  479            26.2               8               0
  480              25             2.5               0
  481      26.6450746      9.35930805               0
  482      27.3373547      10.9805425               0
  483      27.1687998      10.6477632               0
  484      28.4810874      13.1154696               0
  485       28.277323      12.7820375               0
  486      27.6512579      11.8737223               0
  487      27.9283121      12.4486053               0
  488      27.3561444      11.3865334               0
  489      28.2981528      13.1154696               0
  490      26.0794778      8.42549954               0
  491      26.7700228      10.3793927               0
  492       26.365963      9.51948104               0
  493      26.9237271      10.8141529               0
  494              25               5               0
  495      28.1162583      13.1154696               0
  496      26.4734713              10               0
  497       25.999987       8.8307372               0
  498      26.3801032      9.89321801               0
  499      27.5685588      12.4486053               0
  500      26.0118326      9.19913507               0
  501      26.3629019      10.0832002               0
  502      27.6976537      12.7820375               0
  503      27.8885161      13.1154696               0
  504      26.2122086      9.78643602               0
  505      25.6047776      8.21274977               0
  506      27.1247345      11.8737223               0
  507      26.6809029      10.9805425               0
  508      26.9775934      11.6301278               0
  509      25.0333333             6.5               0
  510      28.0088356      13.4955822               0
  511      26.2527684      10.1664003               0
  512      27.1822228      12.1611638               0
  513            25.4               8               0
  514      26.3949056      10.6477632               0
  515      27.6623411      13.1154696               0
  516      26.7241646      11.3865334               0
  517      25.9111107      9.65295853               0
  518       26.112422      10.2728965               0
  519      27.1412889      12.4486053               0
  520      27.7374447      13.4955822               0
  521      25.3067515      8.42549954               0
  522      26.3875722      11.1835379               0
  523      27.3839905      13.1154696               0
  524      25.9727623      10.3793927               0
  525      26.6035705      11.8737223               0
  526      25.2074199      8.62811837               0
  527      25.5248876      9.51948104               0
  528      25.2287184       8.8307372               0
  529      27.0032654      12.7820375               0
  530      27.3932607      13.4955822               0
  531      25.2366615      9.01493613               0
  532      27.1078883      13.1154696               0
  533      25.7977449       10.513578               0
  534      26.7185471      12.4486053               0
  535      25.5368738              10               0
  536      25.9368726      10.9805425               0
  537      25.1833285      9.19913507               0
  538      26.0972928      11.3865334               0
  539      24.4384444            7.25               0
  540          23.452            1.25               0
  541      23.5333333             2.5               0
  542      25.2714699      9.78643602               0
  543      25.6237623      10.6477632               0
  544            24.6               8               0
  545      27.2486103      13.8756948               0
  546      23.6146667            3.75               0
  547      23.3333333               0               0
  548      26.7739586      13.1154696               0
  549      25.3363899      10.1664003               0
  550      26.9644694      13.4955822               0
  551      24.9735556      9.35930805               0
  552      23.7333333               5               0
  553      26.1676012      12.1611638               0
  554      27.1214008      13.8756948               0
  555      26.0050181      11.8737223               0
  556              24             6.5               0
  557       24.534407      8.42549954               0
  558      26.2250895      12.4486053               0
  559      25.4094145      10.8141529               0
  560      26.9946273      13.8756948               0
  561      25.7527566      11.6301278               0
  562        26.44308      13.1154696               0
  563      25.0813706      10.3793927               0
  564      26.8329816      13.8756948               0
  565       24.457566       8.8307372               0
  566      26.1866812      12.7820375               0
  567      25.3879092      11.3865334               0
  568      25.1965512      10.9805425               0
  569      24.5974349      9.51948104               0
  570      26.6720227      13.8756948               0
  571      26.4398805      13.4955822               0
  572      24.0276881      8.21274977               0
  573      23.3717778            5.75               0
  574      24.3547705      9.19913507               0
  575      25.7369432      12.4486053               0
  576      24.6002763              10               0
  577         25.4121      11.8737223               0
  578      26.0498249      13.1154696               0
  579      26.4701683      13.8756948               0
  580      24.4990086      9.89321801               0
  581      24.7624895      10.6477632               0
  582            23.8               8               0
  583      24.5103286      10.0832002               0
  584      24.9387824      11.1835379               0
  585       24.330824      9.78643602               0
  586      26.2693486      13.8756948               0
  587      24.4204921      10.1664003               0
  588      23.7511902      8.42549954               0
  589       26.397158       14.301421               0
  590      25.6604495      13.1154696               0
  591      24.3056605      10.2728965               0
  592      24.0386785      9.65295853               0
  593      25.8097189      13.4955822               0
  594      26.0217229      13.8756948               0
  595      23.6537908      8.62811837               0
  596      24.6830281      11.3865334               0
  597      25.1766379      12.4486053               0
  598      25.0147329      12.1611638               0
  599      23.6483311       8.8307372               0
  600       26.163394       14.301421               0
  601      22.9666667             6.5               0
  602      24.1910038      10.3793927               0
  603      25.2433244      12.7820375               0
  604      24.3706374      10.9805425               0
  605      23.5988107      9.01493613               0
  606      24.7419646      11.8737223               0
  607      25.7755816      13.8756948               0
  608      22.4666667               5               0
  609      23.6700994      9.51948104               0
  610      24.0467796       10.513578               0
  611      22.0666667             2.5               0
  612      25.2055941      13.1154696               0
  613      25.8657762       14.301421               0
  614      23.4609347      9.19913507               0
  615      24.3786313      11.6301278               0
  616              23               8               0
  617      25.4772138      13.8756948               0
  618      23.9028191      10.6477632               0
  619       23.570019              10               0
  620      24.6219165      12.4486053               0
  621      22.9682457      8.42549954               0
  622      21.6666667               0               0
  623      25.0663366      13.4955822               0
  624       25.493221       14.301421               0
  625      22.5615556            7.25               0
  626      23.7246624      10.8141529               0
  627      25.1808604      13.8756948               0
  628      23.1489116      9.35930805               0
  629      23.2992487      9.78643602               0
  630      24.7552894      13.1154696               0
  631      23.4132101      10.1664003               0
  632      23.8975023      11.3865334               0
  633      24.0767958      11.8737223               0
  634      25.5457057      14.7271471               0
  635      22.8391426       8.8307372               0
  636       25.439118      14.7271471               0
  637       23.546884      10.9805425               0
  638      23.2120388      10.3793927               0
  639      25.3326415      14.7271471               0
  640      24.8277447      13.8756948               0
  641      22.4461529      8.21274977               0
  642      25.0348131       14.301421               0
  643      21.9333333             6.5               0
  644      24.1713426      12.7820375               0
  645      23.9952736      12.4486053               0
  646      25.1965106      14.7271471               0
  647      24.2380291      13.1154696               0
  648      23.3304849      11.1835379               0
  649            22.2               8               0
  650       22.567158      9.19913507               0
  651      22.6624156      9.51948104               0
  652      23.7236721      12.1611638               0
  653      25.0605547      14.7271471               0
  654      24.4771903      13.8756948               0
  655      22.9578669      10.6477632               0
  656      22.1741614      8.42549954               0
  657      24.8894934      14.7271471               0
  658      24.2046689      13.4955822               0
  659      23.3361537      11.8737223               0
  660      23.1145991      11.3865334               0
  661      22.5397617              10               0
  662            21.2               5               0
  663      22.0538054      8.62811837               0
  664      24.4804798       14.301421               0
  665      24.7186958      14.7271471               0
  666       22.432095      9.89321801               0
  667      22.4728967      10.0832002               0
  668       23.725553      13.1154696               0
  669      21.9926663       8.8307372               0
  670      23.3735528      12.4486053               0
  671          20.846            3.75               0
  672      22.4057653      10.1664003               0
  673      22.2679975      9.78643602               0
  674      24.0665783      13.8756948               0
  675      24.5072612      14.7271471               0
  676          21.113            5.75               0
  677      22.6416792      10.9805425               0
  678            20.6             2.5               0
  679      22.3194558      10.2728965               0
  680      22.8561755      11.6301278               0
  681      21.8583134      9.01493613               0
  682      24.6091082      15.1954459               0
  683      21.9937975      9.65295853               0
  684       24.296205      14.7271471               0
  685      22.2327268      10.3793927               0
  686          20.354            1.25               0
  687            21.4               8               0
  688      24.4190192      15.1954459               0
  689      23.6589707      13.8756948               0
  690      22.1228655       10.513578               0
  691            20.9             6.5               0
  692      23.8216935       14.301421               0
  693      21.3801857      8.42549954               0
  694      21.6125918      9.19913507               0
  695      24.0392067      14.7271471               0
  696      22.5984046      11.8737223               0
  697      23.1462478      13.1154696               0
  698       22.970777      12.7820375               0
  699      21.6551414      9.51948104               0
  700      22.0123722      10.6477632               0
  701      24.1752494      15.1954459               0
  702      23.2222703      13.4955822               0
  703      22.2545273      11.3865334               0
  704              20               0               0
  705      22.6815336      12.4486053               0
  706      23.7827219      14.7271471               0
  707       21.874511      10.8141529               0
  708      21.1461392       8.8307372               0
  709      23.1895085      13.8756948               0
  710          20.687            7.25               0
  711      23.8674034      15.1954459               0
  712      22.2950102      12.1611638               0
  713      21.4270839              10               0
  714      20.8597229      8.21274977               0
  715      21.1822242      9.35930805               0
  716      21.7357431      10.9805425               0
  717      23.4755793      14.7271471               0
  718      22.5711599      13.1154696               0
  719      21.3170926      10.1664003               0
  720      21.1570394      9.78643602               0
  721            20.6               8               0
  722      19.9333333               5               0
  723      23.0520967       14.301421               0
  724      21.5652706      11.1835379               0
  725      23.4846599      15.1954459               0
  726      22.7232049      13.8756948               0
  727      23.1690895      14.7271471               0
  728      20.5751478      8.42549954               0
  729      21.7881177      11.8737223               0
  730      23.6725107      15.6637447               0
  731      21.1737213      10.3793927               0
  732      21.9923815      12.4486053               0
  733      23.5890056      15.6637447               0
  734      20.6582321      9.19913507               0
  735      23.5052342      15.6637447               0
  736      21.3935676      11.3865334               0
  737      20.4079097      8.62811837               0
  738      19.8666667             6.5               0
  739      23.3976254      15.6637447               0
  740      20.9891299      10.6477632               0
  741      22.8082068      14.7271471               0
  742      20.5775537      9.51948104               0
  743      23.2895971      15.6637447               0
  744      19.1333333             2.5               0
  745      23.0163098      15.1954459               0
  746       22.118843      13.4955822               0
  747      21.9307526      13.1154696               0
  748      20.2646929       8.8307372               0
  749      21.1859919      11.6301278               0
  750      22.1948655      13.8756948               0
  751      23.1528989      15.6637447               0
  752      21.6421891      12.7820375               0
  753      23.0155685      15.6637447               0
  754      20.7544898      10.9805425               0
  755      22.4480898      14.7271471               0
  756            19.8               8               0
  757      22.1679428       14.301421               0
  758      20.0220545      9.01493613               0
  759       20.314406              10               0
  760      21.2355403      12.4486053               0
  761      22.8444294      15.6637447               0
  762      20.9768515      11.8737223               0
  763      19.7699908      8.42549954               0
  764      20.2711488      10.0832002               0
  765      20.2023745      9.89321801               0
  766      22.4524624      15.1954459               0
  767      20.2272842      10.1664003               0
  768      22.6723835      15.6637447               0
  769      20.0466885      9.78643602               0
  770      21.6693105      13.8756948               0
  771      20.1702676      10.2728965               0
  772      21.2928018      13.1154696               0
  773      22.0312111      14.7271471               0
  774      20.1122941      10.3793927               0
  775      20.4602807      11.3865334               0
  776      18.3333333               0               0
  777      18.8472222            5.75               0
  778       22.461312      15.6637447               0
  779      20.7282077      12.1611638               0
  780      19.7986424      9.65295853               0
  781      19.6505758      9.19913507               0
  782      18.6666667               5               0
  783      20.0379187       10.513578               0
  784      22.6609853      16.1695073               0
  785      19.2679368      8.21274977               0
  786      18.8333333             6.5               0
  787      19.3830691       8.8307372               0
  788      22.2490099      15.6637447               0
  789      19.9621016      10.6477632               0
  790       22.517714      16.1695073               0
  791      19.5007335      9.51948104               0
  792      21.6151373      14.7271471               0
  793      18.8194444            7.25               0
  794      19.8661509      10.8141529               0
  795              19               8               0
  796      20.4777285      12.4486053               0
  797      22.3317442      16.1695073               0
  798      21.7849084      15.1954459               0
  799      21.0831258      13.8756948               0
  800      20.8953276      13.4955822               0
  801      21.9927152      15.6637447               0
  802      18.0833333            3.75               0
  803      19.7681321      10.9805425               0
  804      18.9542345      8.42549954               0
  805       20.096878      11.8737223               0
  806       21.168271       14.301421               0
  807      20.5921064      13.1154696               0
  808      22.0934787      16.1695073               0
  809      19.0917756      9.35930805               0
  810       21.734856      15.6637447               0
  811      19.6458678      11.1835379               0
  812      21.1416406      14.7271471               0
  813      17.6666667             2.5               0
  814      20.1851188      12.7820375               0
  815      19.1349675              10               0
  816      18.7182701      8.62811837               0
  817      21.7922828      16.1695073               0
  818       19.520797      11.3865334               0
  819      19.0703003      10.1664003               0
  820      21.4287238      15.6637447               0
  821       20.498563      13.8756948               0
  822      18.8722096      9.78643602               0
  823      18.6433064      9.19913507               0
  824      18.9833709      10.3793927               0
  825      21.0081017      15.1954459               0
  826       18.470546       8.8307372               0
  827      19.3672174      11.6301278               0
  828           17.25            1.25               0
  829            18.2               8               0
  830      19.6555199      12.4486053               0
  831      20.6688534      14.7271471               0
  832      21.4168755      16.1695073               0
  833      19.8905795      13.1154696               0
  834            17.8             6.5               0
  835      21.1207564      15.6637447               0
  836        21.64946        16.67527               0
  837      18.8674947      10.6477632               0
  838      21.5895628        16.67527               0
  839      18.1380625      8.42549954               0
  840            17.4               5               0
  841      21.5290581        16.67527               0
  842      19.2100692      11.8737223               0
  843      18.3675088      9.51948104               0
  844      21.4507422        16.67527               0
  845      21.3714696        16.67527               0
  846      18.1015844      9.01493613               0
  847      18.7145615      10.9805425               0
  848      20.7614602      15.6637447               0
  849      19.8562375      13.8756948               0
  850      20.0548077       14.301421               0
  851      21.2702571        16.67527               0
  852       20.956035      16.1695073               0
  853       19.020396      12.1611638               0
  854      20.1399529      14.7271471               0
  855      19.5528216      13.4955822               0
  856       21.167603        16.67527               0
  857      16.6666667               0               0
  858      17.6703164      8.21274977               0
  859      21.0383744        16.67527               0
  860      18.5151941      11.3865334               0
  861      20.4002345      15.6637447               0
  862      20.1201877      15.1954459               0
  863      20.9070776        16.67527               0
  864      19.1296987      13.1154696               0
  865       18.826537      12.4486053               0
  866            17.4               8               0
  867      17.9555289              10               0
  868      17.9336078      10.0832002               0
  869      17.5576903       8.8307372               0
  870      17.8417761      9.89321801               0
  871      17.9109034      10.1664003               0
  872      20.7442142        16.67527               0
  873      17.5931438      9.19913507               0
  874      17.8807199      10.2728965               0
  875      20.3997003      16.1695073               0
  876      17.6986629      9.78643602               0
  877      17.3121643      8.42549954               0
  878      19.6114657      14.7271471               0
  879      19.2133629      13.8756948               0
  880      17.8493026      10.3793927               0
  881      20.5785443        16.67527               0
  882      16.9635556            7.25               0
  883      19.9864541      15.6637447               0
  884      16.7666667             6.5               0
  885      17.8080029       10.513578               0
  886       18.259297      11.8737223               0
  887            16.2             2.5               0
  888      18.5969757      12.7820375               0
  889      17.4838307      9.65295853               0
  890      16.5697778            5.75               0
  891      17.7648441      10.6477632               0
  892      20.3762458        16.67527               0
  893      17.7088286      10.8141529               0
  894      20.5772432      17.2113784               0
  895      17.2354626      9.51948104               0
  896      16.9888691      8.62811837               0
  897       17.650146      10.9805425               0
  898      20.4792959      17.2113784               0
  899      20.1703787        16.67527               0
  900      19.5709729      15.6637447               0
  901      16.1333333               5               0
  902      18.3630137      13.1154696               0
  903      20.3497681      17.2113784               0
  904      18.8316805       14.301421               0
  905      19.0303066      14.7271471               0
  906      17.5750955      11.1835379               0
  907      19.7405062      16.1695073               0
  908            16.6               8               0
  909      19.9232173        16.67527               0
  910      17.9371565      12.4486053               0
  911      16.9028059      9.35930805               0
  912      18.5169247      13.8756948               0
  913      19.1239663      15.1954459               0
  914      20.1802177      17.2113784               0
  915      17.4964256      11.3865334               0
  916       16.619568       8.8307372               0
  917      16.4854873      8.42549954               0
  918      19.6718699        16.67527               0
  919      17.3975151      11.6301278               0
  920      19.9607286      17.2113784               0
  921      19.1041453      15.6637447               0
  922      18.0917737      13.4955822               0
  923      16.5435755      9.19913507               0
  924      16.7289129              10               0
  925      17.2940026      11.8737223               0
  926      16.7019423      10.1664003               0
  927      18.4490075      14.7271471               0
  928      19.6801631      17.2113784               0
  929      19.3756222        16.67527               0
  930      15.3306667            3.75               0
  931      15.7333333             6.5               0
  932      16.0663784      8.21274977               0
  933      16.6630726      10.3793927               0
  934      16.4804065      9.78643602               0
  935      18.9756872      16.1695073               0
  936              15               0               0
  937      17.5411953      13.1154696               0
  938      17.1663922      12.1611638               0
  939      17.8166545      13.8756948               0
  940      16.6074586      10.6477632               0
  941       18.636327      15.6637447               0
  942      16.1129856      9.01493613               0
  943            15.8               8               0
  944      19.0749738        16.67527               0
  945      19.3268282      17.2113784               0
  946      16.5288235      10.9805425               0
  947      17.0333836      12.4486053               0
  948      16.0643248      9.51948104               0
  949      19.5050263      17.7474868               0
  950      19.4664652      17.7474868               0
  951      19.4271208      17.7474868               0
  952      14.7333333             2.5               0
  953      15.6503746      8.42549954               0
  954      17.8206607      14.7271471               0
  955       19.375638      17.7474868               0
  956      18.0276435      15.1954459               0
  957      15.6809349       8.8307372               0
  958      18.7277112        16.67527               0
  959      19.3229214      17.7474868               0
  960      16.4195093      11.3865334               0
  961      14.8666667               5               0
  962      19.2547847      17.7474868               0
  963      17.5051257       14.301421               0
  964      16.8730522      12.7820375               0
  965      18.1213032      15.6637447               0
  966      18.8897111      17.2113784               0
  967      19.1847889      17.7474868               0
  968          15.124            7.25               0
  969      19.0954954      17.7474868               0
  970      19.0035349      17.7474868               0
  971      17.0683387      13.8756948               0
  972      15.4640829      9.19913507               0
  973      18.3765695        16.67527               0
  974      18.1091328      16.1695073               0
  975      16.2709067      11.8737223               0
  976      16.7070456      13.1154696               0
  977      18.8878853      17.7474868               0
  978      15.2254943      8.62811837               0
  979          14.136            1.25               0
  980            14.7             6.5               0
  981              15               8               0
  982      15.5022968              10               0
  983      18.7686163      17.7474868               0
  984      15.4960067      10.0832002               0
  985      17.1913374      14.7271471               0
  986      15.4890805      10.1664003               0
  987      17.6066148      15.6637447               0
  988      15.3900993      9.89321801               0
  989       15.479304      10.2728965               0
  990      18.3603771      17.2113784               0
  991       18.620987      17.7474868               0
  992      15.4685254      10.3793927               0
  993      15.2634316      9.78643602               0
  994      17.9798955        16.67527               0
  995      16.5119649      13.4955822               0
  996      15.4535528       10.513578               0
  997      16.0744417      12.4486053               0
  998      15.4370704      10.6477632               0
  999      14.8140659      8.42549954               0
 1000      18.4687555      17.7474868               0
 1001          14.276            5.75               0
 1002      15.0873835      9.65295853               0
 1003      15.4146032      10.8141529               0
 1004      15.3899701      10.9805425               0
 1005      18.2836568      17.7474868               0
 1006      14.7241139       8.8307372               0
 1007      14.8948072      9.51948104               0
 1008      15.3571099      11.1835379               0
 1009      16.3118815      13.8756948               0
 1010      17.5809619        16.67527               0
 1011      16.8452039      15.1954459               0
 1012      14.4556725      8.21274977               0
 1013      17.0520547      15.6637447               0
 1014      15.3213105      11.3865334               0
 1015      18.0931599      17.7474868               0
 1016      18.3899208      18.3050396               0
 1017      17.7354754      17.2113784               0
 1018      14.6466556      9.35930805               0
 1019       16.522718      14.7271471               0
 1020      18.3296701      18.3050396               0
 1021      15.8232353      13.1154696               0
 1022      17.1532072      16.1695073               0
 1023      15.2746915      11.6301278               0
 1024       18.248202      18.3050396               0
 1025      13.3333333               0               0
 1026            14.2               8               0
 1027      17.8661421      17.7474868               0
 1028            13.6               5               0
 1029      18.1389139      18.3050396               0
 1030      15.2243354      11.8737223               0
 1031      14.3854072      9.19913507               0
 1032      16.0834097       14.301421               0
 1033      13.2666667             2.5               0
 1034      17.1411687        16.67527               0
 1035      17.9937229      18.3050396               0
 1036      15.1604766      12.1611638               0
 1037      13.6666667             6.5               0
 1038      17.6334491      17.7474868               0
 1039      16.4998353      15.6637447               0
 1040      13.9710169      8.42549954               0
 1041      17.8032105      18.3050396               0
 1042      14.0763589      9.01493613               0
 1043      15.0922342      12.4486053               0
 1044      14.2511484              10               0
 1045      17.3623458      17.7474868               0
 1046      14.2472608      10.1664003               0
 1047       15.514408      13.8756948               0
 1048      15.8520239      14.7271471               0
 1049      17.0195643      17.2113784               0
 1050      14.2400638      10.3793927               0
 1051      16.7021403        16.67527               0
 1052      17.5571702      18.3050396               0
 1053       15.008167      12.7820375               0
 1054      14.0241188      9.78643602               0
 1055      13.7665907       8.8307372               0
 1056      14.2276042      10.6477632               0
 1057      17.0862399      17.7474868               0
 1058      13.3054444            7.25               0
 1059      14.2072123      10.9805425               0
 1060      14.9194911      13.1154696               0
 1061            13.4               8               0
 1062      15.9181657      15.6637447               0
 1063      13.7061138      9.51948104               0
 1064      17.2457286      18.3050396               0
 1065      16.1298099      16.1695073               0
 1066      13.4356117      8.62811837               0
 1067      14.1754991      11.3865334               0
 1068          12.592            3.75               0
 1069      15.5962533      15.1954459               0
 1070      16.2309624        16.67527               0
 1071      16.7726229      17.7474868               0
 1072      14.8136636      13.4955822               0
 1073      17.2748153      18.8625924               0
 1074      14.1285411      11.8737223               0
 1075      17.2518852      18.8625924               0
 1076      17.2283189      18.8625924               0
 1077       13.126324      8.42549954               0
 1078      15.1517603      14.7271471               0
 1079      17.1972431      18.8625924               0
 1080      13.2917516      9.19913507               0
 1081      16.8611493      18.3050396               0
 1082      17.1651654      18.8625924               0
 1083      17.1233557      18.8625924               0
 1084      16.2276924      17.2113784               0
 1085      14.7037737      13.8756948               0
 1086      12.6333333             6.5               0
 1087      17.0800362      18.8625924               0
 1088      16.4560918      17.7474868               0
 1089      17.0242911      18.8625924               0
 1090      12.3333333               5               0
 1091      14.0623441      12.4486053               0
 1092      15.3414692      15.6637447               0
 1093      16.9663801      18.8625924               0
 1094       12.837849      8.21274977               0
 1095      15.7651234        16.67527               0
 1096      16.8929208      18.8625924               0
 1097      16.8165223      18.8625924               0
 1098      14.5771414       14.301421               0
 1099      12.7991106       8.8307372               0
 1100            12.6               8               0
 1101      16.7211844      18.8625924               0
 1102      16.1066615      17.7474868               0
 1103      16.4002769      18.3050396               0
 1104            11.8             2.5               0
 1105              13              10               0
 1106      11.6666667               0               0
 1107      16.6221094      18.8625924               0
 1108      13.9736488      13.1154696               0
 1109              13      10.0832002               0
 1110              13      10.1664003               0
 1111              13      10.2728965               0
 1112       12.893218      9.89321801               0
 1113              13      10.3793927               0
 1114      16.5007623      18.8625924               0
 1115      12.8931688      10.0601283               0
 1116              13       10.513578               0
 1117      11.9612222            5.75               0
 1118       12.786436      9.78643602               0
 1119      14.4481427      14.7271471               0
 1120       15.070136      16.1695073               0
 1121      12.7864113      9.87050527               0
 1122              13      10.6477632               0
 1123       12.892966      10.2739606               0
 1124      15.2797342        16.67527               0
 1125      12.7863376      9.95462021               0
 1126              13      10.8141529               0
 1127      12.7861733      10.0623528               0
 1128      16.3750317      18.8625924               0
 1129      15.7582177      17.7474868               0
 1130      12.6529585      9.65295853               0
 1131      14.7482764      15.6637447               0
 1132      12.8924967      10.5436749               0
 1133      12.7859319      10.1701573               0
 1134              13      10.9805425               0
 1135      12.7855207      10.3060911               0
 1136      12.6528329      9.82329179               0
 1137      12.7849935      10.4421332               0
 1138      12.2769573      8.42549954               0
 1139              13      11.1835379               0
 1140      15.3869558      17.2113784               0
 1141      12.8916036       10.878537               0
 1142       12.519481      9.51948104               0
 1143      12.6523147      10.0415904               0
 1144      16.2242779      18.8625924               0
 1145      12.5194426      9.60601335               0
 1146      12.7841836      10.6109713               0
 1147      13.8610661      13.8756948               0
 1148              13      11.3865334               0
 1149      12.5193281      9.69257917               0
 1150      15.8673388      18.3050396               0
 1151      12.5190727      9.80343142               0
 1152      12.7832072      10.7799649               0
 1153      12.6511162      10.3170619               0
 1154      12.5186976      9.91433647               0
 1155              13      11.6301278               0
 1156      12.3593081      9.35930805               0
 1157      12.8900835      11.2876445               0
 1158      14.3052322      15.1954459               0
 1159      12.7818001      10.9863389               0
 1160      12.5180585      10.0541502               0
 1161      16.0689157      18.8625924               0
 1162      12.3591498      9.53594406               0
 1163       12.648835      10.6592519               0
 1164       12.517239      10.1940434               0
 1165              13      11.8737223               0
 1166      12.7801669       11.192924               0
 1167      12.3584972      9.76210098               0
 1168      12.5159803      10.3676179               0
 1169      15.3857319      17.7474868               0
 1170      12.1991351      9.19913507               0
 1171      12.1990939      9.28939907               0
 1172      12.8876985      11.7793235               0
 1173      12.5144628      10.5413065               0
 1174      12.7779257       11.441089               0
 1175      14.8056877        16.67527               0
 1176            11.6             6.5               0
 1177              13      12.1611638               0
 1178      12.1989715      9.37964291               0
 1179      12.3569878      10.0471546               0
 1180      12.6449522      11.0775608               0
 1181      12.1986983      9.49512614               0
 1182      15.8870657      18.8625924               0
 1183      12.5122758      10.7533546               0
 1184      12.1982969      9.61057761               0
 1185          11.008            1.25               0
 1186      12.7753971      11.6895225               0
 1187            11.8               8               0
 1188              13      12.4486053               0
 1189      12.0149361      9.01493613               0
 1190      12.1976133      9.75600233               0
 1191      16.1374076      19.4312962               0
 1192      12.3541147       10.400761               0
 1193      12.5097375      10.9655575               0
 1194        16.10024      19.4312962               0
 1195      12.1967366      9.90137918               0
 1196       12.014787      9.19974787               0
 1197       12.772072      11.9829929               0
 1198      14.1631227      15.6637447               0
 1199      12.6388606      11.5806217               0
 1200      16.0504444      19.4312962               0
 1201      12.8842049      12.3604134               0
 1202      12.1953901      10.0815821               0
 1203      12.5062541      11.2203938               0
 1204      12.0141718       9.4360086               0
 1205      15.7011532      18.8625924               0
 1206              13      12.7820375               0
 1207      13.7264107      14.7271471               0
 1208      11.5125556            7.25               0
 1209      12.1937667      10.2617164               0
 1210      15.9843108      19.4312962               0
 1211      11.8307372       8.8307372               0
 1212      12.3492246      10.8323541               0
 1213      11.8307033      8.92528063               0
 1214      12.7684098      12.2767782               0
 1215      12.5023241       11.475427               0
 1216      12.0127488      9.73324163               0
 1217      11.8306024      9.01974276               0
 1218      15.0201311      17.7474868               0
 1219      12.1914271      10.4813913               0
 1220      11.8303773      9.14053786               0
 1221       15.897363      19.4312962               0
 1222      15.2765354      18.3050396               0
 1223      11.0666667               5               0
 1224              13      13.1154696               0
 1225      11.8300466       9.2612049               0
 1226      12.1887117      10.7009729               0
 1227       12.629937      12.1755546               0
 1228      12.4971562      11.7766001               0
 1229      12.0100404      10.1011468               0
 1230      11.8294834      9.41306751               0
 1231      12.7637843      12.6179216               0
 1232      15.4893756      18.8625924               0
 1233      11.6281184      8.62811837               0
 1234      12.3415526      11.3505177               0
 1235      12.8794022      13.0354807               0
 1236      15.7844517      19.4312962               0
 1237      11.8287611      9.56473717               0
 1238      12.1849853      10.9643548               0
 1239      11.6280131       8.8211454               0
 1240      14.3276677        16.67527               0
 1241              13      13.4955822               0
 1242      11.8276517      9.75254823               0
 1243      12.4914643      12.0780041               0
 1244      14.5362053      17.2113784               0
 1245      11.6275791      9.06765905               0
 1246      12.7588045       12.959396               0
 1247      12.0054305      10.5490731               0
 1248      11.8263141      9.94008248               0
 1249      12.1807811      11.2276183               0
 1250      14.0127576      16.1695073               0
 1251      15.6400558      19.4312962               0
 1252      11.4254995      8.42549954               0
 1253      11.6265753      9.37740967               0
 1254      11.4254805      8.52371935               0
 1255      11.8243865      10.1685154               0
 1256              13      13.8756948               0
 1257      15.2752317      18.8625924               0
 1258      12.4842754      12.4278912               0
 1259       12.330314      11.9622559               0
 1260      11.4254238      8.62184253               0
 1261      12.6176701      12.8671351               0
 1262      12.1752526      11.5381284               0
 1263      11.4252974      8.74730178               0
 1264       14.643427      17.7474868               0
 1265      12.7527632      13.3490172               0
 1266      11.8221492      10.3965727               0
 1267      11.4251116      8.87260881               0
 1268      11.9981981      11.0853889               0
 1269      11.6246645      9.76025217               0
 1270      12.8732048      13.8060237               0
 1271      11.4247952      9.03028424               0
 1272      15.4588823      19.4312962               0
 1273      12.4765356      12.7780212               0
 1274      12.1691636      11.8484996               0
 1275       11.819079      10.6697737               0
 1276      11.2127498      8.21274977               0
 1277      13.5759543      15.6637447               0
 1278      11.4243895       9.1877303               0
 1279              13       14.301421               0
 1280      11.2127119      8.41145431               0
 1281      11.4237663      9.38265515               0
 1282      12.7464095      13.7389302               0
 1283      11.6214123      10.2255936               0
 1284      11.8156151      10.9424971               0
 1285      15.0386615      18.8625924               0
 1286      11.2125558      8.66541743               0
 1287      10.3333333             2.5               0
 1288      11.4230149      9.57725095               0
 1289      12.3148645       12.672209               0
 1290      12.1614731      12.2083746               0
 1291      11.9876035      11.7167928               0
 1292      12.4671461      13.1774189               0
 1293      13.8679836        16.67527               0
 1294      14.6536217      18.3050396               0
 1295       11.421932      9.81423124               0
 1296              11               8               0
 1297      12.6018403      13.6569416               0
 1298      11.2121947      8.98483271               0
 1299      11.8110601      11.2637435               0
 1300              13      14.7271471               0
 1301      15.2368141      19.4312962               0
 1302              11       8.0998402               0
 1303              11      8.19968039               0
 1304      12.7390199      14.1758882               0
 1305      11.4206753       10.050765               0
 1306      11.6163099      10.7817548               0
 1307      12.1531934      12.5681035               0
 1308              11      8.32747584               0
 1309      14.2813505      17.7474868               0
 1310              11      8.45527129               0
 1311      11.2115074      9.38006498               0
 1312      11.8060433      11.5844296               0
 1313      12.4572711      13.5770307               0
 1314      12.8657242      14.6697532               0
 1315      14.8028922      18.8625924               0
 1316              11      8.61629356               0
 1317      11.4189506      10.3340495               0
 1318      10.5666667             6.5               0
 1319              11      8.77731583               0
 1320              13      15.1954459               0
 1321              10               0               0
 1322      11.9730393      12.4476222               0
 1323      11.4170047      10.6167663               0
 1324      12.1431488      12.9780443               0
 1325              11      8.97698344               0
 1326      11.2103376      9.86108287               0
 1327      11.7997069      11.9557985               0
 1328      12.7314484      14.6130162               0
 1329       12.294928        13.48188               0
 1330      14.9721863      19.4312962               0
 1331      11.6088355      11.4353005               0
 1332              11      9.17665105               0
 1333      12.4457861      14.0247832               0
 1334       11.414446      10.9496977               0
 1335              11      9.42024554               0
 1336      12.5827333      14.5425735               0
 1337      11.7928851      12.3265783               0
 1338      13.7233201      17.2113784               0
 1339      14.5513746      18.8625924               0
 1340      12.1325848      13.3878562               0
 1341      11.2085024      10.4367864               0
 1342              13      15.6637447               0
 1343              11      9.66384003               0
 1344      13.4212032        16.67527               0
 1345      11.4116278      11.2819632               0
 1346        13.92412      17.7474868               0
 1347      12.7230419      15.0939296               0
 1348              11      9.95615341               0
 1349      12.4340183      14.4726604               0
 1350      11.7846092       12.748662               0
 1351      11.5985607       12.190406               0
 1352      12.8573485      15.6200524               0
 1353      11.9542451       13.279227               0
 1354      9.87133333            3.75               0
 1355              15              20               0
 1356      11.4080684      11.6666458               0
 1357      14.6672405      19.4312962               0
 1358              11      10.2484668               0
 1359        14.98336              20               0
 1360      12.1202985      13.8467329               0
 1361      14.9667199              20               0
 1362      14.0356305      18.3050396               0
 1363      11.2058139      11.1142774               0
 1364      14.9454207              20               0
 1365      14.3054481      18.8625924               0
 1366      14.9241215              20               0
 1367              13      16.1695073               0
 1368      12.2708639      14.3889539               0
 1369      14.8972844              20               0
 1370      12.7146969      15.5747856               0
 1371              11      10.5933966               0
 1372      14.8704474              20               0
 1373      11.7759054      13.1702264               0
 1374      11.4042362      12.0506282               0
 1375      12.4209527      14.9653786               0
 1376      14.8371694              20               0
 1377      14.8038915              20               0
 1378      12.1077096      14.3055345               0
 1379      13.5905352      17.7474868               0
 1380              11      10.9383264               0
 1381             9.8               5               0
 1382      14.7632924              20               0
 1383      12.5613399      15.5170547               0
 1384      14.7226933              20               0
 1385      11.3995873      12.4876485               0
 1386      11.5853016      13.0483292               0
 1387      11.2021181      11.8981366               0
 1388              13        16.67527               0
 1389      14.6739744              20               0
 1390      14.0535629      18.8625924               0
 1391      11.7657825      13.6419242               0
 1392              11      11.3384449               0
 1393      12.7059238      16.0938863               0
 1394      14.3294646      19.4312962               0
 1395        11.93156      14.2094743               0
 1396      14.6252555              20               0
 1397      12.4079829      15.4580547               0
 1398      14.5677672              20               0
 1399      12.0937325      14.8101842               0
 1400      12.8487903      16.6457233               0
 1401      11.3946979      12.9240516               0
 1402              11      11.7385635               0
 1403      14.5102789              20               0
 1404      11.7554103      14.1133195               0
 1405      12.2439203      15.3868011               0
 1406      13.2787754      17.7474868               0
 1407      9.62077778            5.75               0
 1408      14.4435925              20               0
 1409              13      17.2113784               0
 1410      13.8135563      18.8625924               0
 1411      12.6975807      16.6125854               0
 1412      14.3769061              20               0
 1413       11.197349      12.7897804               0
 1414      13.4681352      18.3050396               0
 1415              11      12.1946987               0
 1416      12.3943475      15.9899808               0
 1417      11.3890114      13.4122829               0
 1418      12.0798578      15.3148593               0
 1419            9.75            7.25               0
 1420      11.5692976      14.0070404               0
 1421      14.3008836              20               0
 1422      13.9724084      19.4312962               0
 1423            9.75      7.45771144               0
 1424      11.7438943      14.6317251               0
 1425      12.5394806      16.5685462               0
 1426            9.75      7.72423909               0
 1427      9.53333333             6.5               0
 1428       14.224861              20               0
 1429              11      12.6508338               0
 1430      13.5796458      18.8625924               0
 1431      11.9061603      15.2324327               0
 1432              13      17.7474868               0
 1433      11.3831849      13.9001547               0
 1434            9.75      8.06106719               0
 1435      14.1397158              20               0
 1436      12.6894134      17.1617745               0
 1437      12.3813805      16.5216123               0
 1438      12.0652711      15.8600071               0
 1439            9.75      8.48019603               0
 1440      14.0545706              20               0
 1441      11.7324627       15.150233               0
 1442              11      13.1617052               0
 1443      12.8410798      17.7311142               0
 1444      11.1915924      13.7869614               0
 1445      13.3649373      18.8625924               0
 1446      8.86666667             2.5               0
 1447      12.2163899      16.4642572               0
 1448      13.9609108              20               0
 1449      11.3767158      14.4366599               0
 1450            9.75      8.99355527               0
 1451      13.6155373      19.4312962               0
 1452              13      18.3050396               0
 1453      11.5513784      15.0610329               0
 1454      13.8672511              20               0
 1455      12.6821596      17.7101103               0
 1456              11      13.6725766               0
 1457      12.3686868      17.0846782               0
 1458      12.0513993      16.4053322               0
 1459      11.7204446      15.7106194               0
 1460      13.1690759      18.8625924               0
 1461            9.75      9.61221989               0
 1462      13.7660985              20               0
 1463      11.3702941      14.9732868               0
 1464      12.5197862      17.6804808               0
 1465      11.8802074      16.3382676               0
 1466       13.664946              20               0
 1467              11      14.2345351               0
 1468              13      18.8625924               0
 1469      13.2828166      19.4312962               0
 1470            9.75      10.3454351               0
 1471      12.6758228      18.2792519               0
 1472      13.5577243              20               0
 1473      11.1851471      14.8834622               0
 1474      12.3574128      17.6471183               0
 1475        12.03782      16.9836557               0
 1476      11.7090154      16.2717204               0
 1477      11.3635429      15.5533169               0
 1478      13.4505026              20               0
 1479      8.33333333               0               0
 1480      12.8354813      18.8566837               0
 1481      12.1915861      17.6057493               0
 1482              11      14.7964936               0
 1483       11.533069      16.2013001               0
 1484      13.3389921              20               0
 1485      8.53333333               5               0
 1486            9.75      11.1994872               0
 1487              13      19.4312962               0
 1488      12.6709625      18.8470141               0
 1489      12.3475639      18.2312289               0
 1490      12.0257595      17.5623558               0
 1491      11.6978272      16.8676117               0
 1492      13.2274815              20               0
 1493      11.3571226      16.1341963               0
 1494              11      15.4034088               0
 1495      12.5054863      18.8321868               0
 1496      13.1137408              20               0
 1497      11.8568249      17.5133549               0
 1498             8.5             6.5               0
 1499      11.1785613      16.0690032               0
 1500             8.5      6.61232022               0
 1501             8.5      6.72464044               0
 1502            9.75      12.1764998               0
 1503              13              20               0
 1504             8.5      6.86841032               0
 1505      12.6677847      19.4244692               0
 1506             8.5       7.0121802               0
 1507      12.3400101      18.8143279               0
 1508      12.0152234      18.1647016               0
 1509      11.6878903      17.4650212               0
 1510             8.5      7.19333026               0
 1511      11.3508377       16.751265               0
 1512             8.5      7.37448031               0
 1513           7.862            1.25               0
 1514              11       16.010324               0
 1515             8.5      7.59910637               0
 1516      12.8333333              20               0
 1517             8.5      7.82373243               0
 1518      12.1735763       18.791814               0
 1519       11.516573      17.4154413               0
 1520             8.5      8.09777623               0
 1521             8.5      8.37182003               0
 1522      12.6666667              20               0
 1523       12.335071      19.4078696               0
 1524      11.6792095      18.0883331               0
 1525      12.0071426      18.7676561               0
 1526      11.3452557      17.3701384               0
 1527            9.75       13.273287               0
 1528             8.5      8.70067259               0
 1529              11      16.6536541               0
 1530             8.5      9.02952514               0
 1531            12.5              20               0
 1532      11.8398471      18.7406067               0
 1533      11.1726278      17.3293612               0
 1534             8.5      9.41757116               0
 1535             8.5      9.80561718               0
 1536      12.3333333              20               0
 1537      11.3403792      18.0161514               0
 1538      11.6725515       18.714099               0
 1539      12.0018589      19.3834034               0
 1540              11      17.2969842               0
 1541             7.4             2.5               0
 1542             8.5      10.2557506               0
 1543            9.75      14.4804439               0
 1544      11.5045953      18.6878537               0
 1545      12.1666667              20               0
 1546             8.5      10.7058839               0
 1547      11.3366391      18.6650816               0
 1548              11      17.9660475               0
 1549      11.6681982      19.3553379               0
 1550              12              20               0
 1551             8.5       11.219036               0
 1552      7.17266667            3.75               0
 1553      7.26666667               5               0
 1554      11.1683196      18.6466854               0
 1555      11.8333333              20               0
 1556             8.5       11.732188               0
 1557            7.25            5.75               0
 1558            7.25      5.99156944               0
 1559            7.25      6.30012132               0
 1560              11      18.6351108               0
 1561      11.3341937      19.3305061               0
 1562            9.75       15.781883               0
 1563      11.6666667              20               0
 1564            7.25      6.68789342               0
 1565             8.5      12.3069183               0
 1566      6.66666667               0               0
 1567            7.25      7.16726883               0
 1568            11.5              20               0
 1569            7.25      7.75008479               0
 1570             8.5      12.8816486               0
 1571              11      19.3175554               0
 1572      11.3333333              20               0
 1573            7.25       8.4468304               0
 1574             8.5       13.513852               0
 1575      11.1666667              20               0
 1576            7.25      9.26579923               0
 1577            9.75      17.1550161               0
 1578              11              20               0
 1579             8.5      14.1460553               0
 1580            7.25      10.2122807               0
 1581             8.5      14.8288349               0
 1582      5.93333333             2.5               0
 1583            7.25      11.2878763               0
 1584               6               5               0
 1585               6      5.12480024               0
 1586             8.5      15.5116145               0
 1587               6      5.24960049               0
 1588            9.75       18.571707               0
 1589               6       5.4093448               0
 1590               6      5.56908912               0
 1591               6      5.77036695               0
 1592               6      5.97164479               0
 1593               6       6.2212293               0
 1594               6      6.47081382               0
 1595               6      6.77530692               0
 1596            7.25      12.4900102               0
 1597             8.5      16.2353609               0
 1598               6      7.07980003               0
 1599               6      7.44519176               0
 1600               6      7.81058349               0
 1601               6      8.24174574               0
 1602             8.5      16.9591072               0
 1603               6      8.67290798               0
 1604            7.25      13.8116667               0
 1605            9.75              20               0
 1606               6      9.17305618               0
 1607               5               0               0
 1608               6      9.67320438               0
 1609             8.5      17.7118035               0
 1610               6      10.2433733               0
 1611               6      10.8135423               0
 1612           4.694            1.25               0
 1613            7.25       15.241346               0
 1614             8.5      18.4644997               0
 1615               6      11.4521315               0
 1616      4.46666667             2.5               0
 1617               6      12.0907207               0
 1618             4.5            3.75               0
 1619             4.5      4.01298557               0
 1620             4.5      4.35070212               0
 1621             8.5      19.2322498               0
 1622             4.5      4.77789706               0
 1623             4.5      5.31005545               0
 1624               6      12.7931689               0
 1625             4.5      5.96265878               0
 1626            7.25      16.7631984               0
 1627             4.5      6.75017199               0
 1628               6       13.495617               0
 1629             8.5              20               0
 1630             4.5      7.68475589               0
 1631               6       14.254261               0
 1632             4.5      8.77474392               0
 1633               6       15.012905               0
 1634            7.25      18.3572924               0
 1635             4.5      10.0229856               0
 1636      3.33333333               0               0
 1637               6      15.8170676               0
 1638             4.5      11.4252382               0
 1639               6      16.6212303               0
 1640               3             2.5               0
 1641               3      2.64560029               0
 1642               3      2.79120057               0
 1643               3      2.97756894               0
 1644               3       3.1639373               0
 1645               3      3.39876144               0
 1646               3      3.63358558               0
 1647               3      3.92476752               0
 1648               3      4.21594945               0
 1649            7.25              20               0
 1650               3      4.57119141               0
 1651               3      4.92643337               0
 1652               3      5.35272372               0
 1653             4.5      12.9688675               0
 1654               6      17.4575594               0
 1655               3      5.77901408               0
 1656               3      6.28203669               0
 1657               3      6.78505931               0
 1658               3      7.36856554               0
 1659               6      18.2938886               0
 1660               3      7.95207177               0
 1661               3      8.61726888               0
 1662             4.5      14.6321701               0
 1663               3      9.28246599               0
 1664               6      19.1469443               0
 1665               3      10.0274867               0
 1666               3      10.7725075               0
 1667               6              20               0
 1668      1.66666667               0               0
 1669             4.5      16.3846167               0
 1670               3      11.5920303               0
 1671             1.5            1.25               0
 1672             1.5      1.56941557               0
 1673             1.5      1.97717249               0
 1674             1.5      2.48927411               0
 1675             1.5      3.12184345               0
 1676               3      12.4115532               0
 1677             1.5      3.89020797               0
 1678             1.5      4.80785616               0
 1679               3      13.2966378               0
 1680             1.5      5.88536272               0
 1681             4.5      18.1882155               0
 1682             1.5      7.12939963               0
 1683               3      14.1817225               0
 1684             1.5      8.54194638               0
 1685               3      15.1199122               0
 1686             1.5      10.1197768               0
 1687               3       16.058102               0
 1688             4.5              20               0
 1689             1.5      11.8542389               0
 1690               3      17.0338193               0
 1691               0               0               0
 1692  9.98401958e-18     0.166400326               0
 1693  1.99680392e-17     0.332800653               0
 1694  3.27475842e-17     0.545793071               0
 1695  4.55271293e-17     0.758785488               0
 1696  6.16293561e-17      1.02715593               0
 1697  7.77315829e-17      1.29552638               0
 1698  9.76983441e-17      1.62830573               0
 1699  1.17665105e-16      1.96108509               0
 1700  1.42024554e-16       2.3670759               0
 1701  1.66384003e-16      2.77306671               0
 1702  1.95615341e-16      3.26025568               0
 1703  2.24846679e-16      3.74744466               0
 1704  2.59339659e-16      4.32232765               0
 1705  2.93832638e-16      4.89721064               0
 1706  3.33844494e-16       5.5640749               0
 1707               3      18.0095366               0
 1708   3.7385635e-16      6.23093917               0
 1709             1.5      13.7312749               0
 1710  4.19469866e-16      6.99116443               0
 1711  4.65083382e-16       7.7513897               0
 1712               3      19.0047683               0
 1713   5.1617052e-16      8.60284199               0
 1714  5.67257657e-16      9.45429429               0
 1715             1.5      15.7315873               0
 1716  6.23453509e-16      10.3908918               0
 1717               3              20               0
 1718  6.79649361e-16      11.3274893               0
 1719   7.4034088e-16      12.3390147               0
 1720             1.5      17.8308578               0
 1721    8.010324e-16        13.35054               0
 1722  8.65365411e-16      14.4227568               0
 1723  9.29698422e-16      15.4949737               0
 1724             1.5              20               0
 1725  9.96604753e-16      16.6100792               0
 1726  1.06351108e-15      17.7251847               0
 1727  1.13175554e-15      18.8625924               0
 1728         1.2e-15              20               0
