1 267 273 297 289 270 285 293 279
2 242 248 273 267 245 260 270 254
3 218 222 248 242 220 235 245 231
4 195 194 222 218 196 209 220 208
5 176 173 194 195 175 186 196 187
6 154 147 173 176 151 158 175 160
7 134 122 147 154 125 137 151 145
8 119 104 122 134 108 114 125 123
9 106 85 104 119 98 95 108 109
10 101 78 85 106 93 79 98 103
11 273 280 305 297 275 292 302 285
12 248 252 280 273 249 266 275 260
13 222 225 252 248 223 239 249 235
14 194 191 225 222 192 211 223 209
15 173 169 191 194 171 183 192 186
16 147 144 169 173 146 155 171 158
17 122 115 144 147 120 124 146 137
18 104 89 115 122 97 100 120 114
19 85 70 89 104 75 74 97 95
20 78 66 70 85 72 67 75 79
21 280 286 312 305 282 300 310 292
22 252 257 286 280 255 272 282 266
23 225 228 257 252 227 241 255 239
24 191 197 228 225 193 212 227 211
25 169 165 197 191 167 181 193 183
26 144 139 165 169 142 152 167 155
27 115 105 139 144 107 121 142 124
28 89 73 105 115 77 91 107 100
29 70 56 73 89 62 64 77 74
30 66 51 56 70 57 52 62 67
31 286 295 318 312 290 308 316 300
32 257 261 295 286 259 277 290 272
33 228 230 261 257 229 246 259 241
34 197 199 230 228 198 214 229 212
35 165 161 199 197 163 182 198 181
36 139 132 161 165 135 149 163 152
37 105 99 132 139 102 117 135 121
38 73 65 99 105 69 76 102 91
39 56 46 65 73 50 54 69 64
40 51 35 46 56 44 37 50 52
41 295 301 324 318 296 313 321 308
42 261 268 301 295 264 283 296 277
43 230 234 268 261 233 251 264 246
44 199 202 234 230 201 216 233 214
45 161 164 202 199 162 185 201 182
46 132 128 164 161 130 148 162 149
47 99 94 128 132 96 112 130 117
48 65 55 94 99 58 71 96 76
49 46 33 55 65 36 43 58 54
50 35 27 33 46 32 29 36 37
51 301 309 328 324 304 319 327 313
52 268 274 309 301 271 291 304 283
53 234 238 274 268 236 256 271 251
54 202 204 238 234 203 219 236 216
55 164 168 204 202 166 188 203 185
56 128 127 168 164 126 150 166 148
57 94 88 127 128 92 110 126 112
58 55 49 88 94 53 68 92 71
59 33 26 49 55 30 34 53 43
60 27 19 26 33 22 21 30 29
61 309 314 333 328 311 325 331 319
62 274 281 314 309 276 299 311 291
63 238 243 281 274 240 263 276 256
64 204 207 243 238 206 226 240 219
65 168 172 207 204 170 189 206 188
66 127 131 172 168 129 153 170 150
67 88 81 131 127 84 111 129 110
68 49 47 81 88 48 63 84 68
69 26 20 47 49 23 31 48 34
70 19 10 20 26 16 14 23 21
71 314 320 336 333 317 330 335 325
72 281 288 320 314 284 306 317 299
73 243 250 288 281 247 269 284 263
74 207 213 250 243 210 232 247 226
75 172 177 213 207 174 190 210 189
76 131 136 177 172 133 156 174 153
77 81 82 136 131 80 113 133 111
78 47 42 82 81 45 61 80 63
79 20 17 42 47 18 28 45 31
80 10 7 17 20 8 9 18 14
81 320 326 339 336 323 334 338 330
82 288 298 326 320 294 315 323 306
83 250 258 298 288 253 278 294 269
84 213 217 258 250 215 237 253 232
85 177 179 217 213 178 200 215 190
86 136 140 179 177 138 157 178 156
87 82 86 140 136 83 116 138 113
88 42 40 86 82 41 60 83 61
89 17 13 40 42 15 25 41 28
90 7 3 13 17 4 6 15 9
91 326 332 341 339 329 337 340 334
92 298 307 332 326 303 322 329 315
93 258 265 307 298 262 287 303 278
94 217 224 265 258 221 244 262 237
95 179 184 224 217 180 205 221 200
96 140 143 184 179 141 159 180 157
97 86 90 143 140 87 118 141 116
98 40 38 90 86 39 59 87 60
99 13 11 38 40 12 24 39 25
100 3 1 11 13 2 5 12 6
