1 2728 2730 2797 2795 2729 2768 2796 2766
2 2637 2641 2730 2728 2639 2693 2729 2692
3 2730 2733 2799 2797 2732 2769 2798 2768
4 2641 2645 2733 2730 2644 2695 2732 2693
5 2733 2735 2801 2799 2734 2770 2800 2769
6 2645 2649 2735 2733 2648 2697 2734 2695
7 2735 2738 2804 2801 2737 2772 2803 2770
8 2649 2653 2738 2735 2650 2700 2737 2697
9 2738 2740 2806 2804 2739 2774 2805 2772
10 2653 2658 2740 2738 2656 2703 2739 2700
11 2740 2743 2808 2806 2741 2776 2807 2774
12 2658 2663 2743 2740 2660 2706 2741 2703
13 2743 2746 2811 2808 2744 2777 2810 2776
14 2663 2666 2746 2743 2665 2709 2744 2706
15 2746 2749 2813 2811 2747 2780 2812 2777
16 2666 2670 2749 2746 2669 2712 2747 2709
17 2749 2751 2816 2813 2750 2782 2814 2780
18 2670 2676 2751 2749 2672 2714 2750 2712
19 2751 2754 2818 2816 2753 2785 2817 2782
20 2676 2681 2754 2751 2677 2717 2753 2714
21 2754 2757 2821 2818 2755 2787 2820 2785
22 2681 2685 2757 2754 2683 2720 2755 2717
23 2757 2759 2824 2821 2758 2789 2822 2787
24 2685 2689 2759 2757 2687 2723 2758 2720
25 2759 2763 2826 2824 2761 2792 2825 2789
26 2689 2694 2763 2759 2691 2727 2761 2723
27 2763 2767 2829 2826 2764 2794 2828 2792
28 2694 2701 2767 2763 2696 2736 2764 2727
29 2767 2773 2831 2829 2771 2802 2830 2794
30 2701 2707 2773 2767 2704 2742 2771 2736
31 2773 2778 2833 2831 2775 2809 2832 2802
32 2707 2711 2778 2773 2708 2748 2775 2742
33 2778 2781 2835 2833 2779 2815 2834 2809
34 2711 2716 2781 2778 2713 2752 2779 2748
35 2781 2786 2837 2835 2784 2819 2836 2815
36 2716 2719 2786 2781 2718 2756 2784 2752
37 2786 2790 2839 2837 2788 2823 2838 2819
38 2719 2724 2790 2786 2722 2760 2788 2756
39 2790 2793 2841 2839 2791 2827 2840 2823
40 2724 2731 2793 2790 2725 2765 2791 2760
41 2684 2678 2608 2619 2682 2643 2613 2652
42 2731 2724 2678 2684 2725 2705 2682 2710
43 2678 2671 2593 2608 2674 2635 2602 2643
44 2724 2719 2671 2678 2722 2698 2674 2705
45 2671 2664 2581 2593 2668 2627 2588 2635
46 2719 2716 2664 2671 2718 2690 2668 2698
47 2664 2657 2564 2581 2661 2621 2574 2627
48 2716 2711 2657 2664 2713 2686 2661 2690
49 2657 2646 2546 2564 2651 2615 2557 2621
50 2711 2707 2646 2657 2708 2680 2651 2686
51 2646 2636 2524 2546 2642 2603 2537 2615
52 2707 2701 2636 2646 2704 2673 2642 2680
53 2636 2631 2499 2524 2634 2590 2510 2603
54 2701 2694 2631 2636 2696 2667 2634 2673
55 2631 2626 2479 2499 2629 2578 2489 2590
56 2694 2689 2626 2631 2691 2662 2629 2667
57 2626 2620 2455 2479 2623 2562 2467 2578
58 2689 2685 2620 2626 2687 2654 2623 2662
59 2620 2612 2428 2455 2617 2548 2442 2562
60 2685 2681 2612 2620 2683 2647 2617 2654
61 2612 2605 2396 2428 2610 2527 2414 2548
62 2681 2676 2605 2612 2677 2638 2610 2647
63 2605 2594 2358 2396 2598 2506 2377 2527
64 2676 2670 2594 2605 2672 2633 2598 2638
65 2594 2585 2318 2358 2589 2488 2337 2506
66 2670 2666 2585 2594 2669 2630 2589 2633
67 2585 2576 2276 2318 2580 2471 2298 2488
68 2666 2663 2576 2585 2665 2625 2580 2630
69 2576 2563 2234 2276 2571 2452 2256 2471
70 2663 2658 2563 2576 2660 2622 2571 2625
71 2563 2554 2193 2234 2559 2432 2217 2452
72 2658 2653 2554 2563 2656 2618 2559 2622
73 2554 2541 2145 2193 2549 2411 2169 2432
74 2653 2649 2541 2554 2650 2614 2549 2618
75 2541 2531 2108 2145 2538 2385 2125 2411
76 2649 2645 2531 2541 2648 2609 2538 2614
77 2531 2517 2062 2108 2523 2364 2083 2385
78 2645 2641 2517 2531 2644 2604 2523 2609
79 2517 2505 2026 2062 2511 2338 2046 2364
80 2641 2637 2505 2517 2639 2596 2511 2604
81 2608 2592 2606 2619 2601 2599 2611 2613
82 2593 2579 2592 2608 2587 2586 2601 2602
83 2581 2561 2579 2593 2573 2572 2587 2588
84 2564 2543 2561 2581 2555 2553 2573 2574
85 2546 2518 2543 2564 2535 2532 2555 2557
86 2524 2494 2518 2546 2507 2504 2535 2537
87 2499 2473 2494 2524 2486 2482 2507 2510
88 2479 2446 2473 2499 2464 2460 2486 2489
89 2455 2418 2446 2479 2437 2433 2464 2467
90 2428 2381 2418 2455 2407 2401 2437 2442
91 2396 2342 2381 2428 2368 2362 2407 2414
92 2358 2299 2342 2396 2328 2320 2368 2377
93 2318 2253 2299 2358 2287 2274 2328 2337
94 2276 2208 2253 2318 2244 2230 2287 2298
95 2234 2160 2208 2276 2199 2186 2244 2256
96 2193 2112 2160 2234 2154 2138 2199 2217
97 2145 2067 2112 2193 2109 2087 2154 2169
98 2108 2019 2067 2145 2061 2045 2109 2125
99 2062 1978 2019 2108 2020 2003 2061 2083
100 2026 1945 1978 2062 1985 1960 2020 2046
101 2592 2577 2591 2606 2584 2583 2597 2599
102 2579 2560 2577 2592 2570 2569 2584 2586
103 2561 2539 2560 2579 2552 2551 2570 2572
104 2543 2513 2539 2561 2529 2526 2552 2553
105 2518 2490 2513 2543 2502 2500 2529 2532
106 2494 2466 2490 2518 2480 2478 2502 2504
107 2473 2439 2466 2494 2457 2453 2480 2482
108 2446 2408 2439 2473 2429 2424 2457 2460
109 2418 2367 2408 2446 2394 2390 2429 2433
110 2381 2324 2367 2418 2354 2348 2394 2401
111 2342 2278 2324 2381 2312 2304 2354 2362
112 2299 2231 2278 2342 2264 2254 2312 2320
113 2253 2183 2231 2299 2219 2206 2264 2274
114 2208 2130 2183 2253 2170 2156 2219 2230
115 2160 2077 2130 2208 2120 2106 2170 2186
116 2112 2030 2077 2160 2071 2055 2120 2138
117 2067 1986 2030 2112 2025 2005 2071 2087
118 2019 1942 1986 2067 1980 1964 2025 2045
119 1978 1900 1942 2019 1940 1920 1980 2003
120 1945 1862 1900 1978 1903 1877 1940 1960
121 2577 2558 2575 2591 2568 2567 2582 2583
122 2560 2536 2558 2577 2550 2547 2568 2569
123 2539 2508 2536 2560 2525 2521 2550 2551
124 2513 2484 2508 2539 2498 2496 2525 2526
125 2490 2462 2484 2513 2476 2475 2498 2500
126 2466 2431 2462 2490 2449 2448 2476 2478
127 2439 2399 2431 2466 2421 2416 2449 2453
128 2408 2356 2399 2439 2383 2376 2421 2424
129 2367 2308 2356 2408 2341 2331 2383 2390
130 2324 2259 2308 2367 2293 2285 2341 2348
131 2278 2212 2259 2324 2247 2236 2293 2304
132 2231 2157 2212 2278 2196 2184 2247 2254
133 2183 2100 2157 2231 2143 2128 2196 2206
134 2130 2049 2100 2183 2088 2075 2143 2156
135 2077 1999 2049 2130 2039 2021 2088 2106
136 2030 1949 1999 2077 1989 1973 2039 2055
137 1986 1907 1949 2030 1947 1924 1989 2005
138 1942 1861 1907 1986 1901 1881 1947 1964
139 1900 1822 1861 1942 1860 1844 1901 1920
140 1862 1786 1822 1900 1823 1805 1860 1877
141 2558 2533 2556 2575 2545 2544 2565 2567
142 2536 2503 2533 2558 2520 2519 2545 2547
143 2508 2481 2503 2536 2495 2493 2520 2521
144 2484 2456 2481 2508 2472 2470 2495 2496
145 2462 2425 2456 2484 2443 2441 2472 2475
146 2431 2389 2425 2462 2412 2409 2443 2448
147 2399 2346 2389 2431 2372 2365 2412 2416
148 2356 2295 2346 2399 2325 2319 2372 2376
149 2308 2245 2295 2356 2277 2268 2325 2331
150 2259 2191 2245 2308 2226 2218 2277 2285
151 2212 2133 2191 2259 2175 2162 2226 2236
152 2157 2076 2133 2212 2117 2104 2175 2184
153 2100 2016 2076 2157 2059 2048 2117 2128
154 2049 1967 2016 2100 2006 1992 2059 2075
155 1999 1919 1967 2049 1955 1943 2006 2021
156 1949 1871 1919 1999 1912 1894 1955 1973
157 1907 1827 1871 1949 1866 1851 1912 1924
158 1861 1788 1827 1907 1824 1808 1866 1881
159 1822 1744 1788 1861 1784 1765 1824 1844
160 1786 1711 1744 1822 1746 1730 1784 1805
161 2533 2501 2528 2556 2516 2514 2542 2544
162 2503 2477 2501 2533 2492 2491 2516 2519
163 2481 2450 2477 2503 2468 2465 2492 2493
164 2456 2420 2450 2481 2438 2436 2468 2470
165 2425 2379 2420 2456 2405 2402 2438 2441
166 2389 2332 2379 2425 2361 2357 2405 2409
167 2346 2282 2332 2389 2314 2306 2361 2365
168 2295 2229 2282 2346 2261 2255 2314 2319
169 2245 2173 2229 2295 2210 2200 2261 2268
170 2191 2111 2173 2245 2151 2142 2210 2218
171 2133 2052 2111 2191 2092 2080 2151 2162
172 2076 1994 2052 2133 2037 2023 2092 2104
173 2016 1941 1994 2076 1977 1966 2037 2048
174 1967 1888 1941 2016 1927 1916 1977 1992
175 1919 1841 1888 1967 1875 1865 1927 1943
176 1871 1799 1841 1919 1835 1817 1875 1894
177 1827 1753 1799 1871 1791 1772 1835 1851
178 1788 1712 1753 1827 1747 1733 1791 1808
179 1744 1673 1712 1788 1709 1696 1747 1765
180 1711 1641 1673 1744 1674 1659 1709 1730
181 2501 2474 2497 2528 2487 2485 2512 2514
182 2477 2445 2474 2501 2463 2461 2487 2491
183 2450 2413 2445 2477 2435 2430 2463 2465
184 2420 2369 2413 2450 2398 2393 2435 2436
185 2379 2321 2369 2420 2351 2347 2398 2402
186 2332 2266 2321 2379 2303 2296 2351 2357
187 2282 2216 2266 2332 2248 2242 2303 2306
188 2229 2155 2216 2282 2194 2185 2248 2255
189 2173 2091 2155 2229 2132 2122 2194 2200
190 2111 2031 2091 2173 2069 2060 2132 2142
191 2052 1972 2031 2111 2010 2002 2069 2080
192 1994 1917 1972 2052 1953 1948 2010 2023
193 1941 1864 1917 1994 1902 1889 1953 1966
194 1888 1813 1864 1941 1853 1839 1902 1916
195 1841 1767 1813 1888 1806 1792 1853 1865
196 1799 1726 1767 1841 1762 1742 1806 1817
197 1753 1685 1726 1799 1716 1703 1762 1772
198 1712 1645 1685 1753 1682 1663 1716 1733
199 1673 1609 1645 1712 1642 1629 1682 1696
200 1641 1579 1609 1673 1608 1594 1642 1659
201 2474 2440 2469 2497 2458 2454 2483 2485
202 2445 2406 2440 2474 2426 2423 2458 2461
203 2413 2360 2406 2445 2388 2384 2426 2430
204 2369 2309 2360 2413 2343 2336 2388 2393
205 2321 2257 2309 2369 2290 2283 2343 2347
206 2266 2198 2257 2321 2235 2228 2290 2296
207 2216 2137 2198 2266 2177 2165 2235 2242
208 2155 2073 2137 2216 2114 2107 2177 2185
209 2091 2008 2073 2155 2051 2042 2114 2122
210 2031 1951 2008 2091 1990 1979 2051 2060
211 1972 1897 1951 2031 1936 1922 1990 2002
212 1917 1845 1897 1972 1874 1868 1936 1948
213 1864 1793 1845 1917 1828 1814 1874 1889
214 1813 1740 1793 1864 1779 1766 1828 1839
215 1767 1698 1740 1813 1732 1720 1779 1792
216 1726 1658 1698 1767 1690 1676 1732 1742
217 1685 1615 1658 1726 1651 1640 1690 1703
218 1645 1583 1615 1685 1610 1598 1651 1663
219 1609 1546 1583 1645 1580 1564 1610 1629
220 1579 1515 1546 1609 1545 1530 1580 1594
221 2440 2395 2434 2469 2419 2415 2451 2454
222 2406 2349 2395 2440 2378 2373 2419 2423
223 2360 2297 2349 2406 2329 2323 2378 2384
224 2309 2240 2297 2360 2275 2267 2329 2336
225 2257 2182 2240 2309 2220 2213 2275 2283
226 2198 2118 2182 2257 2158 2148 2220 2228
227 2137 2053 2118 2198 2096 2084 2158 2165
228 2073 1991 2053 2137 2033 2022 2096 2107
229 2008 1933 1991 2073 1970 1962 2033 2042
230 1951 1873 1933 2008 1915 1906 1970 1979
231 1897 1821 1873 1951 1857 1850 1915 1922
232 1845 1769 1821 1897 1807 1800 1857 1868
233 1793 1724 1769 1845 1757 1743 1807 1814
234 1740 1675 1724 1793 1708 1700 1757 1766
235 1698 1638 1675 1740 1664 1657 1708 1720
236 1658 1595 1638 1698 1626 1612 1664 1676
237 1615 1556 1595 1658 1585 1573 1626 1640
238 1583 1524 1556 1615 1551 1537 1585 1598
239 1546 1486 1524 1583 1520 1501 1551 1564
240 1515 1452 1486 1546 1483 1469 1520 1530
241 2090 1908 1878 2068 1998 1893 1974 2078
242 2115 1930 1908 2090 2018 1918 1998 2102
243 2139 1954 1930 2115 2047 1944 2018 2124
244 2159 1984 1954 2139 2070 1968 2047 2146
245 2181 2012 1984 2159 2098 2001 2070 2172
246 2202 2044 2012 2181 2123 2027 2098 2195
247 2222 2072 2044 2202 2149 2058 2123 2215
248 2243 2103 2072 2222 2178 2086 2149 2233
249 2262 2135 2103 2243 2201 2119 2178 2252
250 2280 2164 2135 2262 2227 2150 2201 2270
251 2301 2197 2164 2280 2249 2180 2227 2291
252 2317 2223 2197 2301 2271 2211 2249 2307
253 2333 2250 2223 2317 2294 2238 2271 2326
254 2350 2273 2250 2333 2315 2263 2294 2345
255 2366 2300 2273 2350 2335 2288 2315 2359
256 2382 2322 2300 2366 2353 2311 2335 2374
257 2397 2344 2322 2382 2370 2330 2353 2392
258 2410 2363 2344 2397 2386 2352 2370 2404
259 2422 2380 2363 2410 2403 2371 2386 2417
260 2434 2395 2380 2422 2415 2387 2403 2427
261 1908 1731 1706 1878 1815 1717 1795 1893
262 1930 1759 1731 1908 1846 1741 1815 1918
263 1954 1789 1759 1930 1870 1770 1846 1944
264 1984 1816 1789 1954 1899 1804 1870 1968
265 2012 1852 1816 1984 1931 1837 1899 2001
266 2044 1884 1852 2012 1963 1867 1931 2027
267 2072 1921 1884 2044 1995 1904 1963 2058
268 2103 1956 1921 2072 2029 1938 1995 2086
269 2135 1996 1956 2103 2064 1976 2029 2119
270 2164 2038 1996 2135 2099 2014 2064 2150
271 2197 2074 2038 2164 2136 2054 2099 2180
272 2223 2113 2074 2197 2171 2095 2136 2211
273 2250 2153 2113 2223 2203 2134 2171 2238
274 2273 2188 2153 2250 2232 2168 2203 2263
275 2300 2221 2188 2273 2260 2204 2232 2288
276 2322 2251 2221 2300 2289 2237 2260 2311
277 2344 2279 2251 2322 2313 2265 2289 2330
278 2363 2305 2279 2344 2334 2292 2313 2352
279 2380 2327 2305 2363 2355 2316 2334 2371
280 2395 2349 2327 2380 2373 2339 2355 2387
281 1731 1578 1552 1706 1653 1560 1628 1717
282 1759 1601 1578 1731 1679 1589 1653 1741
283 1789 1636 1601 1759 1707 1617 1679 1770
284 1816 1665 1636 1789 1738 1650 1707 1804
285 1852 1701 1665 1816 1773 1686 1738 1837
286 1884 1737 1701 1852 1810 1719 1773 1867
287 1921 1780 1737 1884 1849 1760 1810 1904
288 1956 1818 1780 1921 1886 1801 1849 1938
289 1996 1863 1818 1956 1928 1842 1886 1976
290 2038 1909 1863 1996 1969 1883 1928 2014
291 2074 1950 1909 2038 2011 1929 1969 2054
292 2113 1997 1950 2074 2056 1975 2011 2095
293 2153 2043 1997 2113 2097 2015 2056 2134
294 2188 2085 2043 2153 2140 2063 2097 2168
295 2221 2129 2085 2188 2179 2110 2140 2204
296 2251 2174 2129 2221 2214 2152 2179 2237
297 2279 2209 2174 2251 2246 2192 2214 2265
298 2305 2241 2209 2279 2272 2225 2246 2292
299 2327 2269 2241 2305 2302 2258 2272 2316
300 2349 2297 2269 2327 2323 2284 2302 2339
301 1578 1435 1408 1552 1500 1422 1474 1560
302 1601 1458 1435 1578 1532 1447 1500 1589
303 1636 1493 1458 1601 1562 1479 1532 1617
304 1665 1529 1493 1636 1596 1513 1562 1650
305 1701 1566 1529 1665 1635 1548 1596 1686
306 1737 1603 1566 1701 1670 1587 1635 1719
307 1780 1649 1603 1737 1710 1630 1670 1760
308 1818 1692 1649 1780 1754 1667 1710 1801
309 1863 1736 1692 1818 1802 1713 1754 1842
310 1909 1785 1736 1863 1847 1763 1802 1883
311 1950 1836 1785 1909 1892 1809 1847 1929
312 1997 1882 1836 1950 1939 1858 1892 1975
313 2043 1934 1882 1997 1987 1910 1939 2015
314 2085 1981 1934 2043 2036 1957 1987 2063
315 2129 2032 1981 2085 2081 2007 2036 2110
316 2174 2079 2032 2129 2126 2057 2081 2152
317 2209 2127 2079 2174 2166 2105 2126 2192
318 2241 2167 2127 2209 2205 2147 2166 2225
319 2269 2207 2167 2241 2239 2190 2205 2258
320 2297 2240 2207 2269 2267 2224 2239 2284
321 1435 1310 1280 1408 1369 1296 1343 1422
322 1458 1339 1310 1435 1399 1322 1369 1447
323 1493 1375 1339 1458 1432 1355 1399 1479
324 1529 1407 1375 1493 1465 1387 1432 1513
325 1566 1446 1407 1529 1503 1425 1465 1548
326 1603 1485 1446 1566 1544 1461 1503 1587
327 1649 1528 1485 1603 1588 1509 1544 1630
328 1692 1574 1528 1649 1633 1555 1588 1667
329 1736 1621 1574 1692 1681 1597 1633 1713
330 1785 1669 1621 1736 1729 1647 1681 1763
331 1836 1722 1669 1785 1777 1697 1729 1809
332 1882 1774 1722 1836 1831 1745 1777 1858
333 1934 1830 1774 1882 1876 1803 1831 1910
334 1981 1879 1830 1934 1932 1855 1876 1957
335 2032 1937 1879 1981 1983 1911 1932 2007
336 2079 1988 1937 2032 2035 1961 1983 2057
337 2127 2041 1988 2079 2082 2013 2035 2105
338 2167 2089 2041 2127 2131 2066 2082 2147
339 2207 2141 2089 2167 2176 2116 2131 2190
340 2240 2182 2141 2207 2213 2161 2176 2224
341 1310 1190 1156 1280 1249 1176 1220 1296
342 1339 1223 1190 1310 1281 1207 1249 1322
343 1375 1257 1223 1339 1313 1240 1281 1355
344 1407 1297 1257 1375 1352 1277 1313 1387
345 1446 1336 1297 1407 1388 1314 1352 1425
346 1485 1380 1336 1446 1431 1356 1388 1461
347 1528 1420 1380 1485 1472 1396 1431 1509
348 1574 1464 1420 1528 1522 1444 1472 1555
349 1621 1518 1464 1574 1567 1488 1522 1597
350 1669 1565 1518 1621 1614 1540 1567 1647
351 1722 1616 1565 1669 1666 1591 1614 1697
352 1774 1671 1616 1722 1723 1644 1666 1745
353 1830 1728 1671 1774 1776 1699 1723 1803
354 1879 1783 1728 1830 1833 1755 1776 1855
355 1937 1840 1783 1879 1885 1812 1833 1911
356 1988 1898 1840 1937 1946 1869 1885 1961
357 2041 1952 1898 1988 2000 1925 1946 2013
358 2089 2009 1952 2041 2050 1982 2000 2066
359 2141 2065 2009 2089 2101 2040 2050 2116
360 2182 2118 2065 2141 2148 2093 2101 2161
361 1190 1080 1045 1156 1130 1063 1103 1176
362 1223 1114 1080 1190 1167 1100 1130 1207
363 1257 1152 1114 1223 1203 1129 1167 1240
364 1297 1194 1152 1257 1243 1171 1203 1277
365 1336 1233 1194 1297 1286 1214 1243 1314
366 1380 1276 1233 1336 1327 1253 1286 1356
367 1420 1319 1276 1380 1372 1299 1327 1396
368 1464 1367 1319 1420 1416 1344 1372 1444
369 1518 1417 1367 1464 1459 1392 1416 1488
370 1565 1466 1417 1518 1519 1442 1459 1540
371 1616 1523 1466 1565 1568 1490 1519 1591
372 1671 1577 1523 1616 1622 1547 1568 1644
373 1728 1632 1577 1671 1680 1602 1622 1699
374 1783 1691 1632 1728 1735 1660 1680 1755
375 1840 1748 1691 1783 1797 1718 1735 1812
376 1898 1811 1748 1840 1854 1781 1797 1869
377 1952 1872 1811 1898 1914 1843 1854 1925
378 2009 1935 1872 1952 1971 1905 1914 1982
379 2065 1993 1935 2009 2028 1965 1971 2040
380 2118 2053 1993 2065 2084 2024 2028 2093
381 1080 978 946 1045 1028 962 995 1063
382 1114 1015 978 1080 1066 998 1028 1100
383 1152 1057 1015 1114 1104 1036 1066 1129
384 1194 1095 1057 1152 1143 1073 1104 1171
385 1233 1135 1095 1194 1183 1116 1143 1214
386 1276 1180 1135 1233 1230 1158 1183 1253
387 1319 1229 1180 1276 1272 1204 1230 1299
388 1367 1274 1229 1319 1318 1251 1272 1344
389 1417 1325 1274 1367 1373 1302 1318 1392
390 1466 1379 1325 1417 1421 1353 1373 1442
391 1523 1429 1379 1466 1473 1403 1421 1490
392 1577 1482 1429 1523 1527 1454 1473 1547
393 1632 1541 1482 1577 1586 1514 1527 1602
394 1691 1600 1541 1632 1646 1569 1586 1660
395 1748 1661 1600 1691 1705 1634 1646 1718
396 1811 1727 1661 1748 1768 1695 1705 1781
397 1872 1794 1727 1811 1832 1761 1768 1843
398 1935 1856 1794 1872 1896 1825 1832 1905
399 1993 1923 1856 1935 1959 1891 1896 1965
400 2053 1991 1923 1993 2022 1958 1959 2024
401 978 884 850 946 933 866 895 962
402 1015 924 884 978 971 907 933 998
403 1057 965 924 1015 1008 945 971 1036
404 1095 1002 965 1057 1051 986 1008 1073
405 1135 1046 1002 1095 1093 1025 1051 1116
406 1180 1094 1046 1135 1134 1071 1093 1158
407 1229 1140 1094 1180 1181 1117 1134 1204
408 1274 1187 1140 1229 1231 1162 1181 1251
409 1325 1239 1187 1274 1283 1217 1231 1302
410 1379 1293 1239 1325 1332 1264 1283 1353
411 1429 1346 1293 1379 1384 1316 1332 1403
412 1482 1402 1346 1429 1443 1376 1384 1454
413 1541 1455 1402 1482 1495 1428 1443 1514
414 1600 1521 1455 1541 1559 1487 1495 1569
415 1661 1584 1521 1600 1620 1550 1559 1634
416 1727 1648 1584 1661 1688 1613 1620 1695
417 1794 1714 1648 1727 1752 1684 1688 1761
418 1856 1787 1714 1794 1819 1749 1752 1825
419 1923 1859 1787 1856 1890 1820 1819 1891
420 1991 1933 1859 1923 1962 1895 1890 1958
421 884 802 762 850 841 781 804 866
422 924 833 802 884 878 819 841 907
423 965 877 833 924 919 857 878 945
424 1002 920 877 965 963 902 919 986
425 1046 966 920 1002 1003 943 963 1025
426 1094 1010 966 1046 1053 990 1003 1071
427 1140 1059 1010 1094 1102 1032 1053 1117
428 1187 1108 1059 1140 1149 1083 1102 1162
429 1239 1155 1108 1187 1197 1126 1149 1217
430 1293 1212 1155 1239 1250 1182 1197 1264
431 1346 1265 1212 1293 1306 1237 1250 1316
432 1402 1320 1265 1346 1361 1295 1306 1376
433 1455 1381 1320 1402 1418 1351 1361 1428
434 1521 1440 1381 1455 1477 1412 1418 1487
435 1584 1504 1440 1521 1543 1470 1477 1550
436 1648 1571 1504 1584 1607 1539 1543 1613
437 1714 1643 1571 1648 1678 1604 1607 1684
438 1787 1715 1643 1714 1751 1683 1678 1749
439 1859 1798 1715 1787 1826 1756 1751 1820
440 1933 1873 1798 1859 1906 1838 1826 1895
441 802 719 681 762 759 699 721 781
442 833 760 719 802 800 739 759 819
443 877 803 760 833 835 780 800 857
444 920 843 803 877 880 821 835 902
445 966 886 843 920 928 863 880 943
446 1010 936 886 966 972 913 928 990
447 1059 980 936 1010 1018 953 972 1032
448 1108 1029 980 1059 1067 1001 1018 1083
449 1155 1081 1029 1108 1119 1058 1067 1126
450 1212 1128 1081 1155 1170 1109 1119 1182
451 1265 1188 1128 1212 1228 1160 1170 1237
452 1320 1248 1188 1265 1285 1219 1228 1295
453 1381 1308 1248 1320 1342 1275 1285 1351
454 1440 1368 1308 1381 1404 1337 1342 1412
455 1504 1434 1368 1440 1468 1400 1404 1470
456 1571 1498 1434 1504 1535 1463 1468 1539
457 1643 1576 1498 1571 1606 1536 1535 1604
458 1715 1654 1576 1643 1687 1611 1606 1683
459 1798 1734 1654 1715 1764 1693 1687 1756
460 1873 1821 1734 1798 1850 1778 1764 1838
461 719 648 607 681 684 628 644 699
462 760 688 648 719 722 665 684 739
463 803 727 688 760 765 708 722 780
464 843 772 727 803 806 747 765 821
465 886 812 772 843 851 794 806 863
466 936 858 812 886 894 832 851 913
467 980 910 858 936 944 882 894 953
468 1029 955 910 980 992 934 944 1001
469 1081 1005 955 1029 1042 982 992 1058
470 1128 1061 1005 1081 1097 1033 1042 1109
471 1188 1118 1061 1128 1151 1092 1097 1160
472 1248 1177 1118 1188 1213 1148 1151 1219
473 1308 1236 1177 1248 1269 1206 1213 1275
474 1368 1301 1236 1308 1333 1267 1269 1337
475 1434 1364 1301 1368 1397 1331 1333 1400
476 1498 1437 1364 1434 1467 1401 1397 1463
477 1576 1510 1437 1498 1542 1471 1467 1536
478 1654 1592 1510 1576 1619 1553 1542 1611
479 1734 1677 1592 1654 1704 1637 1619 1693
480 1821 1769 1677 1734 1800 1725 1704 1778
481 648 580 541 607 613 561 570 628
482 688 618 580 648 653 598 613 665
483 727 659 618 688 694 640 653 708
484 772 702 659 727 735 678 694 747
485 812 745 702 772 779 724 735 794
486 858 793 745 812 824 771 779 832
487 910 834 793 858 873 816 824 882
488 955 888 834 910 921 862 873 934
489 1005 941 888 955 976 916 921 982
490 1061 993 941 1005 1026 968 976 1033
491 1118 1049 993 1061 1084 1020 1026 1092
492 1177 1111 1049 1118 1141 1077 1084 1148
493 1236 1168 1111 1177 1200 1137 1141 1206
494 1301 1234 1168 1236 1266 1199 1200 1267
495 1364 1303 1234 1301 1334 1268 1266 1331
496 1437 1377 1303 1364 1406 1338 1334 1401
497 1510 1449 1377 1437 1480 1414 1406 1471
498 1592 1534 1449 1510 1561 1489 1480 1553
499 1677 1625 1534 1592 1652 1581 1561 1637
500 1769 1724 1625 1677 1743 1672 1652 1725
501 580 516 477 541 548 499 508 561
502 618 555 516 580 588 536 548 598
503 659 597 555 618 629 571 588 640
504 702 639 597 659 668 616 629 678
505 745 682 639 702 713 660 668 724
506 793 725 682 745 758 706 713 771
507 834 775 725 793 808 749 758 816
508 888 823 775 834 856 801 808 862
509 941 875 823 888 908 849 856 916
510 993 930 875 941 960 904 908 968
511 1049 988 930 993 1017 956 960 1020
512 1111 1044 988 1049 1075 1014 1017 1077
513 1168 1110 1044 1111 1136 1074 1075 1137
514 1234 1174 1110 1168 1202 1139 1136 1199
515 1303 1244 1174 1234 1270 1209 1202 1268
516 1377 1315 1244 1303 1348 1282 1270 1338
517 1449 1394 1315 1377 1423 1357 1348 1414
518 1534 1481 1394 1449 1508 1438 1423 1489
519 1625 1575 1481 1534 1599 1525 1508 1581
520 1724 1675 1575 1625 1700 1627 1599 1672
521 516 458 425 477 490 442 449 499
522 555 500 458 516 523 476 490 536
523 597 538 500 555 566 518 523 571
524 639 579 538 597 606 558 566 616
525 682 621 579 639 651 599 606 660
526 725 666 621 682 697 643 651 706
527 775 714 666 725 744 692 697 749
528 823 763 714 775 795 738 744 801
529 875 813 763 823 845 790 795 849
530 930 867 813 875 898 838 845 904
531 988 926 867 930 952 896 898 956
532 1044 987 926 988 1013 951 952 1014
533 1110 1047 987 1044 1076 1016 1013 1074
534 1174 1115 1047 1110 1145 1082 1076 1139
535 1244 1185 1115 1174 1218 1150 1145 1209
536 1315 1261 1185 1244 1292 1225 1218 1282
537 1394 1347 1261 1315 1371 1304 1292 1357
538 1481 1433 1347 1394 1453 1386 1371 1438
539 1575 1526 1433 1481 1554 1478 1453 1525
540 1675 1638 1526 1575 1657 1582 1554 1627
541 458 403 369 425 434 385 396 442
542 500 445 403 458 469 429 434 476
543 538 485 445 500 509 462 469 518
544 579 522 485 538 552 502 509 558
545 621 565 522 579 594 546 552 599
546 666 611 565 621 638 590 594 643
547 714 657 611 666 687 635 638 692
548 763 707 657 714 733 680 687 738
549 813 754 707 763 787 731 733 790
550 867 810 754 813 836 785 787 838
551 926 868 810 867 897 837 836 896
552 987 931 868 926 954 899 897 951
553 1047 994 931 987 1019 961 954 1016
554 1115 1062 994 1047 1091 1027 1019 1082
555 1185 1131 1062 1115 1159 1101 1091 1150
556 1261 1216 1131 1185 1238 1175 1159 1225
557 1347 1298 1216 1261 1317 1254 1238 1304
558 1433 1385 1298 1347 1410 1340 1317 1386
559 1526 1484 1385 1433 1507 1436 1410 1478
560 1638 1595 1484 1526 1612 1538 1507 1582
561 403 356 317 369 383 341 343 385
562 445 393 356 403 419 381 383 429
563 485 433 393 445 454 406 419 462
564 522 471 433 485 497 450 454 502
565 565 514 471 522 540 493 497 546
566 611 557 514 565 585 533 540 590
567 657 603 557 611 631 582 585 635
568 707 652 603 657 675 627 631 680
569 754 704 652 707 729 672 675 731
570 810 755 704 754 786 730 729 785
571 868 817 755 810 840 788 786 837
572 931 876 817 868 905 846 840 899
573 994 942 876 931 970 912 905 961
574 1062 1012 942 994 1037 977 970 1027
575 1131 1088 1012 1062 1112 1050 1037 1101
576 1216 1164 1088 1131 1192 1123 1112 1175
577 1298 1252 1164 1216 1273 1211 1192 1254
578 1385 1349 1252 1298 1365 1300 1273 1340
579 1484 1445 1349 1385 1460 1393 1365 1436
580 1595 1556 1445 1484 1573 1494 1460 1538
581 356 311 277 317 338 298 302 341
582 393 346 311 356 367 334 338 381
583 433 384 346 393 404 358 367 406
584 471 424 384 433 446 402 404 450
585 514 463 424 471 491 443 446 493
586 557 504 463 514 530 487 491 533
587 603 553 504 557 575 527 530 582
588 652 601 553 603 625 573 575 627
589 704 654 601 652 674 626 625 672
590 755 709 654 704 732 677 674 730
591 817 768 709 755 792 736 732 788
592 876 825 768 817 855 797 792 846
593 942 893 825 876 918 860 855 912
594 1012 969 893 942 991 932 918 977
595 1088 1041 969 1012 1065 1000 991 1050
596 1164 1122 1041 1088 1147 1086 1065 1123
597 1252 1215 1122 1164 1232 1166 1147 1211
598 1349 1309 1215 1252 1328 1258 1232 1300
599 1445 1409 1309 1349 1426 1358 1328 1393
600 1556 1524 1409 1445 1537 1457 1426 1494
601 311 270 237 277 294 255 260 298
602 346 305 270 311 323 290 294 334
603 384 340 305 346 357 315 323 358
604 424 382 340 384 401 355 357 402
605 463 416 382 424 440 397 401 443
606 504 455 416 463 483 438 440 487
607 553 503 455 504 525 479 483 527
608 601 554 503 553 574 526 525 573
609 654 604 554 601 630 577 574 626
610 709 661 604 654 686 634 630 677
611 768 718 661 709 742 691 686 736
612 825 784 718 768 805 750 742 797
613 893 853 784 825 874 818 805 860
614 969 925 853 893 947 887 874 932
615 1041 999 925 969 1022 964 947 1000
616 1122 1087 999 1041 1106 1043 1022 1086
617 1215 1178 1087 1122 1195 1125 1106 1166
618 1309 1271 1178 1215 1291 1224 1195 1258
619 1409 1378 1271 1309 1391 1323 1291 1358
620 1524 1486 1378 1409 1501 1430 1391 1457
621 270 231 204 237 251 220 223 255
622 305 263 231 270 283 247 251 290
623 340 299 263 305 313 278 283 315
624 382 337 299 340 354 312 313 355
625 416 379 337 382 394 352 354 397
626 455 411 379 416 437 389 394 438
627 503 456 411 455 480 436 437 479
628 554 505 456 503 529 484 480 526
629 604 560 505 554 584 532 529 577
630 661 615 560 604 637 589 584 634
631 718 671 615 661 698 646 637 691
632 784 741 671 718 761 711 698 750
633 853 809 741 784 828 776 761 818
634 925 883 809 853 906 847 828 887
635 999 967 883 925 985 927 906 964
636 1087 1054 967 999 1069 1006 985 1043
637 1178 1144 1054 1087 1157 1096 1069 1125
638 1271 1242 1144 1178 1255 1193 1157 1224
639 1378 1345 1242 1271 1360 1294 1255 1323
640 1486 1452 1345 1378 1469 1398 1360 1430
641 176 202 197 174 185 200 183 175
642 178 206 202 176 190 205 185 177
643 181 210 206 178 193 208 190 179
644 184 216 210 181 198 213 193 182
645 189 219 216 184 203 217 198 186
646 192 224 219 189 207 222 203 191
647 199 228 224 192 214 226 207 195
648 204 231 228 199 220 229 214 201
649 202 236 233 197 221 234 218 200
650 206 240 236 202 225 238 221 205
651 210 244 240 206 227 243 225 208
652 216 248 244 210 230 246 227 213
653 219 250 248 216 232 249 230 217
654 224 253 250 219 235 252 232 222
655 228 258 253 224 241 256 235 226
656 231 263 258 228 247 261 241 229
657 236 276 273 233 259 274 254 234
658 240 280 276 236 262 279 259 238
659 244 284 280 240 264 282 262 243
660 248 287 284 244 266 285 264 246
661 250 289 287 248 268 288 266 249
662 253 292 289 250 271 291 268 252
663 258 295 292 253 272 293 271 256
664 263 299 295 258 278 297 272 261
665 276 318 314 273 301 316 300 274
666 280 320 318 276 304 319 301 279
667 284 324 320 280 306 322 304 282
668 287 326 324 284 307 325 306 285
669 289 328 326 287 308 327 307 288
670 292 330 328 289 309 329 308 291
671 295 333 330 292 310 332 309 293
672 299 337 333 295 312 336 310 297
673 318 376 371 314 344 374 342 316
674 320 375 376 318 350 377 344 319
675 324 372 375 320 348 373 350 322
676 326 366 372 324 347 368 348 325
677 328 362 366 326 345 364 347 327
678 330 361 362 328 349 360 345 329
679 333 365 361 330 351 363 349 332
680 337 379 365 333 352 370 351 336
681 376 428 431 371 400 430 399 374
682 375 426 428 376 398 427 400 377
683 372 422 426 375 395 423 398 373
684 366 418 422 372 391 421 395 368
685 362 415 418 366 388 417 391 364
686 361 410 415 362 386 412 388 360
687 365 407 410 361 387 408 386 363
688 379 411 407 365 389 409 387 370
689 428 482 489 431 452 486 453 430
690 426 475 482 428 448 478 452 427
691 422 473 475 426 447 474 448 423
692 418 468 473 422 444 472 447 421
693 415 466 468 418 441 467 444 417
694 410 461 466 415 439 464 441 412
695 407 459 461 410 435 460 439 408
696 411 456 459 407 436 457 435 409
697 482 547 551 489 513 549 517 486
698 475 539 547 482 506 542 513 478
699 473 531 539 475 501 535 506 474
700 468 524 531 473 498 528 501 472
701 466 520 524 468 494 521 498 467
702 461 515 520 466 492 519 494 464
703 459 510 515 461 488 512 492 460
704 456 505 510 459 484 507 488 457
705 547 614 622 551 578 617 587 549
706 539 605 614 547 568 609 578 542
707 531 596 605 539 563 600 568 535
708 524 591 596 531 556 592 563 528
709 520 583 591 524 550 586 556 521
710 515 569 583 520 545 572 550 519
711 510 564 569 515 537 567 545 512
712 505 560 564 510 532 562 537 507
713 614 690 700 622 650 695 663 617
714 605 673 690 614 642 685 650 609
715 596 664 673 605 633 669 642 600
716 591 655 664 596 620 662 633 592
717 583 645 655 591 612 649 620 586
718 569 636 645 583 602 641 612 572
719 564 623 636 569 595 632 602 567
720 560 615 623 564 589 619 595 562
721 690 773 789 700 728 778 743 695
722 673 752 773 690 717 764 728 685
723 664 740 752 673 703 746 717 669
724 655 726 740 664 693 734 703 662
725 645 716 726 655 676 720 693 649
726 636 701 716 645 667 710 676 641
727 623 689 701 636 656 696 667 632
728 615 671 689 623 646 683 656 619
729 773 859 881 789 815 871 831 778
730 752 839 859 773 798 852 815 764
731 740 822 839 752 782 829 798 746
732 726 807 822 740 769 814 782 734
733 716 791 807 726 751 799 769 720
734 701 774 791 716 737 783 751 710
735 689 756 774 701 723 767 737 696
736 671 741 756 689 711 748 723 683
737 859 957 989 881 911 973 935 871
738 839 937 957 859 885 948 911 852
739 822 915 937 839 865 922 885 829
740 807 889 915 822 848 903 865 814
741 791 872 889 807 827 879 848 799
742 774 854 872 791 811 861 827 783
743 756 830 854 774 796 842 811 767
744 741 809 830 756 776 820 796 748
745 957 1064 1098 989 1009 1079 1039 973
746 937 1035 1064 957 983 1048 1009 948
747 915 1007 1035 937 958 1021 983 922
748 889 984 1007 915 940 996 958 903
749 872 959 984 889 917 974 940 879
750 854 939 959 872 890 949 917 861
751 830 914 939 854 870 923 890 842
752 809 883 914 830 847 901 870 820
753 1064 1179 1221 1098 1120 1198 1154 1079
754 1035 1146 1179 1064 1090 1161 1120 1048
755 1007 1113 1146 1035 1060 1124 1090 1021
756 984 1085 1113 1007 1030 1099 1060 996
757 959 1056 1085 984 1004 1068 1030 974
758 939 1024 1056 959 979 1038 1004 949
759 914 997 1024 939 950 1011 979 923
760 883 967 997 914 927 981 950 901
761 1179 1305 1354 1221 1241 1329 1287 1198
762 1146 1260 1305 1179 1201 1284 1241 1161
763 1113 1226 1260 1146 1165 1245 1201 1124
764 1085 1191 1226 1113 1132 1208 1165 1099
765 1056 1153 1191 1085 1105 1172 1132 1068
766 1024 1121 1153 1056 1072 1138 1105 1038
767 997 1089 1121 1024 1040 1107 1072 1011
768 967 1054 1089 997 1006 1070 1040 981
769 1305 1439 1492 1354 1370 1462 1419 1329
770 1260 1389 1439 1305 1326 1415 1370 1284
771 1226 1350 1389 1260 1288 1366 1326 1245
772 1191 1307 1350 1226 1247 1324 1288 1208
773 1153 1262 1307 1191 1210 1289 1247 1172
774 1121 1227 1262 1153 1173 1246 1210 1138
775 1089 1184 1227 1121 1133 1205 1173 1107
776 1054 1144 1184 1089 1096 1163 1133 1070
777 1439 1590 1655 1492 1511 1618 1570 1462
778 1389 1531 1590 1439 1456 1558 1511 1415
779 1350 1475 1531 1389 1413 1502 1456 1366
780 1307 1427 1475 1350 1363 1450 1413 1324
781 1262 1382 1427 1307 1321 1405 1363 1289
782 1227 1335 1382 1262 1279 1359 1321 1246
783 1184 1290 1335 1227 1235 1311 1279 1205
784 1144 1242 1290 1184 1193 1263 1235 1163
785 1590 1758 1834 1655 1668 1796 1739 1618
786 1531 1689 1758 1590 1605 1721 1668 1558
787 1475 1623 1689 1531 1549 1656 1605 1502
788 1427 1563 1623 1475 1491 1593 1549 1450
789 1382 1506 1563 1427 1441 1533 1491 1405
790 1335 1448 1506 1382 1390 1476 1441 1359
791 1290 1395 1448 1335 1341 1424 1390 1311
792 1242 1345 1395 1290 1294 1374 1341 1263
793 1758 1945 2026 1834 1848 1985 1926 1796
794 1689 1862 1945 1758 1771 1903 1848 1721
795 1623 1786 1862 1689 1702 1823 1771 1656
796 1563 1711 1786 1623 1639 1746 1702 1593
797 1506 1641 1711 1563 1572 1674 1639 1533
798 1448 1579 1641 1506 1512 1608 1572 1476
799 1395 1515 1579 1448 1451 1545 1512 1424
800 1345 1452 1515 1395 1398 1483 1451 1374
801 2505 2391 1834 2026 2459 2144 1926 2338
802 2637 2600 2391 2505 2624 2515 2459 2596
803 2391 2163 1655 1834 2286 1913 1739 2144
804 2600 2509 2163 2391 2566 2375 2286 2515
805 2163 1880 1492 1655 2017 1694 1570 1913
806 2509 2340 1880 2163 2444 2094 2017 2375
807 1880 1631 1354 1492 1750 1497 1419 1694
808 2340 2004 1631 1880 2187 1775 1750 2094
809 1631 1411 1221 1354 1516 1330 1287 1497
810 2004 1662 1411 1631 1829 1505 1516 1775
811 1411 1222 1098 1221 1312 1169 1154 1330
812 1662 1383 1222 1411 1517 1278 1312 1505
813 1222 1052 989 1098 1127 1023 1039 1169
814 1383 1142 1052 1222 1256 1078 1127 1278
815 1052 900 881 989 975 892 935 1023
816 1142 938 900 1052 1034 909 975 1078
817 900 766 789 881 826 777 831 892
818 938 757 766 900 844 753 826 909
819 766 647 700 789 705 670 743 777
820 757 608 647 766 679 624 705 753
821 647 544 622 700 593 576 663 670
822 608 481 544 647 543 511 593 624
823 544 451 551 622 496 495 587 576
824 481 380 451 544 432 414 496 511
825 451 378 489 551 405 420 517 495
826 380 286 378 451 331 335 405 414
827 378 303 431 489 339 353 453 420
828 286 209 303 378 245 257 339 335
829 303 239 371 431 269 296 399 353
830 209 168 239 303 180 194 269 257
831 239 188 314 371 215 242 342 296
832 168 149 188 239 158 165 215 194
833 188 166 273 314 172 196 300 242
834 149 126 166 188 139 150 172 165
835 166 153 233 273 159 171 254 196
836 126 109 153 166 117 130 159 150
837 153 137 197 233 144 162 218 171
838 109 93 137 153 100 112 144 130
839 137 118 174 197 127 148 183 162
840 93 77 118 137 86 97 127 112
841 118 121 176 174 120 151 175 148
842 77 79 121 118 78 99 120 97
843 121 123 178 176 122 154 177 151
844 79 84 123 121 82 102 122 99
845 123 128 181 178 125 155 179 154
846 84 87 128 123 85 105 125 102
847 128 134 184 181 131 156 182 155
848 87 90 134 128 88 111 131 105
849 134 136 189 184 135 160 186 156
850 90 94 136 134 92 113 135 111
851 136 141 192 189 138 163 191 160
852 94 98 141 136 95 116 138 113
853 141 143 199 192 142 164 195 163
854 98 104 143 141 101 119 142 116
855 143 147 204 199 145 167 201 164
856 104 110 147 143 107 124 145 119
857 64 59 39 47 61 44 43 52
858 110 104 59 64 107 74 61 76
859 59 53 27 39 55 36 32 44
860 104 98 53 59 101 71 55 74
861 53 46 20 27 50 26 23 36
862 98 94 46 53 95 69 50 71
863 46 42 15 20 45 22 18 26
864 94 90 42 46 92 65 45 69
865 42 37 10 15 40 17 13 22
866 90 87 37 42 88 62 40 65
867 37 31 7 10 35 14 8 17
868 87 84 31 37 85 60 35 62
869 31 29 4 7 30 12 5 14
870 84 79 29 31 82 57 30 60
871 29 24 1 4 25 9 2 12
872 79 77 24 29 78 54 25 57
873 2762 2699 2728 2795 2726 2715 2766 2783
874 2721 2655 2699 2762 2688 2679 2726 2745
875 2675 2595 2655 2721 2632 2628 2688 2702
876 2607 2447 2595 2675 2530 2540 2632 2640
877 2400 2034 2447 2607 2189 2281 2530 2534
878 1790 1557 2034 2400 1624 1782 2189 2121
879 1259 1189 1557 1790 1196 1362 1624 1499
880 869 891 1189 1259 864 1031 1196 1055
881 581 658 891 869 610 770 864 715
882 359 470 658 581 413 559 610 465
883 212 321 470 359 267 392 413 281
884 152 211 321 212 170 265 267 169
885 114 161 211 152 140 173 170 133
886 83 129 161 114 106 146 140 96
887 67 103 129 83 80 115 106 72
888 48 81 103 67 68 91 80 58
889 28 70 81 48 51 73 68 38
890 16 56 70 28 33 63 51 21
891 6 41 56 16 19 49 33 11
892 1 24 41 6 9 34 19 3
893 2699 2600 2637 2728 2659 2624 2692 2715
894 2655 2509 2600 2699 2616 2566 2659 2679
895 2595 2340 2509 2655 2522 2444 2616 2628
896 2447 2004 2340 2595 2310 2187 2522 2540
897 2034 1662 2004 2447 1887 1829 2310 2281
898 1557 1383 1662 2034 1496 1517 1887 1782
899 1189 1142 1383 1557 1186 1256 1496 1362
900 891 938 1142 1189 929 1034 1186 1031
901 658 757 938 891 712 844 929 770
902 470 608 757 658 534 679 712 559
903 321 481 608 470 390 543 534 392
904 211 380 481 321 275 432 390 265
905 161 286 380 211 187 331 275 173
906 129 209 286 161 157 245 187 146
907 103 168 209 129 132 180 157 115
908 81 149 168 103 108 158 132 91
909 70 126 149 81 89 139 108 73
910 56 109 126 70 75 117 89 63
911 41 93 109 56 66 100 75 49
912 24 77 93 41 54 86 66 34
