1 846 848 898 896 847 881 897 879
2 848 850 900 898 849 882 899 881
3 850 854 902 900 852 884 901 882
4 854 856 904 902 855 885 903 884
5 856 859 906 904 858 886 905 885
6 859 863 908 906 861 887 907 886
7 863 865 910 908 864 888 909 887
8 865 868 912 910 867 889 911 888
9 868 870 914 912 869 890 913 889
10 870 873 916 914 872 892 915 890
11 873 875 918 916 874 893 917 892
12 875 877 920 918 876 894 919 893
13 877 880 922 920 878 895 921 894
14 880 877 837 842 878 862 841 866
15 877 875 832 837 876 857 835 862
16 875 873 824 832 874 851 829 857
17 873 870 817 824 872 845 819 851
18 870 868 809 817 869 844 812 845
19 868 865 803 809 867 843 804 844
20 865 863 792 803 864 839 796 843
21 863 859 779 792 861 836 785 839
22 859 856 767 779 858 830 772 836
23 856 854 750 767 855 826 759 830
24 854 850 736 750 852 820 743 826
25 850 848 722 736 849 818 729 820
26 848 846 710 722 847 813 717 818
27 837 821 833 842 831 828 838 841
28 832 810 821 837 822 816 831 835
29 824 802 810 832 814 806 822 829
30 817 787 802 824 805 794 814 819
31 809 769 787 817 797 778 805 812
32 803 752 769 809 783 761 797 804
33 792 734 752 803 770 742 783 796
34 779 718 734 792 754 727 770 785
35 767 704 718 779 738 709 754 772
36 750 693 704 767 721 700 738 759
37 736 681 693 750 707 689 721 743
38 722 671 681 736 699 677 707 729
39 710 660 671 722 688 665 699 717
40 821 800 815 833 811 808 825 828
41 810 775 800 821 799 789 811 816
42 802 745 775 810 777 763 799 806
43 787 716 745 802 755 730 777 794
44 769 695 716 787 732 705 755 778
45 752 675 695 769 712 685 732 761
46 734 658 675 752 697 668 712 742
47 718 650 658 734 683 656 697 727
48 704 641 650 718 672 644 683 709
49 693 632 641 704 661 637 672 700
50 681 625 632 693 655 628 661 689
51 671 618 625 681 646 622 655 677
52 660 614 618 671 640 617 646 665
53 800 766 798 815 784 781 807 808
54 775 726 766 800 747 744 784 789
55 745 691 726 775 715 706 747 763
56 716 662 691 745 690 678 715 730
57 695 642 662 716 663 651 690 705
58 675 620 642 695 645 631 663 685
59 658 607 620 675 633 613 645 668
60 650 595 607 658 619 600 633 656
61 641 590 595 650 611 592 619 644
62 632 587 590 641 606 588 611 637
63 625 583 587 632 599 585 606 628
64 618 580 583 625 598 581 599 622
65 614 577 580 618 594 578 598 617
66 728 602 593 719 666 596 657 724
67 735 612 602 728 674 608 666 731
68 741 623 612 735 684 616 674 739
69 748 635 623 741 692 629 684 746
70 758 648 635 748 702 643 692 753
71 765 659 648 758 711 654 702 762
72 771 679 659 765 725 669 711 768
73 776 694 679 771 737 686 725 773
74 782 713 694 776 751 703 737 780
75 788 733 713 782 764 720 751 786
76 793 749 733 788 774 740 764 791
77 798 766 749 793 781 760 774 795
78 602 498 490 593 550 495 540 596
79 612 510 498 602 557 503 550 608
80 623 518 510 612 563 514 557 616
81 635 530 518 623 572 528 563 629
82 648 544 530 635 589 536 572 643
83 659 561 544 648 609 553 589 654
84 679 576 561 659 630 567 609 669
85 694 605 576 679 652 591 630 686
86 713 639 605 694 676 621 652 703
87 733 667 639 713 701 653 676 720
88 749 698 667 733 723 682 701 740
89 766 726 698 749 744 708 723 760
90 498 412 404 490 458 408 451 495
91 510 423 412 498 466 419 458 503
92 518 433 423 510 476 426 466 514
93 530 449 433 518 483 442 476 528
94 544 461 449 530 500 456 483 536
95 561 482 461 544 525 474 500 553
96 576 508 482 561 543 493 525 567
97 605 533 508 576 565 522 543 591
98 639 562 533 605 597 551 565 621
99 667 604 562 639 638 582 597 653
100 698 649 604 667 673 627 638 682
101 726 691 649 698 706 670 673 708
102 412 335 328 404 375 332 364 408
103 423 350 335 412 386 343 375 419
104 433 359 350 423 397 353 386 426
105 449 378 359 433 410 366 397 442
106 461 396 378 449 427 387 410 456
107 482 420 396 461 452 405 427 474
108 508 447 420 482 478 431 452 493
109 533 479 447 508 506 460 478 522
110 562 515 479 533 537 494 506 551
111 604 556 515 562 574 532 537 582
112 649 603 556 604 626 573 574 627
113 691 662 603 649 678 634 626 670
114 335 273 264 328 301 268 296 332
115 350 285 273 335 316 278 301 343
116 359 298 285 350 329 291 316 353
117 378 317 298 359 348 307 329 366
118 396 338 317 378 362 327 348 387
119 420 360 338 396 391 352 362 405
120 447 395 360 420 421 381 391 431
121 479 429 395 447 455 414 421 460
122 515 472 429 479 488 453 455 494
123 556 517 472 515 535 492 488 532
124 603 568 517 556 586 545 535 573
125 662 642 568 603 651 601 586 634
126 273 219 205 264 244 213 236 268
127 285 231 219 273 256 225 244 278
128 298 245 231 285 274 237 256 291
129 317 267 245 298 294 254 274 307
130 338 292 267 317 315 280 294 327
131 360 321 292 338 345 303 315 352
132 395 354 321 360 376 337 345 381
133 429 394 354 395 411 374 376 414
134 472 440 394 429 457 418 411 453
135 517 486 440 472 502 465 457 492
136 568 548 486 517 560 521 502 545
137 642 620 548 568 631 579 560 601
138 219 175 160 205 196 167 184 213
139 231 186 175 219 207 180 196 225
140 245 202 186 231 227 199 207 237
141 267 229 202 245 246 217 227 254
142 292 251 229 267 275 242 246 280
143 321 288 251 292 300 270 275 303
144 354 325 288 321 341 302 300 337
145 394 361 325 354 382 347 341 374
146 440 416 361 394 424 390 382 418
147 486 471 416 440 480 444 424 465
148 548 531 471 486 538 499 480 521
149 620 607 531 548 613 564 538 579
150 175 138 125 160 155 131 146 167
151 186 152 138 175 169 147 155 180
152 202 172 152 186 191 159 169 199
153 229 198 172 202 210 182 191 217
154 251 226 198 229 238 209 210 242
155 288 259 226 251 276 243 238 270
156 325 299 259 288 312 281 276 302
157 361 349 299 325 355 324 312 347
158 416 398 349 361 406 371 355 390
159 471 459 398 416 463 425 406 444
160 531 527 459 471 529 484 463 499
161 607 595 527 531 600 558 529 564
162 138 112 97 125 124 106 114 131
163 152 126 112 138 141 121 124 147
164 172 148 126 152 156 137 141 159
165 198 174 148 172 183 157 156 182
166 226 201 174 198 215 189 183 209
167 259 240 201 226 248 222 215 243
168 299 284 240 259 293 262 248 281
169 349 330 284 299 339 308 293 324
170 398 389 330 349 392 357 339 371
171 459 450 389 398 454 417 392 425
172 527 516 450 459 520 481 454 484
173 595 590 516 527 592 552 520 558
174 112 92 79 97 102 85 88 106
175 126 110 92 112 119 98 102 121
176 148 127 110 126 139 120 119 137
177 174 154 127 148 161 144 139 157
178 201 188 154 174 197 173 161 189
179 240 228 188 201 232 204 197 222
180 284 271 228 240 277 247 232 262
181 330 322 271 284 326 297 277 308
182 389 379 322 330 383 351 326 357
183 450 443 379 389 445 409 383 417
184 516 512 443 450 513 475 445 481
185 590 587 512 516 588 547 513 552
186 92 77 65 79 83 71 73 85
187 110 95 77 92 101 87 83 98
188 127 116 95 110 123 108 101 120
189 154 145 116 127 150 128 123 144
190 188 177 145 154 181 158 150 173
191 228 218 177 188 221 200 181 204
192 271 263 218 228 266 239 221 247
193 322 314 263 271 318 289 266 297
194 379 373 314 322 377 346 318 351
195 443 438 373 379 439 403 377 409
196 512 509 438 443 511 473 439 475
197 587 583 509 512 585 546 511 547
198 77 68 57 65 75 62 61 71
199 95 86 68 77 90 76 75 87
200 116 111 86 95 113 96 90 108
201 145 136 111 116 142 122 113 128
202 177 168 136 145 176 153 142 158
203 218 208 168 177 214 193 176 200
204 263 255 208 218 260 233 214 239
205 314 310 255 263 313 286 260 289
206 373 368 310 314 369 342 313 346
207 438 435 368 373 436 402 369 403
208 509 505 435 438 507 469 436 473
209 583 580 505 509 581 541 507 546
210 68 63 55 57 66 58 56 62
211 86 80 63 68 82 70 66 76
212 111 103 80 86 107 91 82 96
213 136 129 103 111 133 117 107 122
214 168 164 129 136 166 149 133 153
215 208 203 164 168 206 185 166 193
216 255 250 203 208 253 230 206 233
217 310 306 250 255 309 282 253 286
218 368 363 306 310 365 334 309 342
219 435 432 363 368 434 401 365 402
220 505 501 432 435 504 468 434 469
221 580 577 501 505 578 539 504 541
222 47 67 69 45 53 74 49 46
223 50 60 67 47 54 64 53 48
224 55 63 60 50 58 59 54 52
225 67 118 135 69 93 130 104 74
226 60 84 118 67 72 99 93 64
227 63 80 84 60 70 78 72 59
228 118 162 195 135 143 187 165 130
229 84 115 162 118 100 140 143 99
230 80 103 115 84 91 105 100 78
231 162 211 249 195 190 241 224 187
232 115 151 211 162 132 179 190 140
233 103 129 151 115 117 134 132 105
234 211 257 304 249 235 295 279 241
235 151 192 257 211 170 223 235 179
236 129 164 192 151 149 171 170 134
237 257 305 358 304 283 344 333 295
238 192 234 305 257 212 269 283 223
239 164 203 234 192 185 216 212 171
240 305 356 413 358 331 393 388 344
241 234 287 356 305 258 320 331 269
242 203 250 287 234 230 265 258 216
243 356 407 467 413 384 446 441 393
244 287 340 407 356 311 372 384 320
245 250 306 340 287 282 319 311 265
246 407 462 524 467 437 496 491 446
247 340 400 462 407 367 428 437 372
248 306 363 400 340 334 380 367 319
249 462 526 575 524 489 555 549 496
250 400 464 526 462 430 487 489 428
251 363 432 464 400 401 448 430 380
252 526 584 647 575 554 615 610 555
253 464 534 584 526 497 559 554 487
254 432 501 534 464 468 519 497 448
255 584 660 710 647 624 688 680 615
256 534 614 660 584 570 640 624 559
257 501 577 614 534 539 594 570 519
258 846 823 647 710 840 757 680 813
259 823 756 575 647 801 664 610 757
260 756 636 524 575 696 566 549 664
261 636 523 467 524 571 485 491 566
262 523 422 413 467 470 415 441 485
263 422 323 358 413 370 336 388 415
264 323 220 304 358 272 261 333 336
265 220 109 249 304 163 178 279 261
266 109 43 195 249 51 89 224 178
267 43 36 135 195 41 44 165 89
268 36 29 69 135 32 38 104 44
269 29 20 45 69 24 33 49 38
270 20 23 47 45 22 34 46 33
271 23 26 50 47 25 37 48 34
272 26 31 55 50 27 39 52 37
273 31 26 8 13 27 14 11 17
274 26 23 4 8 25 12 6 14
275 23 20 1 4 22 9 2 12
276 883 823 846 896 860 840 879 891
277 853 756 823 883 827 801 860 871
278 790 636 756 853 714 696 827 834
279 569 523 636 790 542 571 714 687
280 385 422 523 569 399 470 542 477
281 194 323 422 385 252 370 399 290
282 42 220 323 194 94 272 252 81
283 28 109 220 42 40 163 94 35
284 18 43 109 28 30 51 40 21
285 10 36 43 18 19 41 30 16
286 5 29 36 10 15 32 19 7
287 1 20 29 5 9 24 15 3
