1 6046 6050 6100 6097 6048 6074 6098 6071
2 5998 6000 6050 6046 5999 6024 6048 6023
3 5947 5951 6000 5998 5948 5977 5999 5974
4 5897 5901 5951 5947 5898 5927 5948 5923
5 5846 5851 5901 5897 5847 5877 5898 5871
6 5792 5800 5851 5846 5796 5826 5847 5822
7 5738 5747 5800 5792 5743 5773 5796 5768
8 5683 5694 5747 5738 5689 5721 5743 5713
9 5629 5637 5694 5683 5632 5665 5689 5656
10 5567 5578 5637 5629 5573 5606 5632 5602
11 5507 5518 5578 5567 5511 5547 5573 5538
12 5438 5447 5518 5507 5442 5484 5511 5474
13 5367 5380 5447 5438 5375 5417 5442 5402
14 5290 5305 5380 5367 5296 5343 5375 5330
15 5208 5224 5305 5290 5214 5264 5296 5252
16 6050 6057 6105 6100 6053 6081 6103 6074
17 6000 6008 6057 6050 6004 6033 6053 6024
18 5951 5957 6008 6000 5954 5981 6004 5977
19 5901 5908 5957 5951 5902 5931 5954 5927
20 5851 5857 5908 5901 5854 5883 5902 5877
21 5800 5807 5857 5851 5803 5833 5854 5826
22 5747 5755 5807 5800 5751 5783 5803 5773
23 5694 5701 5755 5747 5698 5730 5751 5721
24 5637 5647 5701 5694 5641 5676 5698 5665
25 5578 5591 5647 5637 5584 5619 5641 5606
26 5518 5529 5591 5578 5521 5560 5584 5547
27 5447 5467 5529 5518 5457 5499 5521 5484
28 5380 5397 5467 5447 5388 5431 5457 5417
29 5305 5325 5397 5380 5314 5357 5388 5343
30 5224 5246 5325 5305 5236 5286 5314 5264
31 6057 6063 6114 6105 6062 6087 6109 6081
32 6008 6016 6063 6057 6012 6039 6062 6033
33 5957 5968 6016 6008 5964 5991 6012 5981
34 5908 5918 5968 5957 5914 5941 5964 5931
35 5857 5869 5918 5908 5862 5893 5914 5883
36 5807 5820 5869 5857 5813 5842 5862 5833
37 5755 5766 5820 5807 5759 5790 5813 5783
38 5701 5715 5766 5755 5709 5739 5759 5730
39 5647 5658 5715 5701 5654 5688 5709 5676
40 5591 5603 5658 5647 5597 5633 5654 5619
41 5529 5545 5603 5591 5537 5576 5597 5560
42 5467 5482 5545 5529 5477 5516 5537 5499
43 5397 5419 5482 5467 5404 5446 5477 5431
44 5325 5348 5419 5397 5336 5382 5404 5357
45 5246 5267 5348 5325 5259 5310 5336 5286
46 6063 6073 6120 6114 6069 6095 6116 6087
47 6016 6025 6073 6063 6022 6049 6069 6039
48 5968 5978 6025 6016 5972 6003 6022 5991
49 5918 5930 5978 5968 5924 5955 5972 5941
50 5869 5880 5930 5918 5875 5907 5924 5893
51 5820 5832 5880 5869 5825 5855 5875 5842
52 5766 5782 5832 5820 5776 5806 5825 5790
53 5715 5731 5782 5766 5724 5756 5776 5739
54 5658 5677 5731 5715 5671 5706 5724 5688
55 5603 5623 5677 5658 5612 5649 5671 5633
56 5545 5565 5623 5603 5554 5594 5612 5576
57 5482 5504 5565 5545 5490 5535 5554 5516
58 5419 5439 5504 5482 5425 5472 5490 5446
59 5348 5371 5439 5419 5355 5403 5425 5382
60 5267 5298 5371 5348 5285 5337 5355 5310
61 6073 6089 6133 6120 6082 6113 6128 6095
62 6025 6040 6089 6073 6034 6064 6082 6049
63 5978 5993 6040 6025 5987 6017 6034 6003
64 5930 5944 5993 5978 5936 5970 5987 5955
65 5880 5896 5944 5930 5886 5921 5936 5907
66 5832 5848 5896 5880 5836 5872 5886 5855
67 5782 5799 5848 5832 5786 5824 5836 5806
68 5731 5748 5799 5782 5736 5774 5786 5756
69 5677 5696 5748 5731 5684 5725 5736 5706
70 5623 5642 5696 5677 5631 5672 5684 5649
71 5565 5587 5642 5623 5575 5615 5631 5594
72 5504 5528 5587 5565 5517 5558 5575 5535
73 5439 5466 5528 5504 5452 5497 5517 5472
74 5371 5399 5466 5439 5384 5434 5452 5403
75 5298 5328 5399 5371 5311 5360 5384 5337
76 6089 6106 6145 6133 6093 6127 6137 6113
77 6040 6059 6106 6089 6047 6083 6093 6064
78 5993 6011 6059 6040 6001 6035 6047 6017
79 5944 5965 6011 5993 5953 5988 6001 5970
80 5896 5916 5965 5944 5906 5940 5953 5921
81 5848 5867 5916 5896 5856 5889 5906 5872
82 5799 5819 5867 5848 5808 5841 5856 5824
83 5748 5770 5819 5799 5758 5791 5808 5774
84 5696 5719 5770 5748 5707 5742 5758 5725
85 5642 5666 5719 5696 5653 5691 5707 5672
86 5587 5610 5666 5642 5599 5639 5653 5615
87 5528 5553 5610 5587 5541 5583 5599 5558
88 5466 5491 5553 5528 5480 5525 5541 5497
89 5399 5427 5491 5466 5415 5462 5480 5434
90 5328 5358 5427 5399 5346 5395 5415 5360
91 6106 6124 6156 6145 6115 6141 6149 6127
92 6059 6078 6124 6106 6068 6101 6115 6083
93 6011 6029 6078 6059 6020 6055 6068 6035
94 5965 5983 6029 6011 5973 6007 6020 5988
95 5916 5935 5983 5965 5926 5961 5973 5940
96 5867 5884 5935 5916 5878 5912 5926 5889
97 5819 5837 5884 5867 5830 5864 5878 5841
98 5770 5788 5837 5819 5779 5815 5830 5791
99 5719 5740 5788 5770 5729 5765 5779 5742
100 5666 5690 5740 5719 5678 5717 5729 5691
101 5610 5638 5690 5666 5624 5663 5678 5639
102 5553 5582 5638 5610 5566 5609 5624 5583
103 5491 5524 5582 5553 5509 5552 5566 5525
104 5427 5463 5524 5491 5443 5492 5509 5462
105 5358 5396 5463 5427 5379 5428 5443 5395
106 6124 6139 6167 6156 6131 6154 6162 6141
107 6078 6099 6139 6124 6086 6121 6131 6101
108 6029 6052 6099 6078 6041 6075 6086 6055
109 5983 6006 6052 6029 5994 6028 6041 6007
110 5935 5960 6006 5983 5946 5982 5994 5961
111 5884 5911 5960 5935 5899 5933 5946 5912
112 5837 5865 5911 5884 5852 5885 5899 5864
113 5788 5817 5865 5837 5804 5838 5852 5815
114 5740 5767 5817 5788 5754 5789 5804 5765
115 5690 5718 5767 5740 5703 5741 5754 5717
116 5638 5668 5718 5690 5650 5692 5703 5663
117 5582 5611 5668 5638 5596 5640 5650 5609
118 5524 5556 5611 5582 5540 5586 5596 5552
119 5463 5496 5556 5524 5481 5527 5540 5492
120 5396 5435 5496 5463 5416 5468 5481 5428
121 6139 6155 6179 6167 6147 6168 6174 6154
122 6099 6123 6155 6139 6111 6140 6147 6121
123 6052 6079 6123 6099 6065 6102 6111 6075
124 6006 6032 6079 6052 6018 6056 6065 6028
125 5960 5985 6032 6006 5971 6010 6018 5982
126 5911 5937 5985 5960 5925 5962 5971 5933
127 5865 5890 5937 5911 5879 5915 5925 5885
128 5817 5843 5890 5865 5831 5868 5879 5838
129 5767 5795 5843 5817 5781 5821 5831 5789
130 5718 5746 5795 5767 5733 5772 5781 5741
131 5668 5697 5746 5718 5682 5723 5733 5692
132 5611 5646 5697 5668 5628 5674 5682 5640
133 5556 5590 5646 5611 5572 5618 5628 5586
134 5496 5532 5590 5556 5515 5562 5572 5527
135 5435 5471 5532 5496 5453 5502 5515 5468
136 6155 6171 6191 6179 6163 6181 6185 6168
137 6123 6144 6171 6155 6134 6158 6163 6140
138 6079 6107 6144 6123 6091 6126 6134 6102
139 6032 6060 6107 6079 6044 6084 6091 6056
140 5985 6014 6060 6032 5997 6037 6044 6010
141 5937 5967 6014 5985 5952 5990 5997 5962
142 5890 5920 5967 5937 5905 5943 5952 5915
143 5843 5874 5920 5890 5859 5895 5905 5868
144 5795 5828 5874 5843 5809 5850 5859 5821
145 5746 5778 5828 5795 5760 5802 5809 5772
146 5697 5728 5778 5746 5710 5753 5760 5723
147 5646 5680 5728 5697 5659 5704 5710 5674
148 5590 5626 5680 5646 5605 5651 5659 5618
149 5532 5568 5626 5590 5549 5598 5605 5562
150 5471 5512 5568 5532 5487 5542 5549 5502
151 6171 6184 6201 6191 6176 6193 6195 6181
152 6144 6161 6184 6171 6151 6173 6176 6158
153 6107 6132 6161 6144 6117 6148 6151 6126
154 6060 6090 6132 6107 6070 6112 6117 6084
155 6014 6043 6090 6060 6026 6067 6070 6037
156 5967 5996 6043 6014 5979 6021 6026 5990
157 5920 5950 5996 5967 5932 5976 5979 5943
158 5874 5903 5950 5920 5887 5928 5932 5895
159 5828 5858 5903 5874 5840 5881 5887 5850
160 5778 5810 5858 5828 5794 5834 5840 5802
161 5728 5761 5810 5778 5745 5784 5794 5753
162 5680 5712 5761 5728 5695 5734 5745 5704
163 5626 5661 5712 5680 5644 5687 5695 5651
164 5568 5607 5661 5626 5589 5636 5644 5598
165 5512 5551 5607 5568 5530 5581 5589 5542
166 6184 6196 6210 6201 6190 6204 6206 6193
167 6161 6177 6196 6184 6170 6188 6190 6173
168 6132 6152 6177 6161 6143 6166 6170 6148
169 6090 6119 6152 6132 6108 6138 6143 6112
170 6043 6076 6119 6090 6061 6096 6108 6067
171 5996 6030 6076 6043 6015 6054 6061 6021
172 5950 5984 6030 5996 5969 6009 6015 5976
173 5903 5938 5984 5950 5922 5963 5969 5928
174 5858 5891 5938 5903 5876 5917 5922 5881
175 5810 5845 5891 5858 5829 5870 5876 5834
176 5761 5798 5845 5810 5780 5823 5829 5784
177 5712 5750 5798 5761 5732 5775 5780 5734
178 5661 5700 5750 5712 5681 5726 5732 5687
179 5607 5648 5700 5661 5627 5675 5681 5636
180 5551 5592 5648 5607 5571 5622 5627 5581
181 6196 6207 6217 6210 6202 6213 6214 6204
182 6177 6192 6207 6196 6186 6200 6202 6188
183 6152 6172 6192 6177 6164 6183 6186 6166
184 6119 6146 6172 6152 6135 6160 6164 6138
185 6076 6110 6146 6119 6092 6130 6135 6096
186 6030 6066 6110 6076 6045 6088 6092 6054
187 5984 6019 6066 6030 6002 6042 6045 6009
188 5938 5975 6019 5984 5956 5995 6002 5963
189 5891 5929 5975 5938 5910 5949 5956 5917
190 5845 5882 5929 5891 5863 5904 5910 5870
191 5798 5835 5882 5845 5816 5860 5863 5823
192 5750 5785 5835 5798 5769 5811 5816 5775
193 5700 5735 5785 5750 5720 5762 5769 5726
194 5648 5686 5735 5700 5669 5711 5720 5675
195 5592 5635 5686 5648 5613 5660 5669 5622
196 6207 6216 6223 6217 6212 6220 6221 6213
197 6192 6205 6216 6207 6199 6211 6212 6200
198 6172 6189 6205 6192 6182 6198 6199 6183
199 6146 6169 6189 6172 6159 6180 6182 6160
200 6110 6142 6169 6146 6129 6157 6159 6130
201 6066 6104 6142 6110 6085 6125 6129 6088
202 6019 6058 6104 6066 6038 6080 6085 6042
203 5975 6013 6058 6019 5992 6036 6038 5995
204 5929 5966 6013 5975 5945 5989 5992 5949
205 5882 5919 5966 5929 5900 5942 5945 5904
206 5835 5873 5919 5882 5853 5894 5900 5860
207 5785 5827 5873 5835 5805 5849 5853 5811
208 5735 5777 5827 5785 5757 5801 5805 5762
209 5686 5727 5777 5735 5708 5752 5757 5711
210 5635 5679 5727 5686 5655 5702 5708 5660
211 6216 6222 6226 6223 6219 6224 6225 6220
212 6205 6215 6222 6216 6209 6218 6219 6211
213 6189 6203 6215 6205 6197 6208 6209 6198
214 6169 6187 6203 6189 6178 6194 6197 6180
215 6142 6165 6187 6169 6153 6175 6178 6157
216 6104 6136 6165 6142 6122 6150 6153 6125
217 6058 6094 6136 6104 6077 6118 6122 6080
218 6013 6051 6094 6058 6031 6072 6077 6036
219 5966 6005 6051 6013 5986 6027 6031 5989
220 5919 5958 6005 5966 5939 5980 5986 5942
221 5873 5913 5958 5919 5892 5934 5939 5894
222 5827 5866 5913 5873 5844 5888 5892 5849
223 5777 5818 5866 5827 5797 5839 5844 5801
224 5727 5771 5818 5777 5749 5793 5797 5752
225 5679 5722 5771 5727 5699 5744 5749 5702
226 5123 5062 5004 5069 5096 5037 5041 5101
227 5178 5115 5062 5123 5149 5092 5096 5153
228 5232 5169 5115 5178 5202 5144 5149 5205
229 5282 5220 5169 5232 5255 5197 5202 5258
230 5332 5273 5220 5282 5302 5249 5255 5307
231 5377 5322 5273 5332 5350 5297 5302 5353
232 5422 5366 5322 5377 5393 5345 5350 5398
233 5464 5411 5366 5422 5436 5389 5393 5440
234 5503 5454 5411 5464 5479 5432 5436 5483
235 5543 5494 5454 5503 5520 5476 5479 5523
236 5579 5531 5494 5543 5557 5513 5520 5563
237 5616 5569 5531 5579 5593 5550 5557 5600
238 5652 5604 5569 5616 5630 5588 5593 5634
239 5685 5643 5604 5652 5664 5625 5630 5673
240 5722 5679 5643 5685 5699 5657 5664 5705
241 5062 5000 4942 5004 5034 4973 4976 5037
242 5115 5058 5000 5062 5089 5032 5034 5092
243 5169 5110 5058 5115 5141 5085 5089 5144
244 5220 5162 5110 5169 5193 5138 5141 5197
245 5273 5215 5162 5220 5245 5189 5193 5249
246 5322 5265 5215 5273 5293 5242 5245 5297
247 5366 5312 5265 5322 5340 5289 5293 5345
248 5411 5356 5312 5366 5385 5338 5340 5389
249 5454 5401 5356 5411 5424 5381 5385 5432
250 5494 5441 5401 5454 5469 5423 5424 5476
251 5531 5485 5441 5494 5510 5465 5469 5513
252 5569 5526 5485 5531 5546 5505 5510 5550
253 5604 5564 5526 5569 5585 5544 5546 5588
254 5643 5601 5564 5604 5621 5580 5585 5625
255 5679 5635 5601 5643 5655 5617 5621 5657
256 5000 4937 4875 4942 4971 4909 4911 4973
257 5058 4996 4937 5000 5028 4968 4971 5032
258 5110 5052 4996 5058 5082 5025 5028 5085
259 5162 5106 5052 5110 5134 5080 5082 5138
260 5215 5158 5106 5162 5187 5132 5134 5189
261 5265 5210 5158 5215 5237 5185 5187 5242
262 5312 5261 5210 5265 5287 5235 5237 5289
263 5356 5306 5261 5312 5333 5283 5287 5338
264 5401 5351 5306 5356 5378 5329 5333 5381
265 5441 5394 5351 5401 5420 5374 5378 5423
266 5485 5437 5394 5441 5461 5418 5420 5465
267 5526 5478 5437 5485 5501 5458 5461 5505
268 5564 5519 5478 5526 5539 5498 5501 5544
269 5601 5555 5519 5564 5577 5536 5539 5580
270 5635 5592 5555 5601 5613 5574 5577 5617
271 4937 4873 4811 4875 4906 4842 4843 4909
272 4996 4931 4873 4937 4964 4904 4906 4968
273 5052 4992 4931 4996 5024 4962 4964 5025
274 5106 5049 4992 5052 5078 5022 5024 5080
275 5158 5103 5049 5106 5129 5076 5078 5132
276 5210 5154 5103 5158 5181 5127 5129 5185
277 5261 5203 5154 5210 5230 5176 5181 5235
278 5306 5254 5203 5261 5280 5228 5230 5283
279 5351 5301 5254 5306 5326 5278 5280 5329
280 5394 5347 5301 5351 5370 5323 5326 5374
281 5437 5390 5347 5394 5414 5368 5370 5418
282 5478 5433 5390 5437 5456 5412 5414 5458
283 5519 5475 5433 5478 5495 5455 5456 5498
284 5555 5514 5475 5519 5534 5493 5495 5536
285 5592 5551 5514 5555 5571 5533 5534 5574
286 4873 4810 4747 4811 4840 4779 4780 4842
287 4931 4868 4810 4873 4901 4839 4840 4904
288 4992 4928 4868 4931 4960 4898 4901 4962
289 5049 4989 4928 4992 5019 4958 4960 5022
290 5103 5045 4989 5049 5072 5016 5019 5076
291 5154 5099 5045 5103 5122 5070 5072 5127
292 5203 5148 5099 5154 5174 5120 5122 5176
293 5254 5200 5148 5203 5226 5172 5174 5228
294 5301 5250 5200 5254 5275 5223 5226 5278
295 5347 5295 5250 5301 5320 5271 5275 5323
296 5390 5341 5295 5347 5364 5318 5320 5368
297 5433 5386 5341 5390 5409 5362 5364 5412
298 5475 5429 5386 5433 5451 5407 5409 5455
299 5514 5470 5429 5475 5489 5449 5451 5493
300 5551 5512 5470 5514 5530 5488 5489 5533
301 4810 4748 4685 4747 4778 4716 4714 4779
302 4868 4809 4748 4810 4837 4781 4778 4839
303 4928 4867 4809 4868 4896 4836 4837 4898
304 4989 4927 4867 4928 4957 4895 4896 4958
305 5045 4986 4927 4989 5013 4955 4957 5016
306 5099 5043 4986 5045 5067 5012 5013 5070
307 5148 5097 5043 5099 5117 5066 5067 5120
308 5200 5147 5097 5148 5171 5116 5117 5172
309 5250 5199 5147 5200 5221 5170 5171 5223
310 5295 5248 5199 5250 5269 5222 5221 5271
311 5341 5294 5248 5295 5317 5270 5269 5318
312 5386 5342 5294 5341 5361 5319 5317 5362
313 5429 5387 5342 5386 5406 5363 5361 5407
314 5470 5430 5387 5429 5448 5408 5406 5449
315 5512 5471 5430 5470 5487 5450 5448 5488
316 4748 4691 4626 4685 4718 4661 4659 4716
317 4809 4750 4691 4748 4782 4721 4718 4781
318 4867 4812 4750 4809 4838 4783 4782 4836
319 4927 4870 4812 4867 4897 4841 4838 4895
320 4986 4929 4870 4927 4956 4899 4897 4955
321 5043 4990 4929 4986 5014 4959 4956 5012
322 5097 5046 4990 5043 5068 5018 5014 5066
323 5147 5100 5046 5097 5119 5071 5068 5116
324 5199 5150 5100 5147 5173 5121 5119 5170
325 5248 5201 5150 5199 5225 5175 5173 5222
326 5294 5253 5201 5248 5274 5227 5225 5270
327 5342 5300 5253 5294 5321 5277 5274 5319
328 5387 5349 5300 5342 5365 5324 5321 5363
329 5430 5391 5349 5387 5410 5369 5365 5408
330 5471 5435 5391 5430 5453 5413 5410 5450
331 4691 4631 4568 4626 4662 4603 4599 4661
332 4750 4696 4631 4691 4723 4664 4662 4721
333 4812 4757 4696 4750 4785 4726 4723 4783
334 4870 4818 4757 4812 4844 4787 4785 4841
335 4929 4878 4818 4870 4903 4848 4844 4899
336 4990 4934 4878 4929 4961 4907 4903 4959
337 5046 4993 4934 4990 5020 4965 4961 5018
338 5100 5050 4993 5046 5075 5023 5020 5071
339 5150 5105 5050 5100 5126 5079 5075 5121
340 5201 5157 5105 5150 5177 5130 5126 5175
341 5253 5209 5157 5201 5229 5184 5177 5227
342 5300 5260 5209 5253 5279 5233 5229 5277
343 5349 5308 5260 5300 5327 5284 5279 5324
344 5391 5352 5308 5349 5372 5331 5327 5369
345 5435 5396 5352 5391 5416 5376 5372 5413
346 4631 4576 4513 4568 4607 4545 4542 4603
347 4696 4638 4576 4631 4668 4609 4607 4664
348 4757 4699 4638 4696 4729 4672 4668 4726
349 4818 4765 4699 4757 4789 4735 4729 4787
350 4878 4823 4765 4818 4851 4795 4789 4848
351 4934 4883 4823 4878 4914 4857 4851 4907
352 4993 4945 4883 4934 4970 4915 4914 4965
353 5050 5001 4945 4993 5027 4977 4970 5023
354 5105 5059 5001 5050 5081 5033 5027 5079
355 5157 5112 5059 5105 5133 5087 5081 5130
356 5209 5164 5112 5157 5186 5140 5133 5184
357 5260 5216 5164 5209 5238 5190 5186 5233
358 5308 5266 5216 5260 5288 5243 5238 5284
359 5352 5315 5266 5308 5334 5292 5288 5331
360 5396 5358 5315 5352 5379 5339 5334 5376
361 4576 4523 4458 4513 4550 4492 4484 4545
362 4638 4588 4523 4576 4614 4555 4550 4609
363 4699 4649 4588 4638 4676 4620 4614 4672
364 4765 4711 4649 4699 4739 4683 4676 4735
365 4823 4771 4711 4765 4799 4743 4739 4795
366 4883 4832 4771 4823 4863 4806 4799 4857
367 4945 4894 4832 4883 4921 4866 4863 4915
368 5001 4954 4894 4945 4980 4926 4921 4977
369 5059 5017 4954 5001 5039 4988 4980 5033
370 5112 5073 5017 5059 5093 5047 5039 5087
371 5164 5125 5073 5112 5145 5102 5093 5140
372 5216 5180 5125 5164 5198 5155 5145 5190
373 5266 5231 5180 5216 5251 5207 5198 5243
374 5315 5281 5231 5266 5299 5257 5251 5292
375 5358 5328 5281 5315 5346 5304 5299 5339
376 4523 4471 4410 4458 4499 4438 4435 4492
377 4588 4538 4471 4523 4561 4504 4499 4555
378 4649 4605 4538 4588 4625 4569 4561 4620
379 4711 4666 4605 4649 4689 4633 4625 4683
380 4771 4731 4666 4711 4751 4697 4689 4743
381 4832 4791 4731 4771 4816 4762 4751 4806
382 4894 4854 4791 4832 4874 4821 4816 4866
383 4954 4916 4854 4894 4936 4884 4874 4926
384 5017 4979 4916 4954 4995 4946 4936 4988
385 5073 5035 4979 5017 5053 5003 4995 5047
386 5125 5090 5035 5073 5107 5061 5053 5102
387 5180 5143 5090 5125 5160 5114 5107 5155
388 5231 5194 5143 5180 5213 5168 5160 5207
389 5281 5247 5194 5231 5262 5219 5213 5257
390 5328 5298 5247 5281 5311 5272 5262 5304
391 4471 4423 4358 4410 4448 4390 4382 4438
392 4538 4491 4423 4471 4514 4454 4448 4504
393 4605 4557 4491 4538 4579 4524 4514 4569
394 4666 4623 4557 4605 4640 4590 4579 4633
395 4731 4684 4623 4666 4706 4655 4640 4697
396 4791 4749 4684 4731 4769 4715 4706 4762
397 4854 4815 4749 4791 4830 4784 4769 4821
398 4916 4877 4815 4854 4892 4847 4830 4884
399 4979 4939 4877 4916 4953 4910 4892 4946
400 5035 4998 4939 4979 5015 4969 4953 5003
401 5090 5055 4998 5035 5074 5030 5015 5061
402 5143 5109 5055 5090 5128 5084 5074 5114
403 5194 5165 5109 5143 5183 5139 5128 5168
404 5247 5217 5165 5194 5234 5192 5183 5219
405 5298 5267 5217 5247 5285 5244 5234 5272
406 4423 4379 4312 4358 4403 4349 4338 4390
407 4491 4446 4379 4423 4468 4414 4403 4454
408 4557 4516 4446 4491 4535 4480 4468 4524
409 4623 4581 4516 4557 4602 4548 4535 4590
410 4684 4645 4581 4623 4667 4615 4602 4655
411 4749 4710 4645 4684 4732 4680 4667 4715
412 4815 4773 4710 4749 4796 4744 4732 4784
413 4877 4835 4773 4815 4860 4808 4796 4847
414 4939 4902 4835 4877 4920 4871 4860 4910
415 4998 4966 4902 4939 4981 4932 4920 4969
416 5055 5026 4966 4998 5042 4994 4981 5030
417 5109 5083 5026 5055 5098 5054 5042 5084
418 5165 5136 5083 5109 5152 5108 5098 5139
419 5217 5191 5136 5165 5206 5163 5152 5192
420 5267 5246 5191 5217 5259 5218 5206 5244
421 4379 4340 4275 4312 4359 4304 4292 4349
422 4446 4409 4340 4379 4427 4374 4359 4414
423 4516 4474 4409 4446 4494 4441 4427 4480
424 4581 4543 4474 4516 4560 4507 4494 4548
425 4645 4611 4543 4581 4627 4577 4560 4615
426 4710 4677 4611 4645 4695 4641 4627 4680
427 4773 4742 4677 4710 4760 4709 4695 4744
428 4835 4807 4742 4773 4822 4772 4760 4808
429 4902 4872 4807 4835 4886 4834 4822 4871
430 4966 4933 4872 4902 4949 4905 4886 4932
431 5026 4997 4933 4966 5010 4967 4949 4994
432 5083 5057 4997 5026 5065 5029 5010 5054
433 5136 5113 5057 5083 5124 5086 5065 5108
434 5191 5167 5113 5136 5182 5142 5124 5163
435 5246 5224 5167 5191 5236 5196 5182 5218
436 4340 4301 4233 4275 4318 4269 4253 4304
437 4409 4373 4301 4340 4386 4339 4318 4374
438 4474 4439 4373 4409 4455 4408 4386 4441
439 4543 4509 4439 4474 4526 4473 4455 4507
440 4611 4578 4509 4543 4595 4544 4526 4577
441 4677 4643 4578 4611 4663 4613 4595 4641
442 4742 4712 4643 4677 4728 4681 4663 4709
443 4807 4777 4712 4742 4793 4745 4728 4772
444 4872 4845 4777 4807 4861 4813 4793 4834
445 4933 4913 4845 4872 4922 4879 4861 4905
446 4997 4974 4913 4933 4985 4944 4922 4967
447 5057 5036 4974 4997 5048 5002 4985 5029
448 5113 5095 5036 5057 5104 5063 5048 5086
449 5167 5151 5095 5113 5159 5118 5104 5142
450 5224 5208 5151 5167 5214 5179 5159 5196
451 5004 4975 5044 5069 4991 5006 5056 5041
452 4942 4900 4975 5004 4923 4938 4991 4976
453 4875 4828 4900 4942 4856 4865 4923 4911
454 4811 4759 4828 4875 4788 4794 4856 4843
455 4747 4688 4759 4811 4722 4724 4788 4780
456 4685 4622 4688 4747 4658 4654 4722 4714
457 4626 4553 4622 4685 4594 4587 4658 4659
458 4568 4487 4553 4626 4531 4521 4594 4599
459 4513 4432 4487 4568 4472 4456 4531 4542
460 4458 4372 4432 4513 4418 4399 4472 4484
461 4410 4315 4372 4458 4364 4344 4418 4435
462 4358 4264 4315 4410 4311 4291 4364 4382
463 4312 4224 4264 4358 4268 4244 4311 4338
464 4275 4182 4224 4312 4227 4201 4268 4292
465 4233 4143 4182 4275 4190 4159 4227 4253
466 4975 4935 5011 5044 4952 4978 5031 5006
467 4900 4855 4935 4975 4881 4891 4952 4938
468 4828 4770 4855 4900 4801 4814 4881 4865
469 4759 4693 4770 4828 4727 4733 4801 4794
470 4688 4612 4693 4759 4651 4650 4727 4724
471 4622 4534 4612 4688 4580 4572 4651 4654
472 4553 4463 4534 4622 4508 4500 4580 4587
473 4487 4394 4463 4553 4442 4430 4508 4521
474 4432 4330 4394 4487 4380 4362 4442 4456
475 4372 4274 4330 4432 4320 4298 4380 4399
476 4315 4223 4274 4372 4270 4246 4320 4344
477 4264 4174 4223 4315 4222 4197 4270 4291
478 4224 4125 4174 4264 4178 4151 4222 4244
479 4182 4085 4125 4224 4135 4108 4178 4201
480 4143 4048 4085 4182 4095 4065 4135 4159
481 4935 4893 4984 5011 4917 4943 4999 4978
482 4855 4804 4893 4935 4827 4852 4917 4891
483 4770 4707 4804 4855 4741 4758 4827 4814
484 4693 4618 4707 4770 4656 4665 4741 4733
485 4612 4527 4618 4693 4570 4573 4656 4650
486 4534 4443 4527 4612 4490 4483 4570 4572
487 4463 4367 4443 4534 4416 4405 4490 4500
488 4394 4293 4367 4463 4346 4331 4416 4430
489 4330 4230 4293 4394 4282 4260 4346 4362
490 4274 4181 4230 4330 4228 4207 4282 4298
491 4223 4126 4181 4274 4179 4154 4228 4246
492 4174 4080 4126 4223 4127 4104 4179 4197
493 4125 4036 4080 4174 4081 4060 4127 4151
494 4085 3999 4036 4125 4043 4018 4081 4108
495 4048 3961 3999 4085 4003 3979 4043 4065
496 4893 4858 4951 4984 4876 4908 4972 4943
497 4804 4753 4858 4893 4775 4805 4876 4852
498 4707 4647 4753 4804 4678 4698 4775 4758
499 4618 4546 4647 4707 4582 4598 4678 4665
500 4527 4447 4546 4618 4485 4498 4582 4573
501 4443 4355 4447 4527 4400 4402 4485 4483
502 4367 4277 4355 4443 4319 4316 4400 4405
503 4293 4209 4277 4367 4251 4241 4319 4331
504 4230 4148 4209 4293 4192 4180 4251 4260
505 4181 4092 4148 4230 4136 4122 4192 4207
506 4126 4040 4092 4181 4083 4068 4136 4154
507 4080 3996 4040 4126 4039 4020 4083 4104
508 4036 3956 3996 4080 3998 3973 4039 4060
509 3999 3917 3956 4036 3958 3937 3998 4018
510 3961 3880 3917 3999 3923 3898 3958 3979
511 4858 4819 4925 4951 4831 4869 4941 4908
512 4753 4702 4819 4858 4730 4763 4831 4805
513 4647 4592 4702 4753 4621 4646 4730 4698
514 4546 4478 4592 4647 4511 4536 4621 4598
515 4447 4375 4478 4546 4412 4429 4511 4498
516 4355 4281 4375 4447 4317 4325 4412 4402
517 4277 4204 4281 4355 4237 4240 4317 4316
518 4209 4132 4204 4277 4171 4168 4237 4241
519 4148 4072 4132 4209 4110 4099 4171 4180
520 4092 4014 4072 4148 4057 4042 4110 4122
521 4040 3966 4014 4092 4004 3990 4057 4068
522 3996 3924 3966 4040 3960 3945 4004 4020
523 3956 3882 3924 3996 3919 3901 3960 3973
524 3917 3844 3882 3956 3883 3865 3919 3937
525 3880 3815 3844 3917 3850 3830 3883 3898
526 4819 4776 4890 4925 4798 4833 4912 4869
527 4702 4660 4776 4819 4682 4717 4798 4763
528 4592 4539 4660 4702 4562 4600 4682 4646
529 4478 4420 4539 4592 4451 4479 4562 4536
530 4375 4310 4420 4478 4345 4368 4451 4429
531 4281 4221 4310 4375 4249 4263 4345 4325
532 4204 4142 4221 4281 4173 4183 4249 4240
533 4132 4070 4142 4204 4098 4103 4173 4168
534 4072 4006 4070 4132 4037 4034 4098 4099
535 4014 3951 4006 4072 3982 3977 4037 4042
536 3966 3902 3951 4014 3936 3929 3982 3990
537 3924 3860 3902 3966 3890 3879 3936 3945
538 3882 3818 3860 3924 3856 3841 3890 3901
539 3844 3789 3818 3882 3817 3805 3856 3865
540 3815 3758 3789 3844 3787 3771 3817 3830
541 4776 4740 4864 4890 4761 4803 4880 4833
542 4660 4616 4740 4776 4636 4679 4761 4717
543 4539 4489 4616 4660 4515 4554 4636 4600
544 4420 4371 4489 4539 4395 4433 4515 4479
545 4310 4259 4371 4420 4288 4313 4395 4368
546 4221 4170 4259 4310 4196 4215 4288 4263
547 4142 4087 4170 4221 4116 4128 4196 4183
548 4070 4016 4087 4142 4041 4054 4116 4103
549 4006 3953 4016 4070 3980 3983 4041 4034
550 3951 3896 3953 4006 3926 3927 3980 3977
551 3902 3854 3896 3951 3875 3870 3926 3929
552 3860 3810 3854 3902 3836 3827 3875 3879
553 3818 3770 3810 3860 3798 3792 3836 3841
554 3789 3739 3770 3818 3765 3756 3798 3805
555 3758 3711 3739 3789 3735 3727 3765 3771
556 4740 4704 4829 4864 4725 4768 4850 4803
557 4616 4575 4704 4740 4597 4639 4725 4679
558 4489 4445 4575 4616 4467 4510 4597 4554
559 4371 4323 4445 4489 4350 4383 4467 4433
560 4259 4219 4323 4371 4238 4272 4350 4313
561 4170 4124 4219 4259 4149 4175 4238 4215
562 4087 4045 4124 4170 4066 4084 4149 4128
563 4016 3970 4045 4087 3994 4010 4066 4054
564 3953 3913 3970 4016 3934 3943 3994 3983
565 3896 3859 3913 3953 3876 3884 3934 3927
566 3854 3812 3859 3896 3828 3834 3876 3870
567 3810 3767 3812 3854 3791 3790 3828 3827
568 3770 3732 3767 3810 3752 3748 3791 3792
569 3739 3705 3732 3770 3721 3717 3752 3756
570 3711 3679 3705 3739 3697 3691 3721 3727
571 4704 4671 4800 4829 4686 4737 4817 4768
572 4575 4537 4671 4704 4556 4606 4686 4639
573 4445 4407 4537 4575 4426 4470 4556 4510
574 4323 4285 4407 4445 4303 4347 4426 4383
575 4219 4185 4285 4323 4202 4229 4303 4272
576 4124 4090 4185 4219 4109 4137 4202 4175
577 4045 4009 4090 4124 4024 4051 4109 4084
578 3970 3939 4009 4045 3955 3971 4024 4010
579 3913 3872 3939 3970 3891 3906 3955 3943
580 3859 3820 3872 3913 3839 3849 3891 3884
581 3812 3775 3820 3859 3794 3802 3839 3834
582 3767 3736 3775 3812 3751 3757 3794 3790
583 3732 3706 3736 3767 3718 3719 3751 3748
584 3705 3676 3706 3732 3690 3689 3718 3717
585 3679 3654 3676 3705 3665 3664 3690 3691
586 4671 4634 4767 4800 4653 4700 4786 4737
587 4537 4501 4634 4671 4519 4566 4653 4606
588 4407 4369 4501 4537 4384 4436 4519 4470
589 4285 4248 4369 4407 4267 4307 4384 4347
590 4185 4150 4248 4285 4166 4200 4267 4229
591 4090 4059 4150 4185 4075 4100 4166 4137
592 4009 3976 4059 4090 3992 4019 4075 4051
593 3939 3907 3976 4009 3925 3944 3992 3971
594 3872 3846 3907 3939 3863 3877 3925 3906
595 3820 3797 3846 3872 3811 3819 3863 3849
596 3775 3749 3797 3820 3761 3772 3811 3802
597 3736 3713 3749 3775 3724 3731 3761 3757
598 3706 3683 3713 3736 3693 3700 3724 3719
599 3676 3658 3683 3706 3667 3671 3693 3689
600 3654 3634 3658 3676 3647 3648 3667 3664
601 4634 4601 4738 4767 4617 4669 4752 4700
602 4501 4464 4601 4634 4481 4530 4617 4566
603 4369 4335 4464 4501 4351 4398 4481 4436
604 4248 4218 4335 4369 4231 4276 4351 4307
605 4150 4121 4218 4248 4133 4169 4231 4200
606 4059 4026 4121 4150 4044 4076 4133 4100
607 3976 3950 4026 4059 3963 3988 4044 4019
608 3907 3881 3950 3976 3894 3916 3963 3944
609 3846 3822 3881 3907 3837 3857 3894 3877
610 3797 3773 3822 3846 3785 3801 3837 3819
611 3749 3730 3773 3797 3743 3750 3785 3772
612 3713 3696 3730 3749 3707 3712 3743 3731
613 3683 3666 3696 3713 3675 3681 3707 3700
614 3658 3644 3666 3683 3651 3655 3675 3671
615 3634 3621 3644 3658 3629 3632 3651 3648
616 4601 4563 4703 4738 4584 4635 4719 4669
617 4464 4431 4563 4601 4444 4497 4584 4530
618 4335 4296 4431 4464 4314 4363 4444 4398
619 4218 4189 4296 4335 4206 4243 4314 4276
620 4121 4089 4189 4218 4101 4141 4206 4169
621 4026 4001 4089 4121 4015 4046 4101 4076
622 3950 3930 4001 4026 3940 3965 4015 3988
623 3881 3861 3930 3950 3868 3892 3940 3916
624 3822 3803 3861 3881 3813 3833 3868 3857
625 3773 3754 3803 3822 3763 3778 3813 3801
626 3730 3714 3754 3773 3723 3734 3763 3750
627 3696 3682 3714 3730 3688 3701 3723 3712
628 3666 3656 3682 3696 3661 3669 3688 3681
629 3644 3633 3656 3666 3637 3646 3661 3655
630 3621 3614 3633 3644 3617 3622 3637 3632
631 4563 4529 4673 4703 4549 4604 4687 4635
632 4431 4392 4529 4563 4411 4461 4549 4497
633 4296 4266 4392 4431 4283 4327 4411 4363
634 4189 4158 4266 4296 4176 4211 4283 4243
635 4089 4062 4158 4189 4077 4114 4176 4141
636 4001 3978 4062 4089 3989 4021 4077 4046
637 3930 3904 3978 4001 3915 3942 3989 3965
638 3861 3842 3904 3930 3855 3869 3915 3892
639 3803 3786 3842 3861 3796 3814 3855 3833
640 3754 3741 3786 3803 3746 3762 3796 3778
641 3714 3703 3741 3754 3709 3720 3746 3734
642 3682 3673 3703 3714 3678 3686 3709 3701
643 3656 3649 3673 3682 3652 3660 3678 3669
644 3633 3624 3649 3656 3630 3635 3652 3646
645 3614 3611 3624 3633 3612 3616 3630 3622
646 4529 4496 4637 4673 4512 4565 4657 4604
647 4392 4357 4496 4529 4376 4428 4512 4461
648 4266 4234 4357 4392 4250 4294 4376 4327
649 4158 4129 4234 4266 4146 4186 4250 4211
650 4062 4035 4129 4158 4052 4082 4146 4114
651 3978 3957 4035 4062 3967 3997 4052 4021
652 3904 3887 3957 3978 3893 3920 3967 3942
653 3842 3821 3887 3904 3831 3858 3893 3869
654 3786 3769 3821 3842 3777 3799 3831 3814
655 3741 3728 3769 3786 3733 3747 3777 3762
656 3703 3692 3728 3741 3699 3710 3733 3720
657 3673 3663 3692 3703 3668 3680 3699 3686
658 3649 3641 3663 3673 3645 3653 3668 3660
659 3624 3620 3641 3649 3623 3631 3645 3635
660 3611 3608 3620 3624 3609 3615 3623 3616
661 4496 4462 4608 4637 4477 4533 4624 4565
662 4357 4324 4462 4496 4343 4393 4477 4428
663 4234 4208 4324 4357 4226 4261 4343 4294
664 4129 4106 4208 4234 4120 4156 4226 4186
665 4035 4012 4106 4129 4023 4061 4120 4082
666 3957 3935 4012 4035 3946 3972 4023 3997
667 3887 3866 3935 3957 3871 3899 3946 3920
668 3821 3808 3866 3887 3816 3838 3871 3858
669 3769 3759 3808 3821 3766 3783 3816 3799
670 3728 3716 3759 3769 3722 3737 3766 3747
671 3692 3685 3716 3728 3687 3702 3722 3710
672 3663 3659 3685 3692 3662 3674 3687 3680
673 3641 3636 3659 3663 3639 3650 3662 3653
674 3620 3618 3636 3641 3619 3628 3639 3631
675 3608 3606 3618 3620 3607 3613 3619 3615
676 4289 3862 3829 4262 4091 3843 4067 4279
677 4309 3889 3862 4289 4117 3873 4091 4297
678 4336 3922 3889 4309 4139 3905 4117 4321
679 4354 3952 3922 4336 4162 3938 4139 4348
680 4378 3981 3952 4354 4188 3969 4162 4370
681 4404 4017 3981 4378 4213 4000 4188 4389
682 4425 4056 4017 4404 4239 4032 4213 4415
683 4449 4094 4056 4425 4271 4074 4239 4437
684 4469 4140 4094 4449 4302 4119 4271 4459
685 4493 4191 4140 4469 4341 4165 4302 4482
686 4517 4242 4191 4493 4381 4214 4341 4506
687 4540 4299 4242 4517 4422 4273 4381 4528
688 4559 4360 4299 4540 4466 4333 4422 4552
689 4586 4417 4360 4559 4503 4387 4466 4574
690 4608 4462 4417 4586 4533 4440 4503 4596
691 3862 3455 3444 3829 3580 3448 3570 3843
692 3889 3467 3455 3862 3593 3462 3580 3873
693 3922 3482 3467 3889 3602 3476 3593 3905
694 3952 3502 3482 3922 3672 3489 3602 3938
695 3981 3536 3502 3952 3729 3524 3672 3969
696 4017 3556 3536 3981 3782 3547 3729 4000
697 4056 3578 3556 4017 3840 3569 3782 4032
698 4094 3605 3578 4056 3897 3594 3840 4074
699 4140 3742 3605 4094 3962 3684 3897 4119
700 4191 3851 3742 4140 4028 3800 3962 4165
701 4242 3954 3851 4191 4107 3903 4028 4214
702 4299 4058 3954 4242 4184 4005 4107 4273
703 4360 4153 4058 4299 4255 4105 4184 4333
704 4417 4245 4153 4360 4329 4199 4255 4387
705 4462 4324 4245 4417 4393 4286 4329 4440
706 3455 3243 3232 3444 3340 3239 3323 3448
707 3467 3253 3243 3455 3360 3248 3340 3462
708 3482 3267 3253 3467 3375 3260 3360 3476
709 3502 3280 3267 3482 3386 3274 3375 3489
710 3536 3295 3280 3502 3415 3289 3386 3524
711 3556 3324 3295 3536 3440 3315 3415 3547
712 3578 3366 3324 3556 3466 3346 3440 3569
713 3605 3405 3366 3578 3511 3380 3466 3594
714 3742 3453 3405 3605 3559 3431 3511 3684
715 3851 3522 3453 3742 3601 3480 3559 3800
716 3954 3584 3522 3851 3776 3553 3601 3903
717 4058 3755 3584 3954 3921 3643 3776 4005
718 4153 3933 3755 4058 4047 3852 3921 4105
719 4245 4079 3933 4153 4160 4008 4047 4199
720 4324 4208 4079 4245 4261 4145 4160 4286
721 3243 3019 2996 3232 3114 3001 3107 3239
722 3253 3040 3019 3243 3122 3029 3114 3248
723 3267 3057 3040 3253 3141 3051 3122 3260
724 3280 3068 3057 3267 3166 3064 3141 3274
725 3295 3095 3068 3280 3199 3074 3166 3289
726 3324 3117 3095 3295 3245 3110 3199 3315
727 3366 3160 3117 3324 3273 3137 3245 3346
728 3405 3236 3160 3366 3310 3194 3273 3380
729 3453 3281 3236 3405 3367 3258 3310 3431
730 3522 3351 3281 3453 3432 3312 3367 3480
731 3584 3429 3351 3522 3500 3384 3432 3553
732 3755 3530 3429 3584 3591 3470 3500 3643
733 3933 3642 3530 3755 3807 3573 3591 3852
734 4079 3910 3642 3933 3995 3795 3807 4008
735 4208 4106 3910 4079 4156 4011 3995 4145
736 3019 2816 2806 2996 2915 2812 2908 3001
737 3040 2843 2816 3019 2937 2823 2915 3029
738 3057 2863 2843 3040 2951 2855 2937 3051
739 3068 2884 2863 3057 2971 2874 2951 3064
740 3095 2912 2884 3068 2997 2897 2971 3074
741 3117 2946 2912 3095 3054 2932 2997 3110
742 3160 2990 2946 3117 3077 2965 3054 3137
743 3236 3060 2990 3160 3123 3034 3077 3194
744 3281 3115 3060 3236 3200 3085 3123 3258
745 3351 3210 3115 3281 3278 3152 3200 3312
746 3429 3292 3210 3351 3364 3259 3278 3384
747 3530 3389 3292 3429 3458 3349 3364 3470
748 3642 3525 3389 3530 3571 3457 3458 3573
749 3910 3726 3525 3642 3823 3582 3571 3795
750 4106 4012 3726 3910 4061 3886 3823 4011
751 2816 2645 2633 2806 2734 2639 2725 2812
752 2843 2658 2645 2816 2752 2652 2734 2823
753 2863 2690 2658 2843 2776 2679 2752 2855
754 2884 2712 2690 2863 2799 2700 2776 2874
755 2912 2743 2712 2884 2822 2726 2799 2897
756 2946 2792 2743 2912 2876 2772 2822 2932
757 2990 2849 2792 2946 2916 2811 2876 2965
758 3060 2911 2849 2990 2979 2881 2916 3034
759 3115 2983 2911 3060 3062 2947 2979 3085
760 3210 3070 2983 3115 3127 3047 3062 3152
761 3292 3184 3070 3210 3251 3119 3127 3259
762 3389 3296 3184 3292 3355 3255 3251 3349
763 3525 3436 3296 3389 3472 3368 3355 3457
764 3726 3581 3436 3525 3610 3503 3472 3582
765 4012 3935 3581 3726 3972 3760 3610 3886
766 2645 2496 2483 2633 2580 2494 2568 2639
767 2658 2511 2496 2645 2588 2500 2580 2652
768 2690 2541 2511 2658 2615 2530 2588 2679
769 2712 2569 2541 2690 2634 2556 2615 2700
770 2743 2606 2569 2712 2678 2582 2634 2726
771 2792 2646 2606 2743 2722 2626 2678 2772
772 2849 2713 2646 2792 2784 2684 2722 2811
773 2911 2791 2713 2849 2857 2746 2784 2881
774 2983 2879 2791 2911 2935 2824 2857 2947
775 3070 2973 2879 2983 3038 2925 2935 3047
776 3184 3091 2973 3070 3125 3048 3038 3119
777 3296 3240 3091 3184 3268 3146 3125 3255
778 3436 3370 3240 3296 3390 3291 3268 3368
779 3581 3540 3370 3436 3561 3447 3390 3503
780 3935 3866 3540 3581 3899 3625 3561 3760
781 2496 2363 2352 2483 2434 2359 2424 2494
782 2511 2375 2363 2496 2447 2369 2434 2500
783 2541 2412 2375 2511 2472 2397 2447 2530
784 2569 2441 2412 2541 2498 2427 2472 2556
785 2606 2481 2441 2569 2551 2459 2498 2582
786 2646 2540 2481 2606 2593 2502 2551 2626
787 2713 2605 2540 2646 2654 2570 2593 2684
788 2791 2686 2605 2713 2732 2638 2654 2746
789 2879 2786 2686 2791 2820 2731 2732 2824
790 2973 2895 2786 2879 2936 2842 2820 2925
791 3091 3024 2895 2973 3063 2954 2936 3048
792 3240 3150 3024 3091 3191 3088 3063 3146
793 3370 3316 3150 3240 3341 3250 3191 3291
794 3540 3485 3316 3370 3512 3398 3341 3447
795 3866 3808 3485 3540 3838 3586 3512 3625
796 2363 2248 2236 2352 2313 2240 2298 2359
797 2375 2263 2248 2363 2324 2254 2313 2369
798 2412 2300 2263 2375 2353 2283 2324 2397
799 2441 2329 2300 2412 2379 2316 2353 2427
800 2481 2373 2329 2441 2431 2357 2379 2459
801 2540 2442 2373 2481 2487 2416 2431 2502
802 2605 2509 2442 2540 2564 2474 2487 2570
803 2686 2604 2509 2605 2637 2563 2564 2638
804 2786 2708 2604 2686 2741 2649 2637 2731
805 2895 2819 2708 2786 2869 2771 2741 2842
806 3024 2959 2819 2895 2986 2898 2869 2954
807 3150 3111 2959 3024 3124 3052 2986 3088
808 3316 3283 3111 3150 3294 3196 3124 3250
809 3485 3460 3283 3316 3473 3373 3294 3398
810 3808 3759 3460 3485 3783 3565 3473 3586
811 2248 2150 2135 2236 2202 2140 2190 2240
812 2263 2163 2150 2248 2219 2156 2202 2254
813 2300 2205 2163 2263 2249 2191 2219 2283
814 2329 2244 2205 2300 2291 2221 2249 2316
815 2373 2299 2244 2329 2340 2265 2291 2357
816 2442 2361 2299 2373 2403 2327 2340 2416
817 2509 2443 2361 2442 2476 2404 2403 2474
818 2604 2543 2443 2509 2571 2490 2476 2563
819 2708 2644 2543 2604 2681 2590 2571 2649
820 2819 2781 2644 2708 2801 2715 2681 2771
821 2959 2917 2781 2819 2943 2858 2801 2898
822 3111 3071 2917 2959 3096 2994 2943 3052
823 3283 3264 3071 3111 3272 3157 3096 3196
824 3460 3441 3264 3283 3450 3347 3272 3373
825 3759 3716 3441 3460 3737 3550 3450 3565
826 2150 2063 2043 2135 2110 2058 2097 2140
827 2163 2095 2063 2150 2133 2073 2110 2156
828 2205 2120 2095 2163 2158 2108 2133 2191
829 2244 2160 2120 2205 2207 2148 2158 2221
830 2299 2230 2160 2244 2256 2201 2207 2265
831 2361 2303 2230 2299 2328 2257 2256 2327
832 2443 2377 2303 2361 2419 2345 2328 2404
833 2543 2485 2377 2443 2504 2438 2419 2490
834 2644 2607 2485 2543 2622 2554 2504 2590
835 2781 2736 2607 2644 2760 2672 2622 2715
836 2917 2892 2736 2781 2905 2808 2760 2858
837 3071 3061 2892 2917 3067 2964 2905 2994
838 3264 3247 3061 3071 3256 3133 3067 3157
839 3441 3428 3247 3264 3437 3325 3256 3347
840 3716 3685 3428 3441 3702 3539 3437 3550
841 2063 1994 1973 2043 2033 1988 2021 2058
842 2095 2028 1994 2063 2060 2010 2033 2073
843 2120 2061 2028 2095 2098 2042 2060 2108
844 2160 2112 2061 2120 2142 2092 2098 2148
845 2230 2180 2112 2160 2204 2144 2142 2201
846 2303 2252 2180 2230 2278 2214 2204 2257
847 2377 2344 2252 2303 2364 2302 2278 2345
848 2485 2449 2344 2377 2469 2400 2364 2438
849 2607 2577 2449 2485 2585 2503 2469 2554
850 2736 2711 2577 2607 2723 2635 2585 2672
851 2892 2871 2711 2736 2882 2793 2723 2808
852 3061 3049 2871 2892 3055 2950 2882 2964
853 3247 3238 3049 3061 3244 3118 3055 3133
854 3428 3420 3238 3247 3424 3317 3244 3325
855 3685 3659 3420 3428 3674 3531 3424 3539
856 1994 1939 1918 1973 1969 1933 1947 1988
857 2028 1970 1939 1994 1998 1963 1969 2010
858 2061 2022 1970 2028 2038 1992 1998 2042
859 2112 2066 2022 2061 2096 2040 2038 2092
860 2180 2136 2066 2112 2155 2102 2096 2144
861 2252 2215 2136 2180 2235 2182 2155 2214
862 2344 2315 2215 2252 2326 2259 2235 2302
863 2449 2426 2315 2344 2437 2368 2326 2400
864 2577 2555 2426 2449 2566 2484 2437 2503
865 2711 2693 2555 2577 2704 2620 2566 2635
866 2871 2859 2693 2711 2866 2775 2704 2793
867 3049 3033 2859 2871 3042 2941 2866 2950
868 3238 3225 3033 3049 3234 3113 3042 3118
869 3420 3410 3225 3238 3416 3308 3234 3317
870 3659 3636 3410 3420 3650 3521 3416 3531
871 1939 1898 1869 1918 1923 1883 1895 1933
872 1970 1936 1898 1939 1959 1917 1923 1963
873 2022 1974 1936 1970 1995 1962 1959 1992
874 2066 2036 1974 2022 2053 2002 1995 2040
875 2136 2107 2036 2066 2118 2067 2053 2102
876 2215 2194 2107 2136 2206 2151 2118 2182
877 2315 2294 2194 2215 2308 2241 2206 2259
878 2426 2406 2294 2315 2418 2350 2308 2368
879 2555 2537 2406 2426 2549 2470 2418 2484
880 2693 2682 2537 2555 2687 2608 2549 2620
881 2859 2845 2682 2693 2851 2763 2687 2775
882 3033 3020 2845 2859 3025 2929 2851 2941
883 3225 3216 3020 3033 3222 3109 3025 3113
884 3410 3404 3216 3225 3407 3305 3222 3308
885 3636 3618 3404 3410 3628 3513 3407 3521
886 1898 1864 1832 1869 1876 1846 1848 1883
887 1936 1913 1864 1898 1919 1882 1876 1917
888 1974 1958 1913 1936 1967 1931 1919 1962
889 2036 2020 1958 1974 2027 1986 1967 2002
890 2107 2089 2020 2036 2100 2052 2027 2067
891 2194 2175 2089 2107 2187 2130 2100 2151
892 2294 2274 2175 2194 2284 2228 2187 2241
893 2406 2381 2274 2294 2399 2331 2284 2350
894 2537 2516 2381 2406 2532 2453 2399 2470
895 2682 2661 2516 2537 2675 2594 2532 2608
896 2845 2825 2661 2682 2836 2747 2675 2763
897 3020 3002 2825 2845 3012 2919 2836 2929
898 3216 3201 3002 3020 3212 3102 3012 3109
899 3404 3391 3201 3216 3401 3297 3212 3305
900 3618 3606 3391 3404 3613 3505 3401 3513
901 1711 1902 1874 1683 1778 1896 1765 1699
902 1734 1879 1902 1711 1785 1893 1778 1721
903 1751 1851 1879 1734 1793 1868 1785 1744
904 1773 1833 1851 1751 1796 1838 1793 1766
905 1786 1816 1833 1773 1801 1821 1796 1780
906 1798 1822 1816 1786 1806 1817 1801 1795
907 1803 1835 1822 1798 1811 1827 1806 1800
908 1809 1841 1835 1803 1819 1836 1811 1807
909 1812 1847 1841 1809 1834 1845 1819 1810
910 1815 1852 1847 1812 1837 1850 1834 1813
911 1823 1854 1852 1815 1840 1853 1837 1818
912 1825 1856 1854 1823 1842 1855 1840 1824
913 1828 1859 1856 1825 1843 1857 1842 1826
914 1830 1862 1859 1828 1844 1861 1843 1829
915 1832 1864 1862 1830 1846 1863 1844 1831
916 1902 2122 2137 1874 2029 2139 2025 1896
917 1879 2070 2122 1902 1989 2106 2029 1893
918 1851 2003 2070 1879 1938 2041 1989 1868
919 1833 1951 2003 1851 1899 1977 1938 1838
920 1816 1915 1951 1833 1870 1934 1899 1821
921 1822 1892 1915 1816 1860 1905 1870 1817
922 1835 1885 1892 1822 1865 1887 1860 1827
923 1841 1889 1885 1835 1867 1886 1865 1836
924 1847 1894 1889 1841 1872 1891 1867 1845
925 1852 1900 1894 1847 1873 1897 1872 1850
926 1854 1903 1900 1852 1875 1901 1873 1853
927 1856 1907 1903 1854 1878 1904 1875 1855
928 1859 1909 1907 1856 1880 1908 1878 1857
929 1862 1911 1909 1859 1881 1910 1880 1861
930 1864 1913 1911 1862 1882 1912 1881 1863
931 2122 2305 2323 2137 2217 2321 2234 2139
932 2070 2222 2305 2122 2154 2262 2217 2106
933 2003 2132 2222 2070 2068 2185 2154 2041
934 1951 2048 2132 2003 2000 2093 2068 1977
935 1915 1991 2048 1951 1961 2024 2000 1934
936 1892 1965 1991 1915 1932 1972 1961 1905
937 1885 1945 1965 1892 1921 1960 1932 1887
938 1889 1940 1945 1885 1920 1942 1921 1886
939 1894 1943 1940 1889 1924 1941 1920 1891
940 1900 1946 1943 1894 1926 1944 1924 1897
941 1903 1949 1946 1900 1927 1948 1926 1901
942 1907 1952 1949 1903 1928 1950 1927 1904
943 1909 1954 1952 1907 1929 1953 1928 1908
944 1911 1956 1954 1909 1930 1955 1929 1910
945 1913 1958 1956 1911 1931 1957 1930 1912
946 2305 2448 2482 2323 2371 2475 2410 2321
947 2222 2356 2448 2305 2295 2414 2371 2262
948 2132 2245 2356 2222 2193 2309 2295 2185
949 2048 2145 2245 2132 2101 2196 2193 2093
950 1991 2069 2145 2048 2035 2109 2101 2024
951 1965 2034 2069 1991 1997 2054 2035 1972
952 1945 2023 2034 1965 1985 2026 1997 1960
953 1940 2008 2023 1945 1975 2017 1985 1942
954 1943 2004 2008 1940 1976 2005 1975 1941
955 1946 2007 2004 1943 1978 2006 1976 1944
956 1949 2011 2007 1946 1979 2009 1978 1948
957 1952 2013 2011 1949 1981 2012 1979 1950
958 1954 2015 2013 1952 1983 2014 1981 1953
959 1956 2018 2015 1954 1984 2016 1983 1955
960 1958 2020 2018 1956 1986 2019 1984 1957
961 2448 2584 2627 2482 2515 2618 2562 2475
962 2356 2477 2584 2448 2421 2546 2515 2414
963 2245 2354 2477 2356 2304 2420 2421 2309
964 2145 2243 2354 2245 2197 2301 2304 2196
965 2069 2157 2243 2145 2117 2203 2197 2109
966 2034 2115 2157 2069 2072 2138 2117 2054
967 2023 2099 2115 2034 2059 2104 2072 2026
968 2008 2090 2099 2023 2047 2094 2059 2017
969 2004 2078 2090 2008 2044 2082 2047 2005
970 2007 2077 2078 2004 2045 2076 2044 2006
971 2011 2080 2077 2007 2046 2079 2045 2009
972 2013 2083 2080 2011 2049 2081 2046 2012
973 2015 2085 2083 2013 2050 2084 2049 2014
974 2018 2087 2085 2015 2051 2086 2050 2016
975 2020 2089 2087 2018 2052 2088 2051 2019
976 2584 2718 2774 2627 2647 2755 2701 2618
977 2477 2599 2718 2584 2545 2656 2647 2546
978 2354 2463 2599 2477 2413 2535 2545 2420
979 2243 2346 2463 2354 2297 2405 2413 2301
980 2157 2255 2346 2243 2213 2306 2297 2203
981 2115 2209 2255 2157 2159 2237 2213 2138
982 2099 2192 2209 2115 2143 2199 2159 2104
983 2090 2183 2192 2099 2134 2186 2143 2094
984 2078 2176 2183 2090 2126 2179 2134 2082
985 2077 2165 2176 2078 2123 2169 2126 2076
986 2080 2166 2165 2077 2125 2164 2123 2079
987 2083 2168 2166 2080 2127 2167 2125 2081
988 2085 2171 2168 2083 2128 2170 2127 2084
989 2087 2173 2171 2085 2129 2172 2128 2086
990 2089 2175 2173 2087 2130 2174 2129 2088
991 2718 2850 2903 2774 2787 2888 2840 2755
992 2599 2717 2850 2718 2651 2790 2787 2656
993 2463 2578 2717 2599 2514 2642 2651 2535
994 2346 2450 2578 2463 2402 2505 2514 2405
995 2255 2367 2450 2346 2318 2415 2402 2306
996 2209 2320 2367 2255 2260 2343 2318 2237
997 2192 2296 2320 2209 2239 2311 2260 2199
998 2183 2281 2296 2192 2231 2286 2239 2186
999 2176 2279 2281 2183 2229 2280 2231 2179
1000 2165 2276 2279 2176 2226 2277 2229 2169
1001 2166 2272 2276 2165 2223 2275 2226 2164
1002 2168 2266 2272 2166 2224 2268 2223 2167
1003 2171 2269 2266 2168 2225 2267 2224 2170
1004 2173 2271 2269 2171 2227 2270 2225 2172
1005 2175 2274 2271 2173 2228 2273 2227 2174
1006 2850 2962 3046 2903 2907 3015 2963 2888
1007 2717 2839 2962 2850 2780 2910 2907 2790
1008 2578 2695 2839 2717 2629 2767 2780 2642
1009 2450 2575 2695 2578 2508 2628 2629 2505
1010 2367 2486 2575 2450 2430 2533 2508 2415
1011 2320 2439 2486 2367 2372 2461 2430 2343
1012 2296 2417 2439 2320 2355 2428 2372 2311
1013 2281 2401 2417 2296 2342 2407 2355 2286
1014 2279 2394 2401 2281 2339 2398 2342 2280
1015 2276 2392 2394 2279 2336 2393 2339 2277
1016 2272 2390 2392 2276 2335 2391 2336 2275
1017 2266 2387 2390 2272 2334 2389 2335 2268
1018 2269 2385 2387 2266 2333 2386 2334 2267
1019 2271 2383 2385 2269 2332 2384 2333 2270
1020 2274 2381 2383 2271 2331 2382 2332 2273
1021 2962 3089 3151 3046 3041 3126 3099 3015
1022 2839 2957 3089 2962 2902 3044 3041 2910
1023 2695 2814 2957 2839 2757 2894 2902 2767
1024 2575 2703 2814 2695 2631 2762 2757 2628
1025 2486 2617 2703 2575 2559 2655 2631 2533
1026 2439 2572 2617 2486 2499 2591 2559 2461
1027 2417 2553 2572 2439 2480 2561 2499 2428
1028 2401 2536 2553 2417 2466 2544 2480 2407
1029 2394 2531 2536 2401 2462 2534 2466 2398
1030 2392 2528 2531 2394 2458 2529 2462 2393
1031 2390 2524 2528 2392 2457 2525 2458 2391
1032 2387 2522 2524 2390 2456 2523 2457 2389
1033 2385 2520 2522 2387 2455 2521 2456 2386
1034 2383 2518 2520 2385 2454 2519 2455 2384
1035 2381 2516 2518 2383 2453 2517 2454 2382
1036 3089 3233 3287 3151 3142 3270 3242 3126
1037 2957 3084 3233 3089 3032 3145 3142 3044
1038 2814 2952 3084 2957 2889 3027 3032 2894
1039 2703 2848 2952 2814 2777 2899 2889 2762
1040 2617 2769 2848 2703 2696 2803 2777 2655
1041 2572 2720 2769 2617 2641 2738 2696 2591
1042 2553 2697 2720 2572 2619 2707 2641 2561
1043 2536 2683 2697 2553 2610 2692 2619 2544
1044 2531 2677 2683 2536 2603 2680 2610 2534
1045 2528 2671 2677 2531 2601 2674 2603 2529
1046 2524 2669 2671 2528 2598 2670 2601 2525
1047 2522 2667 2669 2524 2597 2668 2598 2523
1048 2520 2665 2667 2522 2596 2666 2597 2521
1049 2518 2663 2665 2520 2595 2664 2596 2519
1050 2516 2661 2663 2518 2594 2662 2595 2517
1051 3233 3337 3417 3287 3279 3383 3356 3270
1052 3084 3237 3337 3233 3143 3284 3279 3145
1053 2952 3098 3237 3084 3036 3148 3143 3027
1054 2848 2992 3098 2952 2918 3056 3036 2899
1055 2769 2928 2992 2848 2856 2958 2918 2803
1056 2720 2887 2928 2769 2802 2904 2856 2738
1057 2697 2867 2887 2720 2782 2877 2802 2707
1058 2683 2852 2867 2697 2766 2861 2782 2692
1059 2677 2844 2852 2683 2759 2847 2766 2680
1060 2671 2837 2844 2677 2754 2841 2759 2674
1061 2669 2833 2837 2671 2751 2834 2754 2670
1062 2667 2831 2833 2669 2750 2832 2751 2668
1063 2665 2829 2831 2667 2749 2830 2750 2666
1064 2663 2827 2829 2665 2748 2828 2749 2664
1065 2661 2825 2827 2663 2747 2826 2748 2662
1066 3337 3464 3549 3417 3392 3516 3474 3383
1067 3237 3362 3464 3337 3288 3418 3392 3284
1068 3098 3261 3362 3237 3168 3304 3288 3148
1069 2992 3153 3261 3098 3072 3218 3168 3056
1070 2928 3101 3153 2992 3017 3120 3072 2958
1071 2887 3065 3101 2928 2966 3073 3017 2904
1072 2867 3053 3065 2887 2949 3058 2966 2877
1073 2852 3035 3053 2867 2939 3045 2949 2861
1074 2844 3023 3035 2852 2931 3028 2939 2847
1075 2837 3016 3023 2844 2926 3021 2931 2841
1076 2833 3011 3016 2837 2924 3014 2926 2834
1077 2831 3009 3011 2833 2923 3010 2924 2832
1078 2829 3007 3009 2831 2922 3008 2923 2830
1079 2827 3004 3007 2829 2920 3006 2922 2828
1080 2825 3002 3004 2827 2919 3003 2920 2826
1081 3464 3595 3781 3549 3542 3698 3599 3516
1082 3362 3494 3595 3464 3430 3557 3542 3418
1083 3261 3413 3494 3362 3326 3456 3430 3304
1084 3153 3336 3413 3261 3262 3376 3326 3218
1085 3101 3286 3336 3153 3195 3311 3262 3120
1086 3065 3263 3286 3101 3147 3276 3195 3073
1087 3053 3246 3263 3065 3121 3252 3147 3058
1088 3035 3235 3246 3053 3116 3241 3121 3045
1089 3023 3224 3235 3035 3112 3231 3116 3028
1090 3016 3217 3224 3023 3108 3221 3112 3021
1091 3011 3213 3217 3016 3106 3214 3108 3014
1092 3009 3209 3213 3011 3105 3211 3106 3010
1093 3007 3205 3209 3009 3104 3207 3105 3008
1094 3004 3203 3205 3007 3103 3204 3104 3006
1095 3002 3201 3203 3004 3102 3202 3103 3003
1096 3595 3908 4030 3781 3764 3974 3918 3698
1097 3494 3740 3908 3595 3577 3835 3764 3557
1098 3413 3583 3740 3494 3488 3627 3577 3456
1099 3336 3534 3583 3413 3433 3558 3488 3376
1100 3286 3477 3534 3336 3379 3495 3433 3311
1101 3263 3451 3477 3286 3357 3465 3379 3276
1102 3246 3435 3451 3263 3327 3443 3357 3252
1103 3235 3422 3435 3246 3318 3427 3327 3241
1104 3224 3414 3422 3235 3309 3419 3318 3231
1105 3217 3408 3414 3224 3306 3411 3309 3221
1106 3213 3403 3408 3217 3303 3406 3306 3214
1107 3209 3400 3403 3213 3302 3402 3303 3211
1108 3205 3397 3400 3209 3301 3399 3302 3207
1109 3203 3394 3397 3205 3298 3396 3301 3204
1110 3201 3391 3394 3203 3297 3393 3298 3202
1111 3908 4143 4233 4030 4027 4190 4138 3974
1112 3740 4048 4143 3908 3912 4095 4027 3835
1113 3583 3961 4048 3740 3780 4003 3912 3627
1114 3534 3880 3961 3583 3640 3923 3780 3558
1115 3477 3815 3880 3534 3585 3850 3640 3495
1116 3451 3758 3815 3477 3562 3787 3585 3465
1117 3435 3711 3758 3451 3545 3735 3562 3443
1118 3422 3679 3711 3435 3535 3697 3545 3427
1119 3414 3654 3679 3422 3527 3665 3535 3419
1120 3408 3634 3654 3414 3519 3647 3527 3411
1121 3403 3621 3634 3408 3515 3629 3519 3406
1122 3400 3614 3621 3403 3510 3617 3515 3402
1123 3397 3611 3614 3400 3508 3612 3510 3399
1124 3394 3608 3611 3397 3506 3609 3508 3396
1125 3391 3606 3608 3394 3505 3607 3506 3393
1126 4301 4097 4030 4233 4205 4069 4138 4269
1127 4373 4163 4097 4301 4265 4130 4205 4339
1128 4439 4225 4163 4373 4332 4194 4265 4408
1129 4509 4280 4225 4439 4396 4247 4332 4473
1130 4578 4337 4280 4509 4457 4306 4396 4544
1131 4643 4391 4337 4578 4522 4365 4457 4613
1132 4712 4450 4391 4643 4585 4421 4522 4681
1133 4777 4505 4450 4712 4642 4475 4585 4745
1134 4845 4558 4505 4777 4705 4532 4642 4813
1135 4913 4619 4558 4845 4766 4591 4705 4879
1136 4974 4675 4619 4913 4824 4644 4766 4944
1137 5036 4736 4675 4974 4887 4701 4824 5002
1138 5095 4792 4736 5036 4947 4764 4887 5063
1139 5151 4853 4792 5095 5007 4820 4947 5118
1140 5208 4919 4853 5151 5064 4882 5007 5179
1141 4097 3864 3781 4030 3987 3824 3918 4069
1142 4163 3932 3864 4097 4055 3895 3987 4130
1143 4225 3986 3932 4163 4111 3959 4055 4194
1144 4280 4038 3986 4225 4164 4013 4111 4247
1145 4337 4086 4038 4280 4212 4063 4164 4306
1146 4391 4131 4086 4337 4258 4112 4212 4365
1147 4450 4177 4131 4391 4308 4155 4258 4421
1148 4505 4217 4177 4450 4361 4198 4308 4475
1149 4558 4257 4217 4505 4413 4236 4361 4532
1150 4619 4305 4257 4558 4465 4284 4413 4591
1151 4675 4352 4305 4619 4518 4328 4465 4644
1152 4736 4406 4352 4675 4571 4377 4518 4701
1153 4792 4460 4406 4736 4630 4434 4571 4764
1154 4853 4520 4460 4792 4692 4488 4630 4820
1155 4919 4583 4520 4853 4754 4551 4692 4882
1156 3864 3574 3549 3781 3704 3563 3599 3824
1157 3932 3597 3574 3864 3784 3587 3704 3895
1158 3986 3657 3597 3932 3845 3603 3784 3959
1159 4038 3725 3657 3986 3900 3694 3845 4013
1160 4086 3779 3725 4038 3949 3753 3900 4063
1161 4131 3825 3779 4086 3991 3804 3949 4112
1162 4177 3867 3825 4131 4029 3847 3991 4155
1163 4217 3911 3867 4177 4073 3888 4029 4198
1164 4257 3948 3911 4217 4115 3931 4073 4236
1165 4305 3985 3948 4257 4152 3968 4115 4284
1166 4352 4025 3985 4305 4195 4007 4152 4328
1167 4406 4071 4025 4352 4235 4049 4195 4377
1168 4460 4118 4071 4406 4287 4093 4235 4434
1169 4520 4167 4118 4460 4342 4144 4287 4488
1170 4583 4220 4167 4520 4401 4193 4342 4551
1171 3574 3439 3417 3549 3498 3426 3474 3563
1172 3597 3454 3439 3574 3538 3446 3498 3587
1173 3657 3471 3454 3597 3554 3463 3538 3603
1174 3725 3484 3471 3657 3572 3478 3554 3694
1175 3779 3497 3484 3725 3588 3490 3572 3753
1176 3825 3526 3497 3779 3598 3517 3588 3804
1177 3867 3541 3526 3825 3638 3533 3598 3847
1178 3911 3551 3541 3867 3695 3544 3638 3888
1179 3948 3564 3551 3911 3744 3555 3695 3931
1180 3985 3575 3564 3948 3788 3568 3744 3968
1181 4025 3590 3575 3985 3832 3579 3788 4007
1182 4071 3600 3590 4025 3878 3596 3832 4049
1183 4118 3670 3600 4071 3928 3626 3878 4093
1184 4167 3738 3670 4118 3975 3708 3928 4144
1185 4220 3806 3738 4167 4031 3774 3975 4193
1186 3439 3300 3287 3417 3372 3293 3356 3426
1187 3454 3314 3300 3439 3382 3307 3372 3446
1188 3471 3320 3314 3454 3388 3319 3382 3463
1189 3484 3328 3320 3471 3412 3322 3388 3478
1190 3497 3338 3328 3484 3423 3332 3412 3490
1191 3526 3348 3338 3497 3434 3342 3423 3517
1192 3541 3358 3348 3526 3442 3354 3434 3533
1193 3551 3363 3358 3541 3449 3361 3442 3544
1194 3564 3369 3363 3551 3459 3365 3449 3555
1195 3575 3377 3369 3564 3469 3374 3459 3568
1196 3590 3381 3377 3575 3481 3378 3469 3579
1197 3600 3387 3381 3590 3492 3385 3481 3596
1198 3670 3409 3387 3600 3528 3395 3492 3626
1199 3738 3425 3409 3670 3548 3421 3528 3708
1200 3806 3445 3425 3738 3566 3438 3548 3774
1201 3300 3156 3151 3287 3249 3155 3242 3293
1202 3314 3161 3156 3300 3254 3159 3249 3307
1203 3320 3164 3161 3314 3257 3162 3254 3319
1204 3328 3167 3164 3320 3265 3165 3257 3322
1205 3338 3170 3167 3328 3266 3169 3265 3332
1206 3348 3172 3170 3338 3269 3171 3266 3342
1207 3358 3174 3172 3348 3271 3173 3269 3354
1208 3363 3177 3174 3358 3275 3176 3271 3361
1209 3369 3179 3177 3363 3277 3178 3275 3365
1210 3377 3181 3179 3369 3282 3180 3277 3374
1211 3381 3185 3181 3377 3285 3183 3282 3378
1212 3387 3188 3185 3381 3290 3187 3285 3385
1213 3409 3192 3188 3387 3299 3190 3290 3395
1214 3425 3208 3192 3409 3313 3197 3299 3421
1215 3445 3226 3208 3425 3321 3219 3313 3438
1216 3156 3039 3046 3151 3100 3043 3099 3155
1217 3161 3030 3039 3156 3097 3037 3100 3159
1218 3164 3022 3030 3161 3094 3026 3097 3162
1219 3167 3013 3022 3164 3093 3018 3094 3165
1220 3170 2999 3013 3167 3090 3005 3093 3169
1221 3172 2995 2999 3170 3087 2998 3090 3171
1222 3174 2991 2995 3172 3083 2993 3087 3173
1223 3177 2987 2991 3174 3080 2988 3083 3176
1224 3179 2984 2987 3177 3079 2985 3080 3178
1225 3181 2981 2984 3179 3076 2982 3079 3180
1226 3185 2977 2981 3181 3075 2980 3076 3183
1227 3188 2975 2977 3185 3078 2976 3075 3187
1228 3192 2972 2975 3188 3081 2974 3078 3190
1229 3208 2969 2972 3192 3086 2970 3081 3197
1230 3226 2968 2969 3208 3092 2967 3086 3219
1231 3039 2890 2903 3046 2956 2896 2963 3043
1232 3030 2878 2890 3039 2948 2885 2956 3037
1233 3022 2868 2878 3030 2942 2872 2948 3026
1234 3013 2854 2868 3022 2934 2862 2942 3018
1235 2999 2835 2854 3013 2921 2846 2934 3005
1236 2995 2815 2835 2999 2913 2821 2921 2998
1237 2991 2807 2815 2995 2906 2813 2913 2993
1238 2987 2800 2807 2991 2900 2805 2906 2988
1239 2984 2794 2800 2987 2893 2795 2900 2985
1240 2981 2785 2794 2984 2886 2788 2893 2982
1241 2977 2773 2785 2981 2880 2778 2886 2980
1242 2975 2761 2773 2977 2875 2765 2880 2976
1243 2972 2745 2761 2975 2870 2753 2875 2974
1244 2969 2733 2745 2972 2865 2739 2870 2970
1245 2968 2724 2733 2969 2860 2730 2865 2967
1246 2890 2740 2774 2903 2810 2756 2840 2896
1247 2878 2719 2740 2890 2798 2729 2810 2885
1248 2868 2698 2719 2878 2783 2709 2798 2872
1249 2854 2676 2698 2868 2764 2688 2783 2862
1250 2835 2648 2676 2854 2742 2657 2764 2846
1251 2815 2630 2648 2835 2728 2640 2742 2821
1252 2807 2616 2630 2815 2716 2621 2728 2813
1253 2800 2600 2616 2807 2702 2609 2716 2805
1254 2794 2581 2600 2800 2691 2586 2702 2795
1255 2785 2567 2581 2794 2673 2573 2691 2788
1256 2773 2550 2567 2785 2653 2557 2673 2778
1257 2761 2527 2550 2773 2636 2538 2653 2765
1258 2745 2497 2527 2761 2625 2506 2636 2753
1259 2733 2479 2497 2745 2614 2491 2625 2739
1260 2724 2451 2479 2733 2592 2467 2614 2730
1261 2740 2589 2627 2774 2660 2612 2701 2756
1262 2719 2560 2589 2740 2632 2579 2660 2729
1263 2698 2526 2560 2719 2613 2547 2632 2709
1264 2676 2493 2526 2698 2583 2501 2613 2688
1265 2648 2464 2493 2676 2565 2473 2583 2657
1266 2630 2435 2464 2648 2542 2446 2565 2640
1267 2616 2408 2435 2630 2510 2422 2542 2621
1268 2600 2370 2408 2616 2492 2388 2510 2609
1269 2581 2349 2370 2600 2468 2362 2492 2586
1270 2567 2319 2349 2581 2445 2330 2468 2573
1271 2550 2287 2319 2567 2425 2310 2445 2557
1272 2527 2251 2287 2550 2396 2264 2425 2538
1273 2497 2212 2251 2527 2365 2233 2396 2506
1274 2479 2161 2212 2497 2338 2195 2365 2491
1275 2451 2119 2161 2479 2307 2147 2338 2467
1276 2589 2432 2482 2627 2507 2452 2562 2612
1277 2560 2374 2432 2589 2471 2411 2507 2579
1278 2526 2337 2374 2560 2433 2360 2471 2547
1279 2493 2292 2337 2526 2395 2314 2433 2501
1280 2464 2246 2292 2493 2358 2261 2395 2473
1281 2435 2200 2246 2464 2322 2220 2358 2446
1282 2408 2153 2200 2435 2288 2181 2322 2422
1283 2370 2105 2153 2408 2250 2124 2288 2388
1284 2349 2055 2105 2370 2211 2074 2250 2362
1285 2319 1996 2055 2349 2178 2031 2211 2330
1286 2287 1935 1996 2319 2131 1968 2178 2310
1287 2251 1839 1935 2287 2075 1890 2131 2264
1288 2212 1783 1839 2251 2032 1802 2075 2233
1289 2161 1741 1783 2212 1966 1763 2032 2195
1290 2119 1690 1741 2161 1871 1717 1966 2147
1291 2432 2253 2323 2482 2347 2290 2410 2452
1292 2374 2188 2253 2432 2289 2216 2347 2411
1293 2337 2113 2188 2374 2232 2149 2289 2360
1294 2292 2039 2113 2337 2177 2071 2232 2314
1295 2246 1964 2039 2292 2114 1999 2177 2261
1296 2200 1866 1964 2246 2057 1916 2114 2220
1297 2153 1788 1866 2200 1990 1808 2057 2181
1298 2105 1745 1788 2153 1922 1770 1990 2124
1299 2055 1704 1745 2105 1820 1724 1922 2074
1300 1996 1658 1704 2055 1777 1676 1820 2031
1301 1935 1613 1658 1996 1738 1636 1777 1968
1302 1839 1568 1613 1935 1695 1592 1738 1890
1303 1783 1517 1568 1839 1652 1543 1695 1802
1304 1741 1467 1517 1783 1601 1494 1652 1763
1305 1690 1417 1467 1741 1553 1442 1601 1717
1306 2253 2037 2137 2323 2152 2091 2234 2290
1307 2188 1925 2037 2253 2065 1980 2152 2216
1308 2113 1797 1925 2188 1971 1849 2065 2149
1309 2039 1740 1797 2113 1858 1771 1971 2071
1310 1964 1681 1740 2039 1781 1713 1858 1999
1311 1866 1628 1681 1964 1730 1655 1781 1916
1312 1788 1577 1628 1866 1680 1602 1730 1808
1313 1745 1525 1577 1788 1631 1551 1680 1770
1314 1704 1475 1525 1745 1587 1503 1631 1724
1315 1658 1425 1475 1704 1540 1452 1587 1676
1316 1613 1376 1425 1658 1492 1399 1540 1636
1317 1568 1326 1376 1613 1446 1353 1492 1592
1318 1517 1276 1326 1568 1392 1301 1446 1543
1319 1467 1221 1276 1517 1343 1250 1392 1494
1320 1417 1166 1221 1467 1290 1192 1343 1442
1321 2037 1768 1874 2137 1888 1799 2025 2091
1322 1925 1693 1768 2037 1775 1728 1888 1980
1323 1797 1625 1693 1925 1712 1661 1775 1849
1324 1740 1562 1625 1797 1650 1595 1712 1771
1325 1681 1499 1562 1740 1589 1528 1650 1713
1326 1628 1436 1499 1681 1529 1466 1589 1655
1327 1577 1379 1436 1628 1474 1407 1529 1602
1328 1525 1323 1379 1577 1421 1352 1474 1551
1329 1475 1266 1323 1525 1370 1297 1421 1503
1330 1425 1211 1266 1475 1315 1239 1370 1452
1331 1376 1152 1211 1425 1264 1182 1315 1399
1332 1326 1098 1152 1376 1213 1125 1264 1353
1333 1276 1039 1098 1326 1154 1069 1213 1301
1334 1221 984 1039 1276 1101 1014 1154 1250
1335 1166 927 984 1221 1042 956 1101 1192
1336 1768 1610 1683 1874 1684 1651 1765 1799
1337 1693 1538 1610 1768 1614 1574 1684 1728
1338 1625 1464 1538 1693 1544 1504 1614 1661
1339 1562 1394 1464 1625 1476 1430 1544 1595
1340 1499 1327 1394 1562 1412 1364 1476 1528
1341 1436 1259 1327 1499 1347 1296 1412 1466
1342 1379 1193 1259 1436 1286 1229 1347 1407
1343 1323 1129 1193 1379 1226 1161 1286 1352
1344 1266 1064 1129 1323 1165 1096 1226 1297
1345 1211 999 1064 1266 1105 1032 1165 1239
1346 1152 942 999 1211 1046 970 1105 1182
1347 1098 890 942 1152 986 915 1046 1125
1348 1039 843 890 1098 931 864 986 1069
1349 984 799 843 1039 883 819 931 1014
1350 927 762 799 984 838 779 883 956
1351 1610 1633 1711 1683 1622 1671 1699 1651
1352 1538 1561 1633 1610 1547 1598 1622 1574
1353 1464 1488 1561 1538 1477 1521 1547 1504
1354 1394 1416 1488 1464 1404 1454 1477 1430
1355 1327 1348 1416 1394 1337 1383 1404 1364
1356 1259 1278 1348 1327 1272 1313 1337 1296
1357 1193 1216 1278 1259 1201 1246 1272 1229
1358 1129 1145 1216 1193 1136 1181 1201 1161
1359 1064 1082 1145 1129 1075 1117 1136 1096
1360 999 1019 1082 1064 1009 1051 1075 1032
1361 942 958 1019 999 950 988 1009 970
1362 890 903 958 942 897 926 950 915
1363 843 855 903 890 848 876 897 864
1364 799 810 855 843 803 831 848 819
1365 762 772 810 799 768 790 803 779
1366 1633 1660 1734 1711 1648 1696 1721 1671
1367 1561 1582 1660 1633 1572 1619 1648 1598
1368 1488 1511 1582 1561 1500 1546 1572 1521
1369 1416 1438 1511 1488 1427 1472 1500 1454
1370 1348 1368 1438 1416 1360 1402 1427 1383
1371 1278 1300 1368 1348 1292 1334 1360 1313
1372 1216 1234 1300 1278 1225 1267 1292 1246
1373 1145 1167 1234 1216 1155 1199 1225 1181
1374 1082 1100 1167 1145 1091 1133 1155 1117
1375 1019 1034 1100 1082 1023 1066 1091 1051
1376 958 974 1034 1019 964 1001 1023 988
1377 903 917 974 958 909 946 964 926
1378 855 866 917 903 860 893 909 876
1379 810 820 866 855 816 844 860 831
1380 772 780 820 810 775 800 816 790
1381 1660 1678 1751 1734 1668 1718 1744 1696
1382 1582 1606 1678 1660 1597 1642 1668 1619
1383 1511 1532 1606 1582 1519 1569 1597 1546
1384 1438 1459 1532 1511 1450 1496 1519 1472
1385 1368 1390 1459 1438 1381 1424 1450 1402
1386 1300 1320 1390 1368 1311 1357 1381 1334
1387 1234 1252 1320 1300 1242 1288 1311 1267
1388 1167 1186 1252 1234 1178 1218 1242 1199
1389 1100 1120 1186 1167 1112 1150 1178 1133
1390 1034 1053 1120 1100 1045 1086 1112 1066
1391 974 991 1053 1034 982 1021 1045 1001
1392 917 928 991 974 923 960 982 946
1393 866 880 928 917 873 904 923 893
1394 820 832 880 866 826 857 873 844
1395 780 793 832 820 788 812 826 800
1396 1678 1701 1773 1751 1686 1737 1766 1718
1397 1606 1626 1701 1678 1616 1664 1686 1642
1398 1532 1554 1626 1606 1542 1591 1616 1569
1399 1459 1482 1554 1532 1469 1516 1542 1496
1400 1390 1411 1482 1459 1398 1447 1469 1424
1401 1320 1341 1411 1390 1331 1375 1398 1357
1402 1252 1273 1341 1320 1260 1307 1331 1288
1403 1186 1200 1273 1252 1194 1238 1260 1218
1404 1120 1135 1200 1186 1126 1170 1194 1150
1405 1053 1071 1135 1120 1061 1104 1126 1086
1406 991 1005 1071 1053 996 1035 1061 1021
1407 928 948 1005 991 940 977 996 960
1408 880 895 948 928 886 919 940 904
1409 832 847 895 880 840 871 886 857
1410 793 804 847 832 797 822 840 812
1411 1701 1715 1786 1773 1710 1749 1780 1737
1412 1626 1646 1715 1701 1634 1677 1710 1664
1413 1554 1571 1646 1626 1564 1607 1634 1591
1414 1482 1501 1571 1554 1489 1536 1564 1516
1415 1411 1428 1501 1482 1418 1461 1489 1447
1416 1341 1359 1428 1411 1349 1391 1418 1375
1417 1273 1291 1359 1341 1279 1325 1349 1307
1418 1200 1223 1291 1273 1214 1255 1279 1238
1419 1135 1151 1223 1200 1144 1188 1214 1170
1420 1071 1087 1151 1135 1079 1122 1144 1104
1421 1005 1022 1087 1071 1015 1055 1079 1035
1422 948 962 1022 1005 953 993 1015 977
1423 895 907 962 948 901 936 953 919
1424 847 862 907 895 854 884 901 871
1425 804 818 862 847 811 839 854 822
1426 1715 1727 1798 1786 1722 1767 1795 1749
1427 1646 1659 1727 1715 1653 1692 1722 1677
1428 1571 1586 1659 1646 1578 1621 1653 1607
1429 1501 1513 1586 1571 1509 1550 1578 1536
1430 1428 1444 1513 1501 1434 1480 1509 1461
1431 1359 1373 1444 1428 1367 1409 1434 1391
1432 1291 1308 1373 1359 1298 1340 1367 1325
1433 1223 1240 1308 1291 1230 1274 1298 1255
1434 1151 1172 1240 1223 1163 1204 1230 1188
1435 1087 1107 1172 1151 1097 1137 1163 1122
1436 1022 1040 1107 1087 1029 1074 1097 1055
1437 962 980 1040 1022 971 1011 1029 993
1438 907 924 980 962 916 951 971 936
1439 862 874 924 907 869 900 916 884
1440 818 833 874 862 825 856 869 839
1441 1727 1739 1803 1798 1735 1774 1800 1767
1442 1659 1669 1739 1727 1665 1708 1735 1692
1443 1586 1600 1669 1659 1596 1632 1665 1621
1444 1513 1527 1600 1586 1520 1566 1596 1550
1445 1444 1457 1527 1513 1453 1493 1520 1480
1446 1373 1387 1457 1444 1382 1423 1453 1409
1447 1308 1322 1387 1373 1312 1356 1382 1340
1448 1240 1254 1322 1308 1245 1289 1312 1274
1449 1172 1189 1254 1240 1180 1222 1245 1204
1450 1107 1123 1189 1172 1116 1153 1180 1137
1451 1040 1059 1123 1107 1052 1090 1116 1074
1452 980 997 1059 1040 989 1025 1052 1011
1453 924 943 997 980 934 967 989 951
1454 874 896 943 924 885 918 934 900
1455 833 850 896 874 842 872 885 856
1456 1739 1746 1809 1803 1743 1779 1807 1774
1457 1669 1675 1746 1739 1673 1714 1743 1708
1458 1600 1608 1675 1669 1604 1644 1673 1632
1459 1527 1539 1608 1600 1534 1575 1604 1566
1460 1457 1470 1539 1527 1462 1507 1534 1493
1461 1387 1400 1470 1457 1395 1435 1462 1423
1462 1322 1335 1400 1387 1328 1369 1395 1356
1463 1254 1271 1335 1322 1261 1305 1328 1289
1464 1189 1205 1271 1254 1196 1237 1261 1222
1465 1123 1141 1205 1189 1131 1175 1196 1153
1466 1059 1078 1141 1123 1068 1113 1131 1090
1467 997 1018 1078 1059 1007 1049 1068 1025
1468 943 961 1018 997 952 990 1007 967
1469 896 913 961 943 902 938 952 918
1470 850 870 913 896 859 891 902 872
1471 1746 1748 1812 1809 1747 1782 1810 1779
1472 1675 1682 1748 1746 1679 1719 1747 1714
1473 1608 1617 1682 1675 1612 1654 1679 1644
1474 1539 1549 1617 1608 1545 1581 1612 1575
1475 1470 1483 1549 1539 1478 1515 1545 1507
1476 1400 1414 1483 1470 1408 1449 1478 1435
1477 1335 1351 1414 1400 1342 1384 1408 1369
1478 1271 1285 1351 1335 1277 1316 1342 1305
1479 1205 1224 1285 1271 1215 1253 1277 1237
1480 1141 1159 1224 1205 1148 1191 1215 1175
1481 1078 1099 1159 1141 1088 1127 1148 1113
1482 1018 1038 1099 1078 1024 1067 1088 1049
1483 961 983 1038 1018 972 1012 1024 990
1484 913 930 983 961 922 957 972 938
1485 870 889 930 913 878 910 922 891
1486 1748 1752 1815 1812 1750 1784 1813 1782
1487 1682 1687 1752 1748 1685 1723 1750 1719
1488 1617 1624 1687 1682 1620 1656 1685 1654
1489 1549 1558 1624 1617 1555 1594 1620 1581
1490 1483 1491 1558 1549 1487 1523 1555 1515
1491 1414 1426 1491 1483 1420 1458 1487 1449
1492 1351 1366 1426 1414 1358 1393 1420 1384
1493 1285 1299 1366 1351 1295 1333 1358 1316
1494 1224 1241 1299 1285 1231 1270 1295 1253
1495 1159 1179 1241 1224 1169 1208 1231 1191
1496 1099 1119 1179 1159 1110 1146 1169 1127
1497 1038 1060 1119 1099 1050 1089 1110 1067
1498 983 1003 1060 1038 994 1031 1050 1012
1499 930 954 1003 983 944 979 994 957
1500 889 911 954 930 899 929 944 910
1501 1752 1754 1823 1815 1753 1787 1818 1784
1502 1687 1694 1754 1752 1689 1725 1753 1723
1503 1624 1629 1694 1687 1627 1663 1689 1656
1504 1558 1567 1629 1624 1563 1599 1627 1594
1505 1491 1505 1567 1558 1498 1533 1563 1523
1506 1426 1437 1505 1491 1432 1468 1498 1458
1507 1366 1377 1437 1426 1371 1406 1432 1393
1508 1299 1314 1377 1366 1309 1345 1371 1333
1509 1241 1256 1314 1299 1247 1287 1309 1270
1510 1179 1197 1256 1241 1187 1227 1247 1208
1511 1119 1140 1197 1179 1128 1168 1187 1146
1512 1060 1084 1140 1119 1073 1115 1128 1089
1513 1003 1027 1084 1060 1017 1056 1073 1031
1514 954 978 1027 1003 966 1000 1017 979
1515 911 933 978 954 921 955 966 929
1516 1754 1757 1825 1823 1756 1789 1824 1787
1517 1694 1698 1757 1754 1697 1726 1756 1725
1518 1629 1635 1698 1694 1630 1667 1697 1663
1519 1567 1573 1635 1629 1570 1603 1630 1599
1520 1505 1512 1573 1567 1508 1541 1570 1533
1521 1437 1451 1512 1505 1445 1481 1508 1468
1522 1377 1389 1451 1437 1385 1419 1445 1406
1523 1314 1332 1389 1377 1324 1363 1385 1345
1524 1256 1275 1332 1314 1265 1303 1324 1287
1525 1197 1217 1275 1256 1206 1244 1265 1227
1526 1140 1160 1217 1197 1149 1190 1206 1168
1527 1084 1109 1160 1140 1094 1134 1149 1115
1528 1027 1054 1109 1084 1041 1080 1094 1056
1529 978 1002 1054 1027 992 1026 1041 1000
1530 933 959 1002 978 947 981 992 955
1531 1757 1759 1828 1825 1758 1790 1826 1789
1532 1698 1702 1759 1757 1700 1731 1758 1726
1533 1635 1640 1702 1698 1638 1670 1700 1667
1534 1573 1579 1640 1635 1576 1609 1638 1603
1535 1512 1518 1579 1573 1514 1548 1576 1541
1536 1451 1460 1518 1512 1455 1490 1514 1481
1537 1389 1401 1460 1451 1396 1431 1455 1419
1538 1332 1346 1401 1389 1338 1374 1396 1363
1539 1275 1293 1346 1332 1283 1318 1338 1303
1540 1217 1236 1293 1275 1228 1263 1283 1244
1541 1160 1184 1236 1217 1174 1212 1228 1190
1542 1109 1130 1184 1160 1121 1156 1174 1134
1543 1054 1081 1130 1109 1065 1108 1121 1080
1544 1002 1030 1081 1054 1020 1058 1065 1026
1545 959 985 1030 1002 973 1008 1020 981
1546 1759 1761 1830 1828 1760 1791 1829 1790
1547 1702 1705 1761 1759 1703 1732 1760 1731
1548 1640 1643 1705 1702 1641 1672 1703 1670
1549 1579 1584 1643 1640 1580 1615 1641 1609
1550 1518 1526 1584 1579 1522 1556 1580 1548
1551 1460 1471 1526 1518 1465 1502 1522 1490
1552 1401 1415 1471 1460 1410 1443 1465 1431
1553 1346 1365 1415 1401 1355 1388 1410 1374
1554 1293 1310 1365 1346 1302 1336 1355 1318
1555 1236 1258 1310 1293 1248 1284 1302 1263
1556 1184 1207 1258 1236 1195 1233 1248 1212
1557 1130 1157 1207 1184 1143 1183 1195 1156
1558 1081 1111 1157 1130 1093 1132 1143 1108
1559 1030 1062 1111 1081 1047 1085 1093 1058
1560 985 1016 1062 1030 998 1037 1047 1008
1561 1761 1764 1832 1830 1762 1792 1831 1791
1562 1705 1707 1764 1761 1706 1733 1762 1732
1563 1643 1649 1707 1705 1647 1674 1706 1672
1564 1584 1593 1649 1643 1588 1618 1647 1615
1565 1526 1537 1593 1584 1531 1565 1588 1556
1566 1471 1484 1537 1526 1479 1510 1531 1502
1567 1415 1429 1484 1471 1422 1456 1479 1443
1568 1365 1380 1429 1415 1372 1403 1422 1388
1569 1310 1330 1380 1365 1319 1354 1372 1336
1570 1258 1280 1330 1310 1269 1306 1319 1284
1571 1207 1232 1280 1258 1220 1257 1269 1233
1572 1157 1185 1232 1207 1173 1210 1220 1183
1573 1111 1138 1185 1157 1124 1162 1173 1132
1574 1062 1092 1138 1111 1076 1118 1124 1085
1575 1016 1048 1092 1062 1028 1070 1076 1037
1576 428 372 366 422 393 367 391 426
1577 436 382 372 428 409 376 393 430
1578 455 402 382 436 429 390 409 447
1579 477 431 402 455 456 417 429 466
1580 506 463 431 477 488 449 456 492
1581 540 502 463 506 516 482 488 520
1582 572 541 502 540 558 517 516 555
1583 612 582 541 572 597 561 558 592
1584 654 627 582 612 639 605 597 634
1585 700 672 627 654 685 650 639 677
1586 747 724 672 700 734 699 685 721
1587 798 774 724 747 789 748 734 771
1588 867 841 774 798 853 805 789 830
1589 949 920 841 867 935 877 853 905
1590 1048 1016 920 949 1028 965 935 995
1591 372 321 312 366 346 314 340 367
1592 382 333 321 372 357 327 346 376
1593 402 354 333 382 380 343 357 390
1594 431 384 354 402 406 368 380 417
1595 463 420 384 431 445 398 406 449
1596 502 461 420 463 481 444 445 482
1597 541 508 461 502 524 487 481 517
1598 582 552 508 541 568 531 524 561
1599 627 601 552 582 613 577 568 605
1600 672 648 601 627 662 622 613 650
1601 724 703 648 672 712 674 662 699
1602 774 752 703 724 766 730 712 748
1603 841 817 752 774 827 783 766 805
1604 920 894 817 841 906 852 827 877
1605 1016 985 894 920 998 939 906 965
1606 321 273 266 312 297 270 293 314
1607 333 287 273 321 309 278 297 327
1608 354 308 287 333 330 299 309 343
1609 384 338 308 354 362 323 330 368
1610 420 379 338 384 394 358 362 398
1611 461 427 379 420 446 396 394 444
1612 508 473 427 461 491 451 446 487
1613 552 523 473 508 539 500 491 531
1614 601 574 523 552 586 547 539 577
1615 648 624 574 601 638 600 586 622
1616 703 680 624 648 688 653 638 674
1617 752 733 680 703 744 708 688 730
1618 817 794 733 752 802 760 744 783
1619 894 868 794 817 881 828 802 852
1620 985 959 868 894 973 912 881 939
1621 273 230 224 266 251 227 242 270
1622 287 245 230 273 264 238 251 278
1623 308 268 245 287 289 255 264 299
1624 338 301 268 308 319 282 289 323
1625 379 337 301 338 356 316 319 358
1626 427 385 337 379 403 360 356 396
1627 473 442 385 427 458 411 403 451
1628 523 495 442 473 509 468 458 500
1629 574 545 495 523 560 519 509 547
1630 624 602 545 574 614 576 560 600
1631 680 658 602 624 668 630 614 653
1632 733 715 658 680 725 683 668 708
1633 794 773 715 733 782 742 725 760
1634 868 846 773 794 858 806 782 828
1635 959 933 846 868 947 888 858 912
1636 230 194 182 224 209 188 204 227
1637 245 206 194 230 226 200 209 238
1638 268 232 206 245 250 219 226 255
1639 301 263 232 268 279 246 250 282
1640 337 304 263 301 320 280 279 316
1641 385 349 304 337 365 324 320 360
1642 442 404 349 385 421 375 365 411
1643 495 464 404 442 479 434 421 468
1644 545 522 464 495 533 494 479 519
1645 602 581 522 545 591 549 533 576
1646 658 637 581 602 646 608 591 630
1647 715 692 637 658 705 664 646 683
1648 773 753 692 715 765 726 705 742
1649 846 821 753 773 834 787 765 806
1650 933 911 821 846 921 863 834 888
1651 194 158 149 182 175 152 167 188
1652 206 173 158 194 190 163 175 200
1653 232 197 173 206 215 183 190 219
1654 263 229 197 232 243 212 215 246
1655 304 269 229 263 283 249 243 280
1656 349 313 269 304 332 295 283 324
1657 404 373 313 349 387 342 332 375
1658 464 433 373 404 452 399 387 434
1659 522 499 433 464 510 467 452 494
1660 581 557 499 522 569 528 510 549
1661 637 615 557 581 625 585 569 608
1662 692 678 615 637 682 644 625 664
1663 753 737 678 692 746 709 682 726
1664 821 801 737 753 813 769 746 787
1665 911 889 801 821 899 845 813 863
1666 158 127 119 149 141 122 134 152
1667 173 143 127 158 159 135 141 163
1668 197 168 143 173 178 154 159 183
1669 229 199 168 197 213 179 178 212
1670 269 240 199 229 253 217 213 249
1671 313 286 240 269 302 260 253 295
1672 373 341 286 313 355 310 302 342
1673 433 405 341 373 419 374 355 399
1674 499 470 405 433 486 440 419 467
1675 557 534 470 499 543 503 486 528
1676 615 596 534 557 607 565 543 585
1677 678 660 596 615 666 628 607 644
1678 737 720 660 678 731 687 666 709
1679 801 786 720 737 795 750 731 769
1680 889 870 786 801 878 823 795 845
1681 127 99 90 119 114 95 104 122
1682 143 115 99 127 131 108 114 135
1683 168 139 115 143 153 128 131 154
1684 199 172 139 168 184 156 153 179
1685 240 210 172 199 225 191 184 217
1686 286 257 210 240 271 234 225 260
1687 341 311 257 286 328 285 271 310
1688 405 378 311 341 389 345 328 374
1689 470 448 378 405 460 413 389 440
1690 534 514 448 470 525 480 460 503
1691 596 580 514 534 588 544 525 565
1692 660 641 580 596 649 610 588 628
1693 720 706 641 660 713 670 649 687
1694 786 770 706 720 776 739 713 750
1695 870 850 770 786 859 807 776 823
1696 99 76 69 90 89 72 79 95
1697 115 94 76 99 105 85 89 108
1698 139 116 94 115 129 102 105 128
1699 172 147 116 139 160 133 129 156
1700 210 186 147 172 198 166 160 191
1701 257 233 186 210 244 207 198 234
1702 311 288 233 257 303 259 244 285
1703 378 352 288 311 364 318 303 345
1704 448 424 352 378 435 386 364 413
1705 514 496 424 448 504 459 435 480
1706 580 559 496 514 570 529 504 544
1707 641 623 559 580 635 593 570 610
1708 706 689 623 641 698 659 635 670
1709 770 757 689 706 763 723 698 739
1710 850 833 757 770 842 792 763 807
1711 76 57 46 69 67 51 58 72
1712 94 73 57 76 82 63 67 85
1713 116 96 73 94 106 84 82 102
1714 147 125 96 116 136 111 106 133
1715 186 164 125 147 177 145 136 166
1716 233 211 164 186 223 187 177 207
1717 288 265 211 233 277 239 223 259
1718 352 329 265 288 339 298 277 318
1719 424 397 329 352 410 363 339 386
1720 496 474 397 424 485 437 410 459
1721 559 542 474 496 550 511 485 529
1722 623 611 542 559 617 578 550 593
1723 689 679 611 623 681 642 617 659
1724 757 743 679 689 749 710 681 723
1725 833 818 743 757 825 777 749 792
1726 57 40 31 46 48 35 38 51
1727 73 55 40 57 62 44 48 63
1728 96 78 55 73 87 66 62 84
1729 125 109 78 96 118 92 87 111
1730 164 146 109 125 157 124 118 145
1731 211 193 146 164 202 170 157 187
1732 265 247 193 211 254 218 202 239
1733 329 306 247 265 317 276 254 298
1734 397 381 306 329 388 344 317 363
1735 474 457 381 397 465 418 388 437
1736 542 530 457 474 535 493 465 511
1737 611 594 530 542 603 564 535 578
1738 679 663 594 611 669 631 603 642
1739 743 732 663 679 738 696 669 710
1740 818 804 732 743 811 767 738 777
1741 40 27 19 31 33 22 25 35
1742 55 42 27 40 49 34 33 44
1743 78 61 42 55 70 52 49 66
1744 109 93 61 78 100 77 70 92
1745 146 132 93 109 137 112 100 124
1746 193 176 132 146 180 151 137 170
1747 247 228 176 193 237 201 180 218
1748 306 291 228 247 300 258 237 276
1749 381 361 291 306 371 325 300 344
1750 457 443 361 381 450 395 371 418
1751 530 513 443 457 518 476 450 493
1752 594 583 513 530 589 548 518 564
1753 663 652 583 594 657 616 589 631
1754 732 719 652 663 727 684 657 696
1755 804 793 719 732 797 755 727 767
1756 27 17 10 19 21 12 15 22
1757 42 30 17 27 36 23 21 34
1758 61 53 30 42 59 41 36 52
1759 93 81 53 61 86 65 59 77
1760 132 117 81 93 123 97 86 112
1761 176 161 117 132 169 138 123 151
1762 228 214 161 176 222 185 169 201
1763 291 274 214 228 281 241 222 258
1764 361 347 274 291 353 307 281 325
1765 443 425 347 361 432 383 353 395
1766 513 501 425 443 507 462 432 476
1767 583 571 501 513 579 537 507 548
1768 652 640 571 583 643 606 579 616
1769 719 711 640 652 716 675 643 684
1770 793 780 711 719 788 745 716 755
1771 17 9 4 10 13 5 7 12
1772 30 24 9 17 26 16 13 23
1773 53 43 24 30 45 32 26 41
1774 81 71 43 53 74 56 45 65
1775 117 107 71 81 113 88 74 97
1776 161 150 107 117 155 126 113 138
1777 214 203 150 161 205 174 155 185
1778 274 262 203 214 267 231 205 241
1779 347 331 262 274 335 296 267 307
1780 425 408 331 347 416 370 335 383
1781 501 490 408 425 497 453 416 462
1782 571 562 490 501 566 527 497 537
1783 640 632 562 571 636 595 566 606
1784 711 702 632 640 707 665 636 675
1785 780 772 702 711 775 735 707 745
1786 9 6 1 4 8 3 2 5
1787 24 18 6 9 20 11 8 16
1788 43 37 18 24 39 28 20 32
1789 71 64 37 43 68 50 39 56
1790 107 98 64 71 101 80 68 88
1791 150 140 98 107 144 120 101 126
1792 203 192 140 150 196 165 144 174
1793 262 252 192 203 256 221 196 231
1794 331 322 252 262 326 284 256 296
1795 408 392 322 331 401 359 326 370
1796 490 478 392 408 483 441 401 453
1797 562 551 478 490 556 515 483 527
1798 632 620 551 562 626 587 556 595
1799 702 691 620 632 694 656 626 665
1800 772 762 691 702 768 729 694 735
1801 5814 5764 6046 6097 5787 5909 6071 5959
1802 5486 5426 5764 5814 5460 5608 5787 5662
1803 5021 4948 5426 5486 4983 5211 5460 5276
1804 4388 4326 4948 5021 4356 4652 4983 4720
1805 3589 3567 4326 4388 3576 3993 4356 4050
1806 3139 3132 3567 3589 3136 3359 3576 3371
1807 2694 2706 3132 3139 2699 2933 3136 2927
1808 2116 2162 2706 2694 2146 2465 2699 2436
1809 1448 1506 2162 2116 1473 1755 2146 1709
1810 976 1044 1506 1448 1010 1268 1473 1203
1811 671 718 1044 976 695 851 1010 796
1812 423 484 718 671 454 604 695 553
1813 181 235 484 423 208 351 454 292
1814 47 75 235 181 60 142 208 103
1815 1 6 75 47 3 29 60 14
1816 5764 5716 5998 6046 5737 5861 6023 5909
1817 5426 5373 5716 5764 5400 5559 5737 5608
1818 4948 4885 5373 5426 4918 5146 5400 5211
1819 4326 4278 4885 4948 4300 4593 4918 4652
1820 3567 3552 4278 4326 3560 3947 4300 3993
1821 3132 3128 3552 3567 3130 3343 3560 3359
1822 2706 2721 3128 3132 2714 2938 3130 2933
1823 2162 2218 2721 2706 2198 2489 2714 2465
1824 1506 1559 2218 2162 1530 1804 2198 1755
1825 1044 1114 1559 1506 1077 1329 1530 1268
1826 718 764 1114 1044 741 908 1077 851
1827 484 538 764 718 512 651 741 604
1828 235 290 538 484 261 414 512 351
1829 75 110 290 235 91 189 261 142
1830 6 18 110 75 11 54 91 29
1831 5716 5670 5947 5998 5693 5812 5974 5861
1832 5373 5316 5670 5716 5344 5508 5693 5559
1833 4885 4826 5316 5373 4859 5091 5344 5146
1834 4278 4232 4826 4885 4254 4541 4859 4593
1835 3552 3543 4232 4278 3546 3909 4254 3947
1836 3128 3131 3543 3552 3129 3333 3546 3343
1837 2721 2735 3131 3128 2727 2944 3129 2938
1838 2218 2258 2735 2721 2242 2513 2727 2489
1839 1559 1611 2258 2218 1585 1914 2242 1804
1840 1114 1177 1611 1559 1142 1386 1585 1329
1841 764 809 1177 1114 785 968 1142 908
1842 538 584 809 764 563 693 785 651
1843 290 348 584 538 315 471 563 414
1844 110 148 348 290 130 236 315 189
1845 18 37 148 110 28 83 130 54
1846 5670 5620 5897 5947 5645 5763 5923 5812
1847 5316 5263 5620 5670 5291 5459 5645 5508
1848 4826 4774 5263 5316 4802 5040 5291 5091
1849 4232 4203 4774 4826 4216 4495 4802 4541
1850 3543 3532 4203 4232 3537 3874 4216 3909
1851 3131 3135 3532 3543 3134 3330 3537 3333
1852 2735 2758 3135 3131 2744 2953 3134 2944
1853 2258 2312 2758 2735 2285 2552 2744 2513
1854 1611 1666 2312 2258 1639 1993 2285 1914
1855 1177 1235 1666 1611 1202 1441 1639 1386
1856 809 861 1235 1177 836 1033 1202 968
1857 584 633 861 809 609 736 836 693
1858 348 407 633 584 377 526 609 471
1859 148 195 407 348 171 294 377 236
1860 37 64 195 148 50 121 171 83
1861 5620 5570 5846 5897 5595 5714 5871 5763
1862 5263 5212 5570 5620 5240 5405 5595 5459
1863 4774 4734 5212 5263 4756 4987 5240 5040
1864 4203 4172 4734 4774 4187 4453 4756 4495
1865 3532 3523 4172 4203 3529 3853 4187 3874
1866 3135 3140 3523 3532 3138 3329 3529 3330
1867 2758 2779 3140 3135 2768 2961 3138 2953
1868 2312 2348 2779 2758 2325 2576 2768 2552
1869 1666 1716 2348 2312 1688 2062 2325 1993
1870 1235 1294 1716 1666 1262 1497 1688 1441
1871 861 914 1294 1235 887 1095 1262 1033
1872 633 676 914 861 655 778 887 736
1873 407 469 676 633 438 575 655 526
1874 195 248 469 407 220 350 438 294
1875 64 98 248 195 80 162 220 121
1876 5570 5522 5792 5846 5548 5667 5822 5714
1877 5212 5161 5522 5570 5188 5354 5548 5405
1878 4734 4690 5161 5212 4708 4940 5188 4987
1879 4172 4147 4690 4734 4157 4419 4708 4453
1880 3523 3518 4147 4172 3520 3826 4157 3853
1881 3140 3149 3518 3523 3144 3331 3520 3329
1882 2779 2797 3149 3140 2789 2978 3144 2961
1883 2348 2378 2797 2779 2366 2602 2789 2576
1884 1716 1769 2378 2348 1742 2121 2366 2062
1885 1294 1350 1769 1716 1321 1552 1742 1497
1886 914 975 1350 1294 945 1158 1321 1095
1887 676 717 975 914 697 824 945 778
1888 469 521 717 676 498 619 697 575
1889 248 305 521 469 275 415 498 350
1890 98 140 305 248 120 216 275 162
1891 5522 5473 5738 5792 5500 5614 5768 5667
1892 5161 5111 5473 5522 5135 5309 5500 5354
1893 4690 4648 5111 5161 4670 4888 5135 4940
1894 4147 4123 4648 4690 4134 4385 4670 4419
1895 3518 3509 4123 4147 3514 3809 4134 3826
1896 3149 3158 3509 3518 3154 3334 3514 3331
1897 2797 2809 3158 3149 2804 2989 3154 2978
1898 2378 2429 2809 2797 2409 2624 2804 2602
1899 1769 1814 2429 2378 1794 2189 2409 2121
1900 1350 1405 1814 1769 1378 1605 1794 1552
1901 975 1036 1405 1350 1004 1219 1378 1158
1902 717 759 1036 975 740 879 1004 824
1903 521 573 759 717 546 667 740 619
1904 305 369 573 521 334 475 546 415
1905 140 192 369 305 165 272 334 216
1906 5473 5421 5683 5738 5445 5561 5713 5614
1907 5111 5060 5421 5473 5088 5256 5445 5309
1908 4648 4610 5060 5111 4628 4846 5088 4888
1909 4123 4096 4610 4648 4113 4353 4628 4385
1910 3509 3504 4096 4123 3507 3793 4113 3809
1911 3158 3175 3504 3509 3163 3339 3507 3334
1912 2809 2838 3175 3158 2818 3000 3163 2989
1913 2429 2460 2838 2809 2444 2650 2818 2624
1914 1814 1937 2460 2429 1884 2238 2444 2189
1915 1405 1463 1937 1814 1433 1662 1884 1605
1916 1036 1106 1463 1405 1072 1282 1433 1219
1917 759 808 1106 1036 784 941 1072 879
1918 573 621 808 759 599 714 784 667
1919 369 439 621 573 400 532 599 475
1920 192 252 439 369 221 336 400 272
1921 5421 5359 5629 5683 5392 5506 5656 5561
1922 5060 5008 5359 5421 5038 5195 5392 5256
1923 4610 4567 5008 5060 4589 4797 5038 4846
1924 4096 4078 4567 4610 4088 4322 4589 4353
1925 3504 3499 4078 4096 3501 3768 4088 3793
1926 3175 3186 3499 3504 3182 3344 3501 3339
1927 2838 2864 3186 3175 2853 3031 3182 3000
1928 2460 2495 2864 2838 2478 2685 2853 2650
1929 1937 2030 2495 2460 1987 2293 2478 2238
1930 1463 1524 2030 1937 1495 1720 1987 1662
1931 1106 1176 1524 1463 1139 1344 1495 1282
1932 808 865 1176 1106 837 1006 1139 941
1933 621 673 865 808 647 758 837 714
1934 439 505 673 621 472 590 647 532
1935 252 322 505 439 284 412 472 336
1936 5359 5303 5567 5629 5335 5444 5602 5506
1937 5008 4950 5303 5359 4982 5137 5335 5195
1938 4567 4525 4950 5008 4547 4746 4982 4797
1939 4078 4053 4525 4567 4064 4290 4547 4322
1940 3499 3493 4053 4078 3496 3745 4064 3768
1941 3186 3193 3493 3499 3189 3350 3496 3344
1942 2864 2883 3193 3186 2873 3050 3189 3031
1943 2495 2539 2883 2864 2512 2710 2873 2685
1944 2030 2103 2539 2495 2064 2341 2512 2293
1945 1524 1590 2103 2030 1557 1776 2064 1720
1946 1176 1243 1590 1524 1209 1413 1557 1344
1947 865 932 1243 1176 898 1083 1209 1006
1948 673 728 932 865 701 815 898 758
1949 505 567 728 673 536 645 701 590
1950 322 392 567 505 359 489 536 412
1951 5303 5241 5507 5567 5268 5383 5538 5444
1952 4950 4889 5241 5303 4924 5077 5268 5137
1953 4525 4476 4889 4950 4502 4694 4924 4746
1954 4053 4022 4476 4525 4033 4252 4502 4290
1955 3493 3487 4022 4053 3491 3715 4033 3745
1956 3193 3206 3487 3493 3198 3353 3491 3350
1957 2883 2901 3206 3193 2891 3059 3198 3050
1958 2539 2574 2901 2883 2558 2737 2891 2710
1959 2103 2184 2574 2539 2141 2380 2558 2341
1960 1590 1657 2184 2103 1623 1877 2141 1776
1961 1243 1317 1657 1590 1281 1485 1623 1413
1962 932 1013 1317 1243 969 1164 1281 1083
1963 728 781 1013 932 751 882 969 815
1964 567 629 781 728 598 704 751 645
1965 392 478 629 567 441 554 598 489
1966 5241 5166 5438 5507 5204 5313 5474 5383
1967 4889 4825 5166 5241 4862 5005 5204 5077
1968 4476 4424 4825 4889 4452 4632 4862 4694
1969 4022 3984 4424 4476 4002 4210 4452 4252
1970 3487 3483 3984 4022 3486 3677 4002 3715
1971 3206 3220 3483 3487 3215 3352 3486 3353
1972 2901 2914 3220 3206 2909 3066 3215 3059
1973 2574 2611 2914 2901 2587 2770 2909 2737
1974 2184 2247 2611 2574 2210 2440 2587 2380
1975 1657 1729 2247 2184 1691 2001 2210 1877
1976 1317 1397 1729 1657 1361 1560 1691 1485
1977 1013 1102 1397 1317 1057 1249 1361 1164
1978 781 849 1102 1013 814 963 1057 882
1979 629 690 849 781 661 761 814 704
1980 478 551 690 629 515 618 661 554
1981 5166 5094 5367 5438 5131 5239 5402 5313
1982 4825 4755 5094 5166 4790 4930 5131 5005
1983 4424 4366 4755 4825 4397 4564 4790 4632
1984 3984 3941 4366 4424 3964 4161 4397 4210
1985 3483 3475 3941 3984 3479 3604 3964 3677
1986 3220 3227 3475 3483 3223 3345 3479 3352
1987 2914 2940 3227 3220 2930 3069 3223 3066
1988 2611 2643 2940 2914 2623 2796 2930 2770
1989 2247 2317 2643 2611 2282 2488 2623 2440
1990 1729 1805 2317 2247 1772 2111 2282 2001
1991 1397 1486 1805 1729 1440 1645 1772 1560
1992 1102 1198 1486 1397 1147 1339 1440 1249
1993 849 937 1198 1102 892 1063 1147 963
1994 690 754 937 849 722 835 892 761
1995 551 620 754 690 587 686 722 618
1996 5094 5009 5290 5367 5051 5156 5330 5239
1997 4755 4674 5009 5094 4713 4849 5051 4930
1998 4366 4295 4674 4755 4334 4486 4713 4564
1999 3941 3885 4295 4366 3914 4102 4334 4161
2000 3475 3461 3885 3941 3468 3592 3914 3604
2001 3227 3230 3461 3475 3229 3335 3468 3345
2002 2940 2955 3230 3227 2945 3082 3229 3069
2003 2643 2689 2955 2940 2659 2817 2945 2796
2004 2317 2376 2689 2643 2351 2548 2659 2488
2005 1805 1982 2376 2317 1906 2208 2351 2111
2006 1486 1583 1982 1805 1535 1736 1906 1645
2007 1198 1304 1583 1486 1251 1439 1535 1339
2008 937 1043 1304 1198 987 1171 1251 1063
2009 754 829 1043 937 791 925 987 835
2010 620 691 829 754 656 756 791 686
2011 5009 4919 5208 5290 4963 5064 5252 5156
2012 4674 4583 4919 5009 4629 4754 4963 4849
2013 4295 4220 4583 4674 4256 4401 4629 4486
2014 3885 3806 4220 4295 3848 4031 4256 4102
2015 3461 3445 3806 3885 3452 3566 3848 3592
2016 3230 3226 3445 3461 3228 3321 3452 3335
2017 2955 2968 3226 3230 2960 3092 3228 3082
2018 2689 2724 2968 2955 2705 2860 2960 2817
2019 2376 2451 2724 2689 2423 2592 2705 2548
2020 1982 2119 2451 2376 2056 2307 2423 2208
2021 1583 1690 2119 1982 1637 1871 2056 1736
2022 1304 1417 1690 1583 1362 1553 1637 1439
2023 1043 1166 1417 1304 1103 1290 1362 1171
2024 829 927 1166 1043 875 1042 1103 925
2025 691 762 927 829 729 838 875 756
