1 3419 3450 3514 3485 3438 3483 3500 3452
2 4057 4055 4044 4049 4056 4051 4047 4054
3 3893 3891 3815 3836 3892 3853 3826 3866
4 3028 3037 3121 3108 3031 3080 3115 3070
5 3392 3419 3485 3457 3406 3452 3470 3425
6 4055 4052 4038 4044 4053 4046 4041 4051
7 3896 3893 3836 3792 3894 3866 3813 3845
8 3037 3051 3133 3121 3046 3093 3126 3080
9 3365 3392 3457 3429 3378 3425 3442 3398
10 4052 4048 4031 4038 4050 4040 4035 4046
11 3901 3896 3792 3806 3898 3845 3799 3852
12 3051 3064 3142 3133 3055 3104 3139 3093
13 3336 3365 3429 3401 3353 3398 3413 3371
14 4048 4043 4022 4031 4045 4034 4026 4040
15 3906 3901 3806 3820 3904 3852 3812 3863
16 3064 3079 3160 3142 3072 3120 3152 3104
17 3312 3336 3401 3374 3325 3371 3388 3343
18 4043 4037 4013 4022 4039 4025 4016 4034
19 3911 3906 3820 3831 3908 3863 3825 3871
20 3079 3094 3174 3160 3086 3136 3166 3120
21 3286 3312 3374 3352 3297 3343 3361 3319
22 4037 4030 4003 4013 4033 4017 4008 4025
23 3920 3911 3831 3842 3917 3871 3837 3879
24 3094 3111 3191 3174 3102 3150 3181 3136
25 3258 3286 3352 3327 3270 3319 3339 3294
26 4030 4023 3992 4003 4027 4010 3997 4017
27 3927 3920 3842 3851 3921 3879 3846 3887
28 3111 3128 3205 3191 3122 3169 3199 3150
29 3238 3258 3327 3302 3248 3294 3314 3269
30 4023 4015 3981 3992 4019 4001 3987 4010
31 3935 3927 3851 3864 3930 3887 3858 3900
32 3128 3147 3225 3205 3140 3188 3215 3169
33 3212 3238 3302 3283 3224 3269 3293 3249
34 4015 4006 3969 3981 4012 3990 3976 4001
35 3942 3935 3864 3872 3940 3900 3868 3910
36 3147 3170 3241 3225 3161 3206 3235 3188
37 3192 3212 3283 3263 3203 3249 3272 3226
38 3170 3192 3263 3241 3176 3226 3253 3206
39 4006 3998 3958 3969 4002 3979 3964 3990
40 3951 3942 3872 3883 3948 3910 3877 3922
41 3998 3989 3944 3958 3994 3967 3950 3979
42 3961 3951 3883 3899 3957 3922 3888 3934
43 3989 3980 3929 3944 3983 3959 3938 3967
44 3972 3961 3899 3918 3966 3934 3907 3946
45 3980 3972 3918 3929 3975 3946 3923 3959
46 3514 3588 3551 3485 3546 3572 3521 3500
47 4032 4049 4044 4024 4042 4047 4036 4029
48 3588 3665 3630 3551 3624 3650 3592 3572
49 4005 4032 4024 3993 4021 4029 4011 4000
50 3665 3744 3706 3630 3703 3730 3671 3650
51 3965 4005 3993 3947 3988 4000 3974 3956
52 3744 3824 3791 3706 3783 3809 3752 3730
53 3903 3965 3947 3873 3939 3956 3915 3885
54 3824 3903 3873 3791 3865 3885 3834 3809
55 3815 3737 3792 3836 3773 3765 3813 3826
56 3183 3108 3121 3195 3143 3115 3158 3189
57 3737 3658 3692 3792 3696 3674 3743 3765
58 3252 3183 3195 3267 3219 3189 3232 3256
59 3658 3582 3612 3692 3619 3593 3653 3674
60 3317 3252 3267 3334 3285 3256 3299 3326
61 3582 3506 3533 3612 3539 3523 3570 3593
62 3381 3317 3334 3403 3350 3326 3370 3391
63 3506 3443 3464 3533 3476 3456 3498 3523
64 3443 3381 3403 3464 3411 3391 3436 3456
65 3792 3692 3711 3806 3743 3704 3763 3799
66 3121 3133 3208 3195 3126 3173 3202 3158
67 3457 3485 3551 3525 3470 3521 3537 3490
68 3429 3457 3525 3495 3442 3490 3507 3461
69 3133 3142 3223 3208 3139 3186 3216 3173
70 4044 4038 4014 4024 4041 4028 4020 4036
71 4038 4031 4004 4014 4035 4018 4009 4028
72 4031 4022 3991 4004 4026 4007 3996 4018
73 4022 4013 3977 3991 4016 3995 3982 4007
74 4013 4003 3963 3977 4008 3985 3970 3995
75 4003 3992 3949 3963 3997 3973 3955 3985
76 3401 3429 3495 3465 3413 3461 3481 3435
77 3374 3401 3465 3441 3388 3435 3453 3409
78 3352 3374 3441 3415 3361 3409 3428 3385
79 3327 3352 3415 3390 3339 3385 3404 3357
80 3302 3327 3390 3372 3314 3357 3380 3337
81 3283 3302 3372 3351 3293 3337 3358 3316
82 3142 3160 3237 3223 3152 3198 3231 3186
83 3993 4024 4014 3978 4011 4020 3999 3986
84 3947 3993 3978 3926 3974 3986 3954 3937
85 3873 3947 3926 3844 3915 3937 3884 3860
86 3791 3873 3844 3764 3834 3860 3805 3774
87 3263 3283 3351 3328 3272 3316 3341 3296
88 3241 3263 3328 3313 3253 3296 3323 3280
89 3225 3241 3313 3295 3235 3280 3304 3262
90 3205 3225 3295 3282 3215 3262 3288 3243
91 3191 3205 3282 3266 3199 3243 3271 3228
92 3174 3191 3266 3250 3181 3228 3255 3210
93 3160 3174 3250 3237 3166 3210 3239 3198
94 3992 3981 3931 3949 3987 3960 3941 3973
95 3981 3969 3916 3931 3976 3945 3924 3960
96 3969 3958 3889 3916 3964 3928 3905 3945
97 3958 3944 3874 3889 3950 3914 3882 3928
98 3551 3630 3601 3525 3592 3616 3560 3537
99 3630 3706 3681 3601 3671 3694 3640 3616
100 3706 3791 3764 3681 3752 3774 3718 3694
101 3944 3929 3855 3874 3938 3890 3867 3914
102 3929 3918 3840 3855 3923 3876 3848 3890
103 3918 3899 3823 3840 3907 3861 3830 3876
104 3899 3883 3807 3823 3888 3847 3814 3861
105 3883 3872 3794 3807 3877 3835 3804 3847
106 3872 3864 3786 3794 3868 3827 3790 3835
107 3864 3851 3780 3786 3858 3817 3784 3827
108 3851 3842 3761 3780 3846 3800 3769 3817
109 3842 3831 3748 3761 3837 3788 3755 3800
110 3820 3806 3711 3736 3812 3763 3727 3775
111 3831 3820 3736 3748 3825 3775 3742 3788
112 3267 3195 3208 3284 3232 3202 3246 3275
113 3334 3267 3284 3356 3299 3275 3321 3344
114 3403 3334 3356 3430 3370 3344 3395 3416
115 3464 3403 3430 3493 3436 3416 3460 3478
116 3533 3464 3493 3558 3498 3478 3526 3543
117 3612 3533 3558 3632 3570 3543 3595 3621
118 3692 3612 3632 3711 3653 3621 3675 3704
119 4014 4004 3962 3978 4009 3984 3971 3999
120 3495 3525 3601 3568 3507 3560 3583 3530
121 3465 3495 3568 3536 3481 3530 3547 3502
122 3441 3465 3536 3505 3453 3502 3524 3474
123 4004 3991 3943 3962 3996 3968 3952 3984
124 3926 3978 3962 3897 3954 3971 3933 3912
125 3844 3926 3897 3816 3884 3912 3857 3832
126 3764 3844 3816 3733 3805 3832 3772 3747
127 3415 3441 3505 3482 3428 3474 3494 3448
128 3390 3415 3482 3455 3404 3448 3466 3423
129 3372 3390 3455 3434 3380 3423 3444 3402
130 3351 3372 3434 3412 3358 3402 3426 3384
131 3736 3711 3632 3659 3727 3675 3646 3695
132 3991 3977 3925 3943 3982 3953 3932 3968
133 3208 3223 3298 3284 3216 3261 3291 3246
134 3223 3237 3311 3298 3231 3273 3301 3261
135 3748 3736 3659 3672 3742 3695 3666 3707
136 3977 3963 3902 3925 3970 3936 3913 3953
137 3963 3949 3878 3902 3955 3919 3886 3936
138 3761 3748 3672 3679 3755 3707 3676 3715
139 3237 3250 3324 3311 3239 3287 3315 3273
140 3328 3351 3412 3399 3341 3384 3407 3366
141 3313 3328 3399 3383 3323 3366 3389 3347
142 3295 3313 3383 3369 3304 3347 3373 3330
143 3282 3295 3369 3355 3288 3330 3359 3318
144 3681 3764 3733 3652 3718 3747 3690 3664
145 3601 3681 3652 3568 3640 3664 3611 3583
146 3266 3282 3355 3340 3271 3318 3346 3300
147 3250 3266 3340 3324 3255 3300 3329 3287
148 3949 3931 3859 3878 3941 3895 3869 3919
149 3931 3916 3839 3859 3924 3875 3849 3895
150 3916 3889 3818 3839 3905 3854 3828 3875
151 3889 3874 3795 3818 3882 3838 3808 3854
152 3874 3855 3777 3795 3867 3819 3787 3838
153 3855 3840 3758 3777 3848 3796 3768 3819
154 3840 3823 3740 3758 3830 3781 3749 3796
155 3823 3807 3729 3740 3814 3767 3735 3781
156 3807 3794 3714 3729 3804 3756 3724 3767
157 3794 3786 3713 3714 3790 3754 3712 3756
158 3786 3780 3726 3713 3784 3753 3719 3754
159 3780 3761 3679 3726 3769 3715 3699 3753
160 3632 3558 3589 3659 3595 3575 3622 3646
161 3356 3284 3298 3375 3321 3291 3338 3367
162 3430 3356 3375 3469 3395 3367 3421 3449
163 3493 3430 3469 3531 3460 3449 3499 3510
164 3558 3493 3531 3589 3526 3510 3559 3575
165 3962 3943 3870 3897 3952 3909 3880 3933
166 3816 3897 3870 3785 3857 3880 3829 3803
167 3943 3925 3843 3870 3932 3881 3856 3909
168 3925 3902 3822 3843 3913 3862 3833 3881
169 3902 3878 3801 3822 3886 3841 3811 3862
170 3672 3659 3589 3620 3666 3622 3606 3648
171 3679 3672 3620 3597 3676 3648 3609 3635
172 3620 3589 3531 3597 3606 3559 3564 3609
173 3536 3568 3652 3618 3547 3611 3631 3578
174 3505 3536 3618 3584 3524 3578 3603 3544
175 3482 3505 3584 3548 3494 3544 3569 3516
176 3455 3482 3548 3519 3466 3516 3535 3487
177 3434 3455 3519 3496 3444 3487 3504 3463
178 3733 3816 3785 3698 3772 3803 3745 3710
179 3652 3733 3698 3618 3690 3710 3660 3631
180 3412 3434 3496 3480 3426 3463 3489 3447
181 3878 3859 3779 3801 3869 3821 3789 3841
182 3531 3469 3562 3597 3499 3511 3580 3564
183 3298 3311 3386 3375 3301 3348 3382 3338
184 3399 3412 3480 3462 3407 3447 3471 3432
185 3383 3399 3462 3451 3389 3432 3458 3417
186 3369 3383 3451 3440 3373 3417 3445 3405
187 3355 3369 3440 3431 3359 3405 3437 3396
188 3340 3355 3431 3414 3346 3396 3422 3377
189 3324 3340 3414 3400 3329 3377 3408 3360
190 3311 3324 3400 3386 3315 3360 3397 3348
191 3859 3839 3762 3779 3849 3798 3770 3821
192 3839 3818 3739 3762 3828 3778 3750 3798
193 3818 3795 3721 3739 3808 3759 3732 3778
194 3795 3777 3700 3721 3787 3738 3708 3759
195 3777 3758 3680 3700 3768 3716 3691 3738
196 3758 3740 3661 3680 3749 3697 3669 3716
197 3740 3729 3644 3661 3735 3688 3655 3697
198 3729 3714 3636 3644 3724 3677 3641 3688
199 3714 3713 3649 3636 3712 3684 3643 3677
200 3713 3726 3679 3649 3719 3699 3662 3684
201 3679 3597 3562 3649 3635 3580 3607 3662
202 3584 3618 3698 3670 3603 3660 3689 3625
203 3548 3584 3670 3629 3569 3625 3654 3590
204 3870 3843 3757 3785 3856 3802 3771 3829
205 3698 3785 3757 3670 3745 3771 3709 3689
206 3649 3562 3549 3636 3607 3556 3594 3643
207 3843 3822 3734 3757 3833 3776 3746 3802
208 3822 3801 3717 3734 3811 3760 3728 3776
209 3519 3548 3629 3573 3535 3590 3604 3540
210 3801 3779 3701 3717 3789 3741 3705 3760
211 3779 3762 3686 3701 3770 3722 3693 3741
212 3762 3739 3667 3686 3750 3702 3673 3722
213 3739 3721 3651 3667 3732 3687 3657 3702
214 3721 3700 3627 3651 3708 3668 3639 3687
215 3700 3680 3598 3627 3691 3638 3614 3668
216 3680 3661 3577 3598 3669 3617 3587 3638
217 3661 3644 3557 3577 3655 3602 3565 3617
218 3644 3636 3549 3557 3641 3594 3552 3602
219 3562 3469 3468 3549 3511 3467 3508 3556
220 3469 3375 3386 3468 3421 3382 3427 3467
221 3386 3400 3477 3468 3397 3439 3472 3427
222 3496 3519 3573 3563 3504 3540 3567 3529
223 3480 3496 3563 3545 3489 3529 3554 3512
224 3462 3480 3545 3534 3471 3512 3538 3497
225 3451 3462 3534 3522 3458 3497 3527 3484
226 3440 3451 3522 3509 3445 3484 3515 3475
227 3400 3414 3492 3477 3408 3454 3486 3439
228 3431 3440 3509 3520 3437 3475 3513 3473
229 3549 3468 3477 3557 3508 3472 3517 3552
230 3431 3520 3492 3414 3473 3503 3454 3422
231 3557 3477 3492 3577 3517 3486 3532 3565
232 3577 3492 3520 3598 3532 3503 3555 3587
233 3627 3598 3520 3576 3614 3555 3542 3605
234 3651 3627 3576 3581 3639 3605 3579 3613
235 3520 3509 3581 3576 3513 3541 3579 3542
236 3757 3734 3629 3670 3746 3683 3654 3709
237 3667 3651 3581 3591 3657 3613 3585 3626
238 3686 3667 3591 3610 3673 3626 3600 3647
239 3581 3509 3522 3591 3541 3515 3550 3585
240 3734 3717 3634 3629 3728 3678 3633 3683
241 3573 3629 3634 3563 3604 3633 3599 3567
242 3701 3686 3610 3623 3693 3647 3615 3663
243 3717 3701 3623 3634 3705 3663 3628 3678
244 3563 3634 3623 3545 3599 3628 3586 3554
245 3591 3522 3534 3610 3550 3527 3571 3600
246 3610 3534 3545 3623 3571 3538 3586 3615
247 3394 3450 3419 3364 3420 3438 3393 3379
248 2925 3003 2957 2878 2961 2976 2914 2900
249 3331 3394 3364 3305 3363 3379 3332 3320
250 3003 3076 3039 2957 3040 3058 2999 2976
251 3274 3331 3305 3242 3303 3320 3276 3257
252 3076 3144 3114 3039 3113 3131 3077 3058
253 3209 3274 3242 3179 3240 3257 3211 3197
254 3144 3209 3179 3114 3177 3197 3145 3131
255 3037 3028 2951 2973 3031 2991 2964 3008
256 2490 2508 2574 2542 2499 2543 2559 2512
257 3419 3392 3333 3364 3406 3362 3349 3393
258 2835 2878 2957 2911 2856 2914 2939 2871
259 3051 3037 2973 2985 3046 3008 2977 3020
260 2508 2531 2620 2574 2513 2572 2597 2543
261 3392 3365 3308 3333 3378 3335 3322 3362
262 2792 2835 2911 2872 2811 2871 2895 2834
263 3064 3051 2985 2989 3055 3020 2987 3027
264 2531 2547 2628 2620 2538 2583 2622 2572
265 3365 3336 3279 3308 3353 3310 3292 3335
266 2757 2792 2872 2836 2769 2834 2855 2794
267 3079 3064 2989 2984 3072 3027 2986 3032
268 2547 2568 2640 2628 2554 2604 2635 2583
269 3336 3312 3251 3279 3325 3281 3264 3310
270 2718 2757 2836 2798 2734 2794 2816 2759
271 3094 3079 2984 2983 3086 3032 2982 3043
272 2568 2585 2652 2640 2575 2618 2646 2604
273 3312 3286 3221 3251 3297 3254 3236 3281
274 2687 2718 2798 2763 2703 2759 2774 2725
275 3111 3094 2983 3013 3102 3043 3000 3063
276 2585 2611 2680 2652 2598 2642 2670 2618
277 3286 3258 3194 3221 3270 3227 3207 3254
278 2656 2687 2763 2729 2678 2725 2747 2693
279 3128 3111 3013 3035 3122 3063 3025 3085
280 2611 2636 2699 2680 2619 2671 2688 2642
281 2636 2656 2729 2699 2645 2693 2714 2671
282 3258 3238 3167 3194 3248 3204 3178 3227
283 3147 3128 3035 3061 3140 3085 3050 3105
284 3238 3212 3138 3167 3224 3175 3154 3204
285 3170 3147 3061 3088 3161 3105 3073 3127
286 3212 3192 3110 3138 3203 3151 3125 3175
287 3192 3170 3088 3110 3176 3127 3097 3151
288 2951 2882 2910 2973 2916 2898 2947 2964
289 2587 2542 2574 2632 2566 2559 2605 2612
290 2882 2812 2864 2910 2850 2841 2888 2898
291 2637 2587 2632 2690 2614 2612 2658 2665
292 2812 2752 2814 2864 2778 2780 2842 2841
293 2689 2637 2690 2760 2664 2665 2724 2722
294 2752 2689 2760 2814 2717 2722 2784 2780
295 2973 2910 2944 2985 2947 2932 2965 2977
296 2957 3039 2997 2911 2999 3019 2954 2939
297 3039 3114 3078 2997 3077 3095 3038 3019
298 3114 3179 3146 3078 3145 3164 3116 3095
299 3305 3364 3333 3277 3332 3349 3306 3290
300 3179 3242 3213 3146 3211 3230 3182 3164
301 3242 3305 3277 3213 3276 3290 3244 3230
302 2632 2574 2620 2684 2605 2597 2649 2653
303 2690 2632 2684 2756 2658 2653 2716 2719
304 2760 2690 2756 2859 2724 2719 2805 2808
305 2872 2911 2997 2956 2895 2954 2974 2913
306 2836 2872 2956 2915 2855 2913 2940 2875
307 2798 2836 2915 2879 2816 2875 2897 2838
308 2763 2798 2879 2844 2774 2838 2860 2802
309 2729 2763 2844 2809 2747 2802 2824 2767
310 2699 2729 2809 2771 2714 2767 2790 2735
311 2680 2699 2771 2754 2688 2735 2764 2710
312 2652 2680 2754 2728 2670 2710 2738 2691
313 2640 2652 2728 2715 2646 2691 2721 2681
314 2628 2640 2715 2705 2635 2681 2711 2669
315 2620 2628 2705 2709 2622 2669 2706 2667
316 2910 2864 2924 2944 2888 2893 2934 2932
317 2989 2985 2944 2924 2987 2965 2934 2952
318 2984 2989 2924 2894 2986 2952 2904 2943
319 2864 2814 2894 2924 2842 2853 2904 2893
320 3333 3308 3245 3277 3322 3278 3259 3306
321 2814 2760 2859 2894 2784 2808 2873 2853
322 3308 3279 3218 3245 3292 3247 3233 3278
323 3279 3251 3187 3218 3264 3220 3201 3247
324 3251 3221 3157 3187 3236 3190 3172 3220
325 3221 3194 3124 3157 3207 3162 3141 3190
326 3194 3167 3092 3124 3178 3130 3107 3162
327 3167 3138 3056 3092 3154 3099 3074 3130
328 3138 3110 3021 3056 3125 3066 3036 3099
329 3110 3088 2992 3021 3097 3041 3007 3066
330 3088 3061 2968 2992 3073 3017 2975 3041
331 3061 3035 2942 2968 3050 2988 2950 3017
332 3035 3013 2902 2942 3025 2955 2923 2988
333 3013 2983 2859 2902 3000 2922 2880 2955
334 2984 2894 2859 2983 2943 2873 2922 2982
335 2997 3078 3042 2956 3038 3059 3002 2974
336 3078 3146 3117 3042 3116 3134 3081 3059
337 3213 3277 3245 3184 3244 3259 3214 3200
338 3146 3213 3184 3117 3182 3200 3149 3134
339 3245 3218 3153 3184 3233 3185 3168 3214
340 2620 2709 2748 2684 2667 2726 2712 2649
341 2756 2684 2748 2810 2716 2712 2773 2781
342 2709 2705 2795 2788 2706 2755 2789 2751
343 2788 2796 2748 2709 2791 2768 2726 2751
344 2705 2715 2804 2795 2711 2761 2800 2755
345 2715 2728 2807 2804 2721 2765 2806 2761
346 2728 2754 2825 2807 2738 2786 2817 2765
347 2754 2771 2854 2825 2764 2813 2843 2786
348 2771 2809 2887 2854 2790 2848 2868 2813
349 2809 2844 2929 2887 2824 2883 2903 2848
350 2844 2879 2962 2929 2860 2920 2946 2883
351 2915 2956 3042 3004 2940 3002 3023 2959
352 2879 2915 3004 2962 2897 2959 2979 2920
353 3218 3187 3119 3153 3201 3155 3137 3185
354 3187 3157 3084 3119 3172 3123 3101 3155
355 3157 3124 3049 3084 3141 3089 3067 3123
356 3124 3092 3012 3049 3107 3053 3030 3089
357 3092 3056 2970 3012 3074 3015 2990 3053
358 3056 3021 2905 2970 3036 2966 2941 3015
359 3021 2992 2890 2905 3007 2945 2901 2966
360 2992 2968 2870 2890 2975 2919 2881 2945
361 2968 2942 2851 2870 2950 2896 2863 2919
362 2942 2902 2810 2851 2923 2858 2832 2896
363 2902 2859 2756 2810 2880 2805 2781 2858
364 3117 3184 3153 3082 3149 3168 3118 3098
365 3042 3117 3082 3004 3081 3098 3044 3023
366 2748 2796 2851 2810 2768 2822 2832 2773
367 2851 2796 2788 2870 2822 2791 2829 2863
368 2870 2788 2795 2890 2829 2789 2846 2881
369 2890 2795 2804 2905 2846 2800 2857 2901
370 2804 2807 2869 2905 2806 2839 2889 2857
371 2807 2825 2899 2869 2817 2861 2885 2839
372 2899 2970 2905 2869 2936 2941 2889 2885
373 2825 2854 2935 2899 2843 2892 2912 2861
374 2935 3012 2970 2899 2971 2990 2936 2912
375 2854 2887 2969 2935 2868 2933 2948 2892
376 2935 2969 3049 3012 2948 3010 3030 2971
377 3084 3049 2969 3009 3067 3010 2981 3047
378 2969 2887 2929 3009 2933 2903 2967 2981
379 2962 3004 3082 3045 2979 3044 3062 3005
380 3119 3045 3082 3153 3083 3062 3118 3137
381 3009 2929 2962 3045 2967 2946 3005 3026
382 3084 3009 3045 3119 3047 3026 3083 3101
383 2862 2925 2878 2815 2891 2900 2847 2840
384 2648 2695 2677 2616 2676 2685 2643 2633
385 2803 2862 2815 2782 2833 2840 2801 2793
386 2695 2750 2731 2677 2720 2742 2701 2685
387 2750 2803 2782 2731 2770 2793 2762 2742
388 2490 2430 2468 2508 2464 2451 2484 2499
389 2266 2220 2240 2331 2238 2228 2286 2298
390 2430 2378 2450 2468 2406 2414 2458 2451
391 2315 2266 2331 2384 2292 2298 2359 2351
392 2378 2315 2384 2450 2349 2351 2415 2414
393 2581 2616 2677 2651 2600 2643 2663 2617
394 2240 2272 2360 2331 2258 2313 2345 2286
395 2550 2581 2651 2624 2569 2617 2639 2584
396 2272 2299 2390 2360 2281 2342 2373 2313
397 2515 2550 2624 2593 2534 2584 2608 2556
398 2299 2330 2418 2390 2314 2379 2402 2342
399 2479 2515 2593 2564 2501 2556 2576 2527
400 2330 2369 2445 2418 2352 2409 2427 2379
401 2444 2479 2564 2528 2470 2527 2545 2486
402 2369 2408 2463 2445 2389 2432 2455 2409
403 2408 2444 2528 2463 2424 2486 2497 2432
404 2878 2835 2746 2815 2856 2787 2775 2847
405 2531 2508 2468 2450 2513 2484 2458 2492
406 2835 2792 2702 2746 2811 2749 2723 2787
407 2547 2531 2450 2483 2538 2492 2471 2514
408 2792 2757 2674 2702 2769 2708 2686 2749
409 2568 2547 2483 2505 2554 2514 2498 2539
410 2757 2718 2638 2674 2734 2683 2650 2708
411 2585 2568 2505 2526 2575 2539 2511 2555
412 2718 2687 2609 2638 2703 2647 2621 2683
413 2611 2585 2526 2548 2598 2555 2535 2578
414 2687 2656 2586 2609 2678 2623 2599 2647
415 2636 2611 2548 2571 2619 2578 2557 2603
416 2656 2636 2571 2586 2645 2603 2579 2623
417 2677 2731 2746 2651 2701 2739 2696 2663
418 2782 2815 2746 2731 2801 2775 2739 2762
419 2450 2384 2431 2483 2415 2410 2461 2471
420 2384 2331 2425 2431 2359 2383 2428 2410
421 2331 2360 2452 2425 2345 2403 2438 2383
422 2505 2483 2431 2425 2498 2461 2428 2473
423 2505 2425 2452 2526 2473 2438 2491 2511
424 2548 2526 2452 2475 2535 2491 2466 2510
425 2571 2548 2475 2500 2557 2510 2489 2536
426 2586 2571 2500 2516 2579 2536 2509 2553
427 2609 2586 2516 2528 2599 2553 2518 2570
428 2609 2528 2564 2638 2570 2545 2602 2621
429 2638 2564 2593 2674 2602 2576 2631 2650
430 2674 2593 2624 2702 2631 2608 2661 2686
431 2702 2624 2651 2746 2661 2639 2696 2723
432 2360 2390 2475 2452 2373 2429 2466 2403
433 2475 2390 2418 2500 2429 2402 2462 2489
434 2500 2418 2445 2516 2462 2427 2482 2509
435 2516 2445 2463 2528 2482 2455 2497 2518
436 1161 1176 1186 1175 1169 1181 1180 1168
437 1176 1197 1203 1186 1187 1199 1193 1181
438 1203 1198 1175 1186 1200 1188 1180 1193
439 1197 1220 1226 1203 1205 1223 1212 1199
440 1203 1226 1222 1198 1212 1224 1207 1200
441 1220 1244 1250 1226 1233 1247 1236 1223
442 1222 1226 1250 1248 1224 1236 1249 1235
443 1244 1267 1275 1250 1256 1269 1259 1247
444 1248 1250 1275 1273 1249 1259 1274 1258
445 1267 1292 1300 1275 1280 1294 1286 1269
446 1273 1275 1300 1296 1274 1286 1297 1283
447 1292 1311 1331 1300 1304 1321 1314 1294
448 1311 1337 1356 1331 1325 1347 1342 1321
449 1319 1296 1300 1331 1306 1297 1314 1326
450 1337 1363 1383 1356 1351 1372 1368 1347
451 1349 1319 1331 1361 1334 1326 1348 1355
452 1363 1398 1412 1383 1381 1406 1395 1372
453 1382 1349 1361 1400 1362 1355 1384 1391
454 1398 1440 1449 1412 1420 1444 1432 1406
455 1440 1479 1484 1449 1459 1482 1469 1444
456 1425 1382 1400 1441 1402 1391 1424 1434
457 1479 1517 1521 1484 1495 1519 1502 1482
458 1471 1425 1441 1485 1446 1434 1465 1477
459 1517 1556 1554 1521 1539 1555 1537 1519
460 1512 1471 1485 1527 1492 1477 1507 1523
461 1556 1597 1596 1554 1571 1595 1568 1555
462 1558 1512 1527 1569 1535 1523 1553 1565
463 1597 1635 1646 1596 1617 1640 1619 1595
464 1602 1558 1569 1622 1578 1565 1599 1613
465 1635 1681 1707 1646 1659 1691 1676 1640
466 1681 1724 1750 1707 1705 1739 1727 1691
467 1653 1602 1622 1670 1625 1613 1649 1661
468 1724 1778 1800 1750 1749 1788 1777 1739
469 1698 1653 1670 1721 1674 1661 1694 1712
470 1778 1835 1857 1800 1805 1845 1829 1788
471 2648 2616 2551 2577 2633 2582 2565 2615
472 2240 2220 2148 2166 2228 2182 2156 2206
473 2616 2581 2523 2551 2600 2552 2540 2582
474 2272 2240 2166 2196 2258 2206 2184 2229
475 2581 2550 2493 2523 2569 2519 2507 2552
476 2299 2272 2196 2222 2281 2229 2209 2262
477 2550 2515 2454 2493 2534 2488 2474 2519
478 2330 2299 2222 2250 2314 2262 2235 2290
479 2515 2479 2411 2454 2501 2449 2426 2488
480 2369 2330 2250 2283 2352 2290 2270 2327
481 2479 2444 2367 2411 2470 2407 2388 2449
482 2408 2369 2283 2316 2389 2327 2304 2365
483 2444 2408 2316 2367 2424 2365 2338 2407
484 1835 1893 1917 1857 1862 1904 1887 1845
485 1893 1958 1981 1917 1924 1967 1944 1904
486 1958 2028 2053 1981 1992 2039 2014 1967
487 2028 2093 2121 2053 2063 2108 2085 2039
488 2093 2164 2187 2121 2133 2176 2152 2108
489 2164 2239 2246 2187 2205 2243 2216 2176
490 2239 2329 2323 2246 2280 2326 2284 2243
491 2329 2421 2401 2323 2375 2412 2363 2326
492 2421 2504 2477 2401 2469 2495 2443 2412
493 2504 2577 2551 2477 2544 2565 2517 2495
494 1753 1698 1721 1779 1725 1712 1747 1765
495 2148 2076 2098 2166 2110 2087 2134 2156
496 1812 1753 1779 1837 1784 1765 1807 1823
497 2076 2002 2031 2098 2037 2012 2066 2087
498 1872 1812 1837 1897 1842 1823 1864 1879
499 2002 1935 1961 2031 1966 1942 1993 2012
500 1935 1872 1897 1961 1902 1879 1926 1942
501 1361 1331 1356 1385 1348 1342 1369 1373
502 1400 1361 1385 1414 1384 1373 1397 1408
503 1356 1383 1394 1385 1368 1389 1390 1369
504 1383 1412 1421 1394 1395 1417 1407 1389
505 1421 1414 1385 1394 1419 1397 1390 1407
506 1441 1400 1414 1452 1424 1408 1435 1447
507 1412 1449 1455 1421 1432 1451 1439 1417
508 1414 1421 1455 1452 1419 1439 1454 1435
509 1449 1484 1488 1455 1469 1486 1473 1451
510 1485 1441 1452 1493 1465 1447 1476 1490
511 1488 1493 1452 1455 1491 1476 1454 1473
512 1484 1521 1515 1488 1502 1518 1500 1486
513 1521 1554 1536 1515 1537 1549 1526 1518
514 1527 1485 1493 1536 1507 1490 1514 1532
515 1569 1527 1536 1587 1553 1532 1562 1580
516 1493 1488 1515 1536 1491 1500 1526 1514
517 1622 1569 1587 1633 1599 1580 1611 1627
518 1536 1554 1596 1587 1549 1568 1590 1562
519 1587 1596 1646 1633 1590 1619 1637 1611
520 1670 1622 1633 1688 1649 1627 1664 1680
521 1633 1646 1707 1688 1637 1676 1693 1664
522 1721 1670 1688 1743 1694 1680 1716 1734
523 2196 2166 2098 2126 2184 2134 2114 2159
524 2222 2196 2126 2153 2209 2159 2141 2190
525 2551 2523 2457 2477 2540 2494 2472 2517
526 2401 2477 2457 2387 2443 2472 2422 2396
527 2323 2401 2387 2317 2363 2396 2354 2321
528 2246 2323 2317 2265 2284 2321 2291 2259
529 2187 2246 2265 2203 2216 2259 2231 2194
530 2121 2187 2203 2146 2152 2194 2173 2131
531 2053 2121 2146 2081 2085 2131 2112 2067
532 1981 2053 2081 2008 2014 2067 2048 1997
533 1917 1981 2008 1941 1944 1997 1978 1931
534 1857 1917 1941 1877 1887 1931 1912 1870
535 1800 1857 1877 1824 1829 1870 1853 1813
536 1750 1800 1824 1781 1777 1813 1801 1764
537 1707 1750 1781 1766 1727 1764 1774 1736
538 1688 1707 1766 1743 1693 1736 1754 1716
539 1779 1721 1743 1804 1747 1734 1775 1792
540 1837 1779 1804 1863 1807 1792 1836 1849
541 1897 1837 1863 1923 1864 1849 1894 1910
542 1961 1897 1923 1988 1926 1910 1955 1974
543 2031 1961 1988 2058 1993 1974 2020 2042
544 2098 2031 2058 2126 2066 2042 2091 2114
545 2250 2222 2153 2181 2235 2190 2163 2215
546 2523 2493 2423 2457 2507 2460 2439 2494
547 2283 2250 2181 2208 2270 2215 2193 2241
548 2316 2283 2208 2237 2304 2241 2223 2278
549 2367 2316 2237 2287 2338 2278 2264 2325
550 2411 2367 2287 2336 2388 2325 2312 2372
551 2493 2454 2386 2423 2474 2419 2404 2460
552 2454 2411 2336 2386 2426 2372 2361 2419
553 1781 1824 1841 1766 1801 1833 1802 1774
554 1743 1766 1841 1804 1754 1802 1820 1775
555 2387 2457 2423 2366 2422 2439 2395 2376
556 2153 2126 2058 2086 2141 2091 2074 2122
557 2181 2153 2086 2113 2163 2122 2095 2149
558 2208 2181 2113 2138 2193 2149 2125 2168
559 2237 2208 2138 2154 2223 2168 2147 2197
560 2287 2237 2154 2221 2264 2197 2189 2251
561 2336 2287 2221 2276 2312 2251 2245 2307
562 2386 2336 2276 2324 2361 2307 2300 2355
563 2423 2386 2324 2366 2404 2355 2344 2395
564 2317 2387 2366 2320 2354 2376 2341 2319
565 2265 2317 2320 2282 2291 2319 2305 2275
566 2324 2282 2320 2366 2306 2305 2341 2344
567 2058 1988 2015 2086 2020 2004 2054 2074
568 2203 2265 2282 2232 2231 2275 2260 2218
569 2282 2324 2276 2232 2306 2300 2254 2260
570 2146 2203 2232 2177 2173 2218 2204 2161
571 2232 2276 2221 2177 2254 2245 2199 2204
572 1988 1923 1959 2015 1955 1938 1987 2004
573 1923 1863 1901 1959 1894 1878 1928 1938
574 1863 1804 1841 1901 1836 1820 1869 1878
575 1824 1877 1908 1841 1853 1896 1873 1833
576 1877 1941 1971 1908 1912 1960 1937 1896
577 2081 2146 2177 2115 2112 2161 2145 2092
578 2177 2221 2154 2115 2199 2189 2132 2145
579 1941 2008 2041 1971 1978 2027 2005 1960
580 2008 2081 2115 2041 2048 2092 2078 2027
581 2113 2086 2015 2050 2095 2054 2034 2082
582 1841 1908 1945 1901 1873 1929 1925 1869
583 1908 1971 2003 1945 1937 1986 1976 1929
584 2015 1959 1995 2050 1987 1975 2018 2034
585 1959 1901 1945 1995 1928 1925 1969 1975
586 2138 2113 2050 2072 2125 2082 2059 2103
587 2115 2154 2069 2041 2132 2111 2055 2078
588 2154 2138 2072 2069 2147 2103 2070 2111
589 1971 2041 2069 2003 2005 2055 2035 1986
590 1995 1945 2003 2019 1969 1976 2009 2006
591 2050 1995 2019 2072 2018 2006 2047 2059
592 2069 2072 2019 2003 2070 2047 2009 2035
593 1151 1161 1175 1167 1156 1168 1173 1160
594 1175 1198 1182 1167 1188 1190 1174 1173
595 1139 1151 1167 1157 1145 1160 1163 1148
596 1198 1222 1202 1182 1207 1210 1192 1190
597 1222 1248 1231 1202 1235 1238 1215 1210
598 1128 1139 1157 1159 1132 1148 1158 1142
599 1248 1273 1257 1231 1258 1262 1245 1238
600 1115 1128 1159 1166 1120 1142 1164 1138
601 1273 1296 1279 1257 1283 1290 1268 1262
602 1102 1115 1166 1155 1109 1138 1162 1123
603 1296 1319 1302 1279 1306 1309 1291 1290
604 1319 1349 1329 1302 1334 1338 1315 1309
605 1083 1102 1155 1141 1091 1123 1147 1110
606 1349 1382 1360 1329 1362 1371 1343 1338
607 1382 1425 1403 1360 1402 1413 1380 1371
608 1062 1083 1141 1130 1072 1110 1135 1095
609 1045 1062 1130 1107 1055 1095 1118 1070
610 1425 1471 1448 1403 1446 1458 1429 1413
611 1471 1512 1489 1448 1492 1498 1470 1458
612 1512 1558 1540 1489 1535 1550 1513 1498
613 1195 1107 1130 1237 1146 1118 1185 1216
614 1282 1195 1237 1307 1241 1216 1278 1295
615 1558 1602 1585 1540 1578 1593 1563 1550
616 1345 1282 1307 1366 1312 1295 1339 1354
617 1415 1345 1366 1445 1377 1354 1405 1430
618 1487 1415 1445 1510 1453 1430 1480 1496
619 1602 1653 1634 1585 1625 1644 1612 1593
620 1551 1487 1510 1567 1520 1496 1544 1559
621 1604 1551 1567 1620 1574 1559 1594 1614
622 1658 1604 1620 1673 1630 1614 1648 1666
623 2430 2490 2400 2391 2464 2447 2398 2413
624 2378 2430 2391 2334 2406 2413 2362 2357
625 2310 2334 2391 2400 2318 2362 2398 2356
626 2315 2378 2334 2269 2349 2357 2301 2293
627 2334 2310 2225 2269 2318 2268 2244 2301
628 2266 2315 2269 2200 2292 2293 2233 2230
629 2269 2225 2155 2200 2244 2191 2179 2233
630 2220 2266 2200 2129 2238 2230 2162 2169
631 2200 2155 2084 2129 2179 2123 2106 2162
632 1653 1698 1686 1634 1674 1692 1662 1644
633 1710 1658 1673 1723 1685 1666 1697 1719
634 1762 1710 1723 1782 1737 1719 1751 1773
635 2084 2010 2038 2129 2049 2025 2083 2106
636 1821 1762 1782 1840 1795 1773 1810 1832
637 2010 1940 1964 2038 1979 1953 2000 2025
638 1876 1821 1840 1899 1850 1832 1866 1890
639 1940 1876 1899 1964 1911 1890 1930 1953
640 1698 1753 1740 1686 1725 1745 1714 1692
641 2148 2220 2129 2107 2182 2169 2119 2128
642 1753 1812 1796 1740 1784 1803 1767 1745
643 2076 2148 2107 2051 2110 2128 2079 2061
644 1812 1872 1855 1796 1842 1861 1825 1803
645 2002 2076 2051 1980 2037 2061 2013 1991
646 1872 1935 1913 1855 1902 1922 1882 1861
647 1935 2002 1980 1913 1966 1991 1943 1922
648 1167 1182 1159 1157 1174 1170 1158 1163
649 1182 1202 1166 1159 1192 1184 1164 1170
650 1202 1231 1214 1166 1215 1225 1191 1184
651 1231 1257 1239 1214 1245 1252 1230 1225
652 1257 1279 1253 1239 1268 1264 1251 1252
653 1279 1302 1271 1253 1291 1289 1260 1264
654 1302 1329 1298 1271 1315 1310 1284 1289
655 1155 1166 1214 1206 1162 1191 1211 1179
656 1141 1155 1206 1217 1147 1179 1213 1178
657 1130 1141 1217 1237 1135 1178 1229 1185
658 1329 1360 1336 1298 1343 1350 1317 1310
659 1360 1403 1379 1336 1380 1392 1357 1350
660 1379 1366 1307 1336 1374 1339 1323 1357
661 1403 1448 1426 1379 1429 1438 1401 1392
662 1448 1489 1445 1426 1470 1467 1436 1438
663 1366 1379 1426 1445 1374 1401 1436 1405
664 1336 1307 1237 1298 1323 1278 1270 1317
665 1445 1489 1540 1510 1467 1513 1524 1480
666 1510 1540 1585 1567 1524 1563 1575 1544
667 1567 1585 1634 1620 1575 1612 1626 1594
668 1620 1634 1686 1673 1626 1662 1679 1648
669 1673 1686 1740 1723 1679 1714 1731 1697
670 1723 1740 1796 1782 1731 1767 1786 1751
671 1782 1796 1855 1840 1786 1825 1844 1810
672 1840 1855 1913 1899 1844 1882 1905 1866
673 1899 1913 1980 1964 1905 1943 1970 1930
674 1964 1980 2051 2038 1970 2013 2044 2000
675 2038 2051 2107 2129 2044 2079 2119 2083
676 1217 1271 1298 1237 1246 1284 1270 1229
677 1214 1239 1253 1206 1230 1251 1232 1211
678 1206 1253 1271 1217 1232 1260 1246 1213
679 645 689 708 691 668 699 700 669
680 689 734 742 708 714 738 724 699
681 742 737 691 708 739 716 700 724
682 734 779 782 742 758 780 762 738
683 737 742 782 783 739 762 781 760
684 779 825 824 782 802 823 803 780
685 783 782 824 828 781 803 826 804
686 825 865 864 824 844 863 843 823
687 828 824 864 869 826 843 866 846
688 865 902 906 864 884 903 885 863
689 869 864 906 907 866 885 905 887
690 902 937 954 906 919 946 930 903
691 907 906 954 948 905 930 949 927
692 937 970 990 954 955 981 972 946
693 970 1003 1022 990 986 1012 1004 981
694 1003 1045 1049 1022 1023 1047 1032 1012
695 1045 1107 1090 1049 1070 1100 1064 1047
696 1107 1195 1171 1090 1146 1183 1125 1100
697 1195 1282 1263 1171 1241 1276 1221 1183
698 1282 1345 1333 1263 1312 1340 1303 1276
699 1345 1415 1404 1333 1377 1410 1365 1340
700 1415 1487 1478 1404 1453 1483 1442 1410
701 1487 1551 1541 1478 1520 1547 1508 1483
702 1551 1604 1591 1541 1574 1598 1564 1547
703 1604 1658 1642 1591 1630 1652 1618 1598
704 1658 1710 1689 1642 1685 1701 1667 1652
705 1710 1762 1742 1689 1737 1752 1717 1701
706 1762 1821 1799 1742 1795 1811 1771 1752
707 1821 1876 1858 1799 1850 1871 1830 1811
708 1876 1940 1919 1858 1911 1933 1889 1871
709 1940 2010 1983 1919 1979 1998 1951 1933
710 2010 2084 2056 1983 2049 2073 2017 1998
711 2084 2155 2127 2056 2123 2142 2090 2073
712 2155 2225 2195 2127 2191 2210 2160 2142
713 2225 2310 2271 2195 2268 2288 2227 2210
714 2310 2400 2348 2271 2356 2374 2308 2288
715 2400 2490 2416 2348 2447 2456 2382 2374
716 3028 2937 2908 2951 2978 2926 2938 2991
717 988 948 954 998 967 949 976 994
718 2937 2845 2852 2908 2886 2849 2884 2926
719 2852 2882 2951 2908 2866 2916 2938 2884
720 1044 988 998 1063 1013 994 1028 1053
721 2845 2758 2777 2852 2799 2766 2818 2849
722 1149 1044 1063 1177 1086 1053 1114 1165
723 2758 2682 2707 2777 2713 2692 2744 2766
724 1281 1149 1177 1293 1219 1165 1242 1287
725 2682 2607 2644 2707 2641 2626 2679 2692
726 2882 2852 2777 2812 2866 2818 2797 2850
727 2812 2777 2707 2752 2797 2744 2727 2778
728 2752 2707 2644 2689 2727 2679 2672 2717
729 1367 1281 1293 1375 1324 1287 1332 1370
730 2607 2541 2580 2644 2573 2562 2613 2626
731 2689 2644 2580 2637 2672 2613 2610 2664
732 1464 1367 1375 1462 1418 1370 1423 1460
733 2541 2467 2502 2580 2506 2476 2546 2562
734 1546 1464 1462 1543 1505 1460 1504 1545
735 2467 2370 2385 2502 2417 2380 2446 2476
736 1608 1546 1543 1615 1573 1545 1577 1610
737 2370 2277 2285 2385 2322 2279 2333 2380
738 2637 2580 2502 2587 2610 2546 2549 2614
739 1668 1608 1615 1684 1638 1610 1651 1677
740 2277 2198 2207 2285 2234 2201 2242 2279
741 1726 1668 1684 1741 1696 1677 1711 1735
742 2198 2124 2135 2207 2158 2130 2167 2201
743 1785 1726 1741 1798 1755 1735 1770 1793
744 2124 2052 2064 2135 2088 2057 2097 2130
745 1847 1785 1798 1860 1814 1793 1831 1854
746 2052 1977 1990 2064 2011 1982 2029 2057
747 1909 1847 1860 1920 1875 1854 1892 1914
748 1977 1909 1920 1990 1939 1914 1956 1982
749 2490 2542 2465 2416 2512 2503 2436 2456
750 2542 2587 2502 2465 2566 2549 2478 2503
751 954 990 1029 998 972 1007 1015 976
752 990 1022 1059 1029 1004 1038 1043 1007
753 1022 1049 1090 1059 1032 1064 1075 1038
754 1090 1171 1134 1059 1125 1154 1094 1075
755 1171 1263 1240 1134 1221 1255 1189 1154
756 1263 1333 1320 1240 1303 1328 1288 1255
757 1333 1404 1393 1320 1365 1396 1353 1328
758 1404 1478 1472 1393 1442 1475 1433 1396
759 1478 1541 1531 1472 1508 1533 1501 1475
760 1541 1591 1581 1531 1564 1588 1560 1533
761 1591 1642 1628 1581 1618 1632 1606 1588
762 1642 1689 1672 1628 1667 1683 1654 1632
763 1689 1742 1722 1672 1717 1732 1695 1683
764 1063 998 1029 1099 1028 1015 1058 1081
765 1029 1059 1134 1099 1043 1094 1116 1058
766 1177 1063 1099 1208 1114 1081 1150 1194
767 1099 1134 1240 1208 1116 1189 1228 1150
768 1293 1177 1208 1305 1242 1194 1265 1301
769 1208 1240 1320 1305 1228 1288 1313 1265
770 1375 1293 1305 1386 1332 1301 1344 1378
771 1305 1320 1393 1386 1313 1353 1388 1344
772 1462 1375 1386 1466 1423 1378 1428 1461
773 1386 1393 1472 1466 1388 1433 1468 1428
774 1742 1799 1780 1722 1771 1789 1748 1732
775 2465 2502 2385 2377 2478 2446 2381 2420
776 2416 2465 2377 2368 2436 2420 2371 2392
777 2348 2416 2368 2309 2382 2392 2335 2328
778 2385 2285 2294 2377 2333 2289 2332 2381
779 2368 2377 2294 2309 2371 2332 2302 2335
780 2271 2348 2309 2236 2308 2328 2274 2249
781 2195 2271 2236 2165 2227 2249 2202 2183
782 2127 2195 2165 2101 2160 2183 2136 2117
783 2285 2207 2219 2294 2242 2212 2256 2289
784 2309 2294 2219 2236 2302 2256 2226 2274
785 2056 2127 2101 2032 2090 2117 2068 2043
786 2207 2135 2150 2219 2167 2143 2186 2212
787 2236 2219 2150 2165 2226 2186 2157 2202
788 2135 2064 2080 2150 2097 2075 2118 2143
789 2165 2150 2080 2101 2157 2118 2089 2136
790 2064 1990 2007 2080 2029 1999 2045 2075
791 2101 2080 2007 2032 2089 2045 2016 2068
792 1983 2056 2032 1962 2017 2043 1996 1972
793 1919 1983 1962 1898 1951 1972 1927 1907
794 1799 1858 1839 1780 1830 1848 1808 1789
795 1858 1919 1898 1839 1889 1907 1865 1848
796 1990 1920 1936 2007 1956 1932 1973 1999
797 2032 2007 1936 1962 2016 1973 1947 1996
798 1920 1860 1874 1936 1892 1868 1906 1932
799 1962 1936 1874 1898 1947 1906 1886 1927
800 1860 1798 1815 1874 1831 1809 1846 1868
801 1898 1874 1815 1839 1886 1846 1827 1865
802 1798 1741 1756 1815 1770 1746 1787 1809
803 1839 1815 1756 1780 1827 1787 1769 1808
804 1741 1684 1704 1756 1711 1690 1730 1746
805 1780 1756 1704 1722 1769 1730 1713 1748
806 1684 1615 1656 1704 1651 1631 1678 1690
807 1722 1704 1656 1672 1713 1678 1663 1695
808 1543 1462 1466 1530 1504 1461 1497 1534
809 1472 1531 1530 1466 1501 1529 1497 1468
810 1615 1543 1530 1586 1577 1534 1561 1601
811 1615 1586 1623 1656 1601 1605 1636 1631
812 1672 1656 1623 1628 1663 1636 1624 1654
813 1628 1623 1586 1581 1624 1605 1583 1606
814 1530 1531 1581 1586 1529 1560 1583 1561
815 1143 1161 1151 1136 1152 1156 1144 1140
816 1124 1143 1136 1119 1131 1140 1127 1121
817 1151 1139 1119 1136 1145 1129 1127 1144
818 1104 1124 1119 1093 1112 1121 1108 1101
819 1139 1128 1105 1119 1132 1117 1111 1129
820 1128 1115 1085 1105 1120 1103 1096 1117
821 1078 1104 1093 1065 1089 1101 1082 1071
822 1115 1102 1060 1085 1109 1080 1073 1103
823 1051 1078 1065 1041 1061 1071 1054 1046
824 1102 1083 1034 1060 1091 1057 1048 1080
825 1027 1051 1041 1010 1037 1046 1024 1019
826 1083 1062 1017 1034 1072 1036 1026 1057
827 1062 1045 1003 1017 1055 1023 1009 1036
828 997 1027 1010 982 1014 1019 995 992
829 977 997 982 956 989 992 969 966
830 950 977 956 928 963 966 943 939
831 1003 970 980 1017 986 975 996 1009
832 922 950 928 895 934 939 913 910
833 970 937 942 980 955 940 960 975
834 891 922 895 867 908 910 882 878
835 862 891 867 841 876 878 853 850
836 834 862 841 810 848 850 829 821
837 801 834 810 776 816 821 796 791
838 937 902 898 942 919 900 921 940
839 902 865 859 898 884 861 881 900
840 645 658 687 689 652 674 688 668
841 753 776 810 794 765 796 800 770
842 658 673 722 687 663 697 705 674
843 731 753 794 778 743 770 786 756
844 673 692 735 722 680 715 729 697
845 712 731 778 759 721 756 768 733
846 692 712 759 735 702 733 748 715
847 865 825 815 859 844 819 840 861
848 734 689 687 722 714 688 705 728
849 825 779 773 815 802 775 797 819
850 779 734 722 773 758 728 749 775
851 1093 1119 1105 1087 1108 1111 1098 1092
852 1105 1085 1067 1087 1096 1076 1079 1098
853 1065 1093 1087 1067 1082 1092 1079 1066
854 1085 1060 1039 1067 1073 1050 1052 1076
855 1039 1041 1065 1067 1040 1054 1066 1052
856 1060 1034 1001 1039 1048 1018 1020 1050
857 1034 1017 980 1001 1026 996 991 1018
858 1041 1039 1001 1010 1040 1020 1006 1024
859 982 1010 1001 964 995 1006 984 973
860 1001 980 942 964 991 960 953 984
861 956 982 964 938 969 973 952 947
862 928 956 938 911 943 947 924 918
863 895 928 911 872 913 918 890 886
864 867 895 872 830 882 886 851 847
865 841 867 830 820 853 847 827 831
866 810 841 820 794 829 831 807 800
867 778 794 820 830 786 807 827 805
868 722 735 771 773 729 754 772 749
869 735 759 808 771 748 785 792 754
870 759 778 830 808 768 805 818 785
871 815 773 771 808 797 772 792 813
872 859 815 808 860 840 813 837 858
873 898 859 860 896 881 858 879 897
874 942 898 896 925 921 897 912 932
875 964 942 925 938 953 932 931 952
876 938 925 896 911 931 912 904 924
877 872 911 896 860 890 904 879 870
878 872 860 808 830 870 837 818 851
879 658 645 607 616 652 625 612 635
880 801 776 736 764 791 757 751 784
881 673 658 616 629 663 635 621 649
882 776 753 711 736 765 732 723 757
883 692 673 629 643 680 649 636 667
884 753 731 683 711 743 709 698 732
885 712 692 643 662 702 667 653 684
886 731 712 662 683 721 684 675 709
887 1 5 17 7 2 10 11 4
888 360 413 416 366 386 415 391 362
889 5 21 28 17 13 26 22 10
890 313 360 366 318 336 362 342 315
891 21 38 44 28 29 40 36 26
892 269 313 318 272 292 315 295 271
893 38 58 65 44 46 59 54 40
894 227 269 272 231 250 271 254 228
895 58 83 87 65 69 85 77 59
896 191 227 231 194 211 228 214 193
897 83 118 124 87 98 120 105 85
898 155 191 194 161 176 193 181 157
899 118 155 161 124 139 157 146 120
900 607 568 578 616 589 572 596 612
901 25 7 17 30 16 11 23 27
902 568 530 540 578 551 535 560 572
903 42 25 30 45 33 27 37 43
904 530 491 498 540 510 495 520 535
905 61 42 45 68 52 43 56 64
906 491 446 457 498 470 452 477 495
907 89 61 68 97 75 64 80 93
908 446 398 404 457 424 401 433 452
909 130 89 97 137 110 93 114 134
910 398 344 349 404 368 345 374 401
911 171 130 137 175 151 134 154 172
912 344 293 297 349 316 294 322 345
913 208 171 175 212 187 172 190 210
914 293 248 252 297 268 249 273 294
915 248 208 212 252 226 210 229 249
916 725 764 736 694 746 751 718 710
917 416 426 373 366 420 400 369 391
918 685 725 694 655 706 710 676 671
919 426 436 382 373 432 409 377 400
920 651 685 655 619 670 671 637 634
921 436 447 402 382 440 427 389 409
922 618 651 619 591 633 634 605 604
923 447 465 417 402 458 443 407 427
924 593 618 591 564 608 604 576 579
925 465 480 438 417 472 462 430 443
926 569 593 564 538 581 579 552 555
927 480 501 464 438 492 482 453 462
928 542 569 538 512 557 555 525 528
929 501 524 486 464 513 507 475 482
930 524 542 512 486 534 528 499 507
931 736 711 665 694 723 686 679 718
932 30 17 28 41 23 22 34 35
933 45 30 41 57 37 35 48 53
934 68 45 57 78 56 53 67 72
935 97 68 78 108 80 72 91 101
936 137 97 108 148 114 101 125 141
937 175 137 148 183 154 141 163 179
938 711 683 640 665 698 661 654 686
939 28 44 55 41 36 49 47 34
940 44 65 76 55 54 70 66 49
941 65 87 102 76 77 94 86 70
942 87 124 135 102 105 127 117 94
943 124 161 164 135 146 162 152 127
944 161 194 199 164 181 196 184 162
945 194 231 237 199 214 235 219 196
946 231 272 279 237 254 277 258 235
947 318 366 373 325 342 369 350 320
948 272 318 325 279 295 320 301 277
949 629 616 578 590 621 596 584 610
950 643 629 590 603 636 610 597 624
951 683 662 620 640 675 639 631 661
952 662 643 603 620 653 624 614 639
953 212 175 183 220 190 179 198 216
954 252 212 220 260 229 216 238 257
955 297 252 260 305 273 257 281 300
956 349 297 305 355 322 300 329 352
957 404 349 355 412 374 352 383 408
958 373 382 330 325 377 356 327 350
959 382 402 348 330 389 371 338 356
960 402 417 365 348 407 390 354 371
961 417 438 387 365 430 414 375 390
962 438 464 419 387 453 442 405 414
963 464 486 449 419 475 469 435 442
964 486 512 476 449 499 494 463 469
965 512 538 503 476 525 521 490 494
966 538 564 531 503 552 547 516 521
967 564 591 563 531 576 575 545 547
968 591 619 595 563 605 609 577 575
969 619 655 628 595 637 638 611 609
970 655 694 665 628 676 679 647 638
971 457 404 412 466 433 408 444 461
972 498 457 466 511 477 461 489 505
973 540 498 511 554 520 505 532 543
974 578 540 554 590 560 543 571 584
975 41 55 71 57 47 62 63 48
976 55 76 90 71 66 82 79 62
977 76 102 112 90 86 107 104 82
978 102 135 142 112 117 138 126 107
979 135 164 173 142 152 169 156 138
980 164 199 205 173 184 201 189 169
981 603 590 554 567 597 571 559 587
982 199 237 241 205 219 239 223 201
983 279 325 330 284 301 327 308 280
984 237 279 284 241 258 280 261 239
985 620 603 567 585 614 587 574 599
986 665 640 602 628 654 622 615 647
987 640 620 585 602 631 599 594 622
988 78 57 71 92 67 63 81 84
989 108 78 92 122 91 84 106 113
990 148 108 122 158 125 113 144 153
991 183 148 158 195 163 153 180 188
992 220 183 195 232 198 188 215 224
993 260 220 232 276 238 224 255 264
994 330 348 299 284 338 321 290 308
995 348 365 311 299 354 335 304 321
996 305 260 276 319 281 264 298 310
997 355 305 319 372 329 310 347 363
998 412 355 372 434 383 363 403 425
999 466 412 434 483 444 425 460 473
1000 554 511 527 567 532 519 546 559
1001 511 466 483 527 489 473 506 519
1002 595 628 602 570 611 615 588 582
1003 563 595 570 533 577 582 553 548
1004 365 387 333 311 375 359 326 335
1005 387 419 370 333 405 397 353 359
1006 419 449 406 370 435 429 384 397
1007 449 476 437 406 463 459 423 429
1008 476 503 467 437 490 484 455 459
1009 503 531 497 467 516 514 481 484
1010 531 563 533 497 545 548 515 514
1011 241 284 299 253 261 290 275 247
1012 205 241 253 213 223 247 230 209
1013 585 567 527 544 574 546 537 565
1014 602 585 544 570 594 565 558 588
1015 92 71 90 111 81 79 99 100
1016 122 92 111 140 106 100 123 132
1017 158 122 140 182 144 132 160 170
1018 195 158 182 217 180 170 197 206
1019 90 112 121 111 104 119 115 99
1020 112 142 147 121 126 145 136 119
1021 232 195 217 256 215 206 234 240
1022 276 232 256 296 255 240 274 283
1023 173 205 213 177 189 209 192 174
1024 142 173 177 147 156 174 159 145
1025 319 276 296 337 298 283 317 328
1026 372 319 337 385 347 328 361 380
1027 299 311 265 253 304 288 259 275
1028 311 333 291 265 326 312 278 288
1029 333 370 324 291 353 346 306 312
1030 370 406 357 324 384 381 341 346
1031 533 570 544 504 553 558 526 518
1032 544 527 483 504 537 506 493 526
1033 434 372 385 454 403 380 422 441
1034 483 434 454 504 460 441 479 493
1035 533 504 454 497 518 479 474 515
1036 467 497 454 431 481 474 439 450
1037 437 467 431 399 455 450 411 418
1038 406 437 399 357 423 418 378 381
1039 111 121 147 140 115 136 143 123
1040 140 147 177 182 143 159 178 160
1041 213 253 265 221 230 259 244 218
1042 177 213 221 182 192 218 200 178
1043 431 454 385 394 439 422 388 410
1044 385 337 358 394 361 351 376 388
1045 399 431 394 358 411 410 376 379
1046 357 399 358 323 378 379 343 340
1047 358 337 296 323 351 317 307 343
1048 324 357 323 282 341 340 302 303
1049 323 296 256 282 307 274 266 302
1050 324 282 251 291 303 263 270 306
1051 265 291 251 221 278 270 236 244
1052 282 256 217 251 266 234 233 263
1053 221 251 217 182 236 233 197 200
1054 3891 3810 3782 3815 3850 3793 3797 3853
1055 1 7 12 6 4 9 8 3
1056 3810 3725 3720 3782 3766 3723 3751 3793
1057 3720 3737 3815 3782 3731 3773 3797 3751
1058 24 6 12 18 15 8 14 19
1059 25 18 12 7 20 14 9 16
1060 3725 3637 3645 3720 3682 3642 3685 3723
1061 3737 3720 3645 3658 3731 3685 3656 3696
1062 3637 3553 3566 3645 3596 3561 3608 3642
1063 3658 3645 3566 3582 3656 3608 3574 3619
1064 3553 3479 3491 3566 3518 3488 3528 3561
1065 3582 3566 3491 3506 3574 3528 3501 3539
1066 3479 3410 3424 3491 3446 3418 3459 3488
1067 3506 3491 3424 3443 3501 3459 3433 3476
1068 3410 3342 3354 3424 3376 3345 3387 3418
1069 3443 3424 3354 3381 3433 3387 3368 3411
1070 3342 3268 3260 3354 3307 3265 3309 3345
1071 3381 3354 3260 3317 3368 3309 3289 3350
1072 3268 3193 3171 3260 3234 3180 3217 3265
1073 3193 3112 3090 3171 3156 3100 3132 3180
1074 3112 3022 3006 3090 3068 3014 3048 3100
1075 3022 2928 2909 3006 2972 2918 2958 3014
1076 2928 2831 2821 2909 2877 2827 2867 2918
1077 2831 2743 2736 2821 2783 2740 2776 2827
1078 2743 2668 2659 2736 2700 2662 2697 2740
1079 2668 2595 2591 2659 2630 2594 2627 2662
1080 2595 2530 2522 2591 2563 2525 2560 2594
1081 2530 2441 2435 2522 2487 2437 2481 2525
1082 2441 2347 2339 2435 2397 2343 2393 2437
1083 2347 2255 2247 2339 2297 2252 2295 2343
1084 2255 2174 2170 2247 2214 2171 2211 2252
1085 2174 2100 2094 2170 2139 2096 2137 2171
1086 2100 2024 2021 2094 2062 2022 2060 2096
1087 2024 1950 1946 2021 1985 1948 1984 2022
1088 1950 1883 1880 1946 1916 1881 1915 1948
1089 1883 1818 1816 1880 1852 1817 1851 1881
1090 1818 1758 1759 1816 1791 1757 1790 1817
1091 1758 1699 1702 1759 1728 1700 1729 1757
1092 1699 1639 1643 1702 1669 1641 1671 1700
1093 1639 1570 1576 1643 1607 1572 1609 1641
1094 1570 1499 1506 1576 1542 1503 1548 1572
1095 1499 1409 1416 1506 1457 1411 1463 1503
1096 1409 1316 1322 1416 1358 1318 1364 1411
1097 1316 1201 1209 1322 1266 1204 1277 1318
1098 1201 1069 1077 1209 1126 1074 1137 1204
1099 1069 999 1005 1077 1031 1002 1033 1074
1100 999 957 961 1005 978 959 983 1002
1101 957 914 917 961 935 916 941 959
1102 914 871 875 917 892 873 894 916
1103 871 832 836 875 852 833 855 873
1104 832 787 789 836 809 788 812 833
1105 787 740 744 789 763 741 766 788
1106 740 690 695 744 717 693 719 741
1107 690 641 648 695 664 646 672 693
1108 641 600 606 648 623 601 626 646
1109 600 566 556 606 586 561 580 601
1110 566 529 517 556 549 523 539 561
1111 529 488 485 517 509 487 502 523
1112 488 445 456 485 468 448 471 487
1113 445 396 395 456 421 392 428 448
1114 396 339 331 395 367 332 364 392
1115 339 289 285 331 314 286 309 332
1116 289 246 242 285 267 243 262 286
1117 246 207 202 242 225 203 222 243
1118 207 168 166 202 186 165 185 203
1119 168 128 133 166 149 129 150 165
1120 128 88 103 133 109 95 116 129
1121 103 89 130 133 96 110 131 116
1122 103 88 60 89 95 74 73 96
1123 89 60 39 61 73 51 50 75
1124 61 39 24 42 50 32 31 52
1125 24 18 25 42 19 20 33 31
1126 130 171 166 133 151 167 150 131
1127 166 171 208 202 167 187 204 185
1128 202 208 248 242 204 226 245 222
1129 242 248 293 285 245 268 287 262
1130 285 293 344 331 287 316 334 309
1131 331 344 398 395 334 368 393 364
1132 395 398 446 456 393 424 451 428
1133 446 491 500 456 470 496 478 451
1134 491 530 541 500 510 536 522 496
1135 530 568 583 541 551 573 562 536
1136 568 607 617 583 589 613 598 573
1137 456 500 517 485 478 508 502 471
1138 517 500 541 556 508 522 550 539
1139 556 541 583 606 550 562 592 580
1140 607 645 642 617 625 644 630 613
1141 645 691 677 642 669 681 659 644
1142 691 737 720 677 716 727 696 681
1143 737 783 767 720 760 774 745 727
1144 783 828 811 767 804 817 790 774
1145 828 869 854 811 846 857 835 817
1146 869 907 893 854 887 899 874 857
1147 907 948 936 893 927 944 915 899
1148 948 988 979 936 967 985 958 944
1149 988 1044 1030 979 1013 1035 1000 985
1150 1044 1149 1122 1030 1086 1133 1068 1035
1151 1149 1281 1261 1122 1219 1272 1196 1133
1152 1281 1367 1352 1261 1324 1359 1308 1272
1153 1367 1464 1450 1352 1418 1456 1399 1359
1154 1464 1546 1528 1450 1505 1538 1494 1456
1155 1546 1608 1600 1528 1573 1603 1566 1538
1156 1608 1668 1660 1600 1638 1665 1629 1603
1157 1668 1726 1718 1660 1696 1720 1687 1665
1158 1726 1785 1776 1718 1755 1783 1744 1720
1159 1785 1847 1838 1776 1814 1843 1806 1783
1160 1847 1909 1900 1838 1875 1903 1867 1843
1161 1909 1977 1965 1900 1939 1968 1934 1903
1162 1977 2052 2040 1965 2011 2046 2001 1968
1163 2052 2124 2116 2040 2088 2120 2077 2046
1164 2124 2198 2188 2116 2158 2192 2151 2120
1165 2198 2277 2267 2188 2234 2273 2224 2192
1166 2277 2370 2358 2267 2322 2364 2311 2273
1167 2370 2467 2453 2358 2417 2459 2405 2364
1168 2467 2541 2533 2453 2506 2537 2496 2459
1169 2541 2607 2601 2533 2573 2606 2567 2537
1170 2607 2682 2673 2601 2641 2675 2634 2606
1171 2682 2758 2745 2673 2713 2753 2704 2675
1172 2758 2845 2830 2745 2799 2837 2785 2753
1173 2845 2937 2921 2830 2886 2931 2874 2837
1174 2937 3028 3001 2921 2978 3016 2960 2931
1175 3252 3317 3260 3196 3285 3289 3229 3222
1176 3028 3108 3071 3001 3070 3091 3033 3016
1177 3183 3252 3196 3135 3219 3222 3165 3159
1178 3108 3183 3135 3071 3143 3159 3103 3091
1179 3196 3260 3171 3129 3229 3217 3148 3163
1180 3171 3090 3065 3129 3132 3075 3096 3148
1181 3090 3006 2994 3065 3048 2998 3029 3075
1182 3006 2909 2906 2994 2958 2907 2949 2998
1183 2909 2821 2819 2906 2867 2820 2865 2907
1184 2821 2736 2730 2819 2776 2732 2772 2820
1185 2736 2659 2654 2730 2697 2655 2694 2732
1186 2659 2591 2588 2654 2627 2589 2625 2655
1187 2591 2522 2520 2588 2560 2521 2558 2589
1188 2522 2435 2434 2520 2481 2433 2480 2521
1189 2435 2339 2340 2434 2393 2337 2394 2433
1190 2339 2247 2253 2340 2295 2248 2296 2337
1191 2247 2170 2175 2253 2211 2172 2213 2248
1192 2170 2094 2102 2175 2137 2099 2140 2172
1193 2094 2021 2026 2102 2060 2023 2065 2099
1194 2021 1946 1952 2026 1984 1949 1989 2023
1195 1946 1880 1885 1952 1915 1884 1918 1949
1196 1880 1816 1822 1885 1851 1819 1856 1884
1197 1816 1759 1761 1822 1790 1760 1794 1819
1198 1759 1702 1706 1761 1729 1703 1733 1760
1199 1702 1643 1647 1706 1671 1645 1675 1703
1200 1643 1576 1582 1647 1609 1579 1616 1645
1201 1576 1506 1511 1582 1548 1509 1552 1579
1202 1506 1416 1427 1511 1463 1422 1474 1509
1203 1416 1322 1330 1427 1364 1327 1376 1422
1204 583 617 650 606 598 632 627 592
1205 617 642 677 650 630 659 660 632
1206 677 720 707 650 696 713 678 660
1207 720 767 755 707 745 761 730 713
1208 767 811 799 755 790 806 777 761
1209 811 854 845 799 835 849 822 806
1210 854 893 888 845 874 889 868 849
1211 1322 1209 1227 1330 1277 1218 1285 1327
1212 1209 1077 1088 1227 1137 1084 1153 1218
1213 1077 1005 1011 1088 1033 1008 1042 1084
1214 1005 961 965 1011 983 962 987 1008
1215 961 917 923 965 941 920 945 962
1216 917 875 880 923 894 877 901 920
1217 875 836 839 880 855 838 856 877
1218 836 789 795 839 812 793 814 838
1219 789 744 750 795 766 747 769 793
1220 744 695 703 750 719 701 726 747
1221 695 648 666 703 672 656 682 701
1222 648 606 650 666 626 627 657 656
1223 3135 3196 3129 3087 3165 3163 3106 3109
1224 3071 3135 3087 3034 3103 3109 3060 3054
1225 3001 3071 3034 2980 3033 3054 3011 2993
1226 2921 3001 2980 2930 2960 2993 2953 2927
1227 2830 2921 2930 2826 2874 2927 2876 2828
1228 2745 2830 2826 2737 2785 2828 2779 2741
1229 2673 2745 2737 2660 2704 2741 2698 2666
1230 2601 2673 2660 2592 2634 2666 2629 2596
1231 2533 2601 2592 2529 2567 2596 2561 2532
1232 2453 2533 2529 2442 2496 2532 2485 2448
1233 2358 2453 2442 2350 2405 2448 2399 2353
1234 2267 2358 2350 2261 2311 2353 2303 2263
1235 2188 2267 2261 2180 2224 2263 2217 2185
1236 2116 2188 2180 2105 2151 2185 2144 2109
1237 2040 2116 2105 2033 2077 2109 2071 2036
1238 1965 2040 2033 1957 2001 2036 1994 1963
1239 1900 1965 1957 1891 1934 1963 1921 1895
1240 1838 1900 1891 1828 1867 1895 1859 1834
1241 1776 1838 1828 1768 1806 1834 1797 1772
1242 1718 1776 1768 1709 1744 1772 1738 1715
1243 1660 1718 1709 1655 1687 1715 1682 1657
1244 1600 1660 1655 1589 1629 1657 1621 1592
1245 1528 1600 1589 1522 1566 1592 1557 1525
1246 1450 1528 1522 1437 1494 1525 1481 1443
1247 1352 1450 1437 1341 1399 1443 1387 1346
1248 1261 1352 1341 1243 1308 1346 1299 1254
1249 1122 1261 1243 1106 1196 1254 1172 1113
1250 1030 1122 1106 1021 1068 1113 1056 1025
1251 979 1030 1021 971 1000 1025 993 974
1252 893 936 929 888 915 933 909 889
1253 936 979 971 929 958 974 951 933
1254 666 650 707 703 657 678 704 682
1255 3129 3065 3052 3087 3096 3057 3069 3106
1256 3034 3087 3052 2996 3060 3069 3024 3018
1257 2980 3034 2996 2930 3011 3018 2963 2953
1258 750 703 707 755 726 704 730 752
1259 750 755 799 795 752 777 798 769
1260 795 799 845 839 798 822 842 814
1261 839 845 888 880 842 868 883 856
1262 880 888 929 923 883 909 926 901
1263 923 929 971 965 926 951 968 945
1264 965 971 1021 1011 968 993 1016 987
1265 1011 1021 1106 1088 1016 1056 1097 1042
1266 1088 1106 1243 1227 1097 1172 1234 1153
1267 1227 1243 1341 1330 1234 1299 1335 1285
1268 1330 1341 1437 1427 1335 1387 1431 1376
1269 1427 1437 1522 1511 1431 1481 1516 1474
1270 1511 1522 1589 1582 1516 1557 1584 1552
1271 1582 1589 1655 1647 1584 1621 1650 1616
1272 1647 1655 1709 1706 1650 1682 1708 1675
1273 1706 1709 1768 1761 1708 1738 1763 1733
1274 1761 1768 1828 1822 1763 1797 1826 1794
1275 1822 1828 1891 1885 1826 1859 1888 1856
1276 1885 1891 1957 1952 1888 1921 1954 1918
1277 1952 1957 2033 2026 1954 1994 2030 1989
1278 2026 2033 2105 2102 2030 2071 2104 2065
1279 2102 2105 2180 2175 2104 2144 2178 2140
1280 2175 2180 2261 2253 2178 2217 2257 2213
1281 2253 2261 2350 2340 2257 2303 2346 2296
1282 2340 2350 2442 2434 2346 2399 2440 2394
1283 2434 2442 2529 2520 2440 2485 2524 2480
1284 2520 2529 2592 2588 2524 2561 2590 2558
1285 2588 2592 2660 2654 2590 2629 2657 2625
1286 2654 2660 2737 2730 2657 2698 2733 2694
1287 2730 2737 2826 2819 2733 2779 2823 2772
1288 2819 2826 2930 2906 2823 2876 2917 2865
1289 2906 2930 2996 2994 2917 2963 2995 2949
1290 2994 2996 3052 3065 2995 3024 3057 3029
