97 67 76 106 107 77 80 110 84 71 87 101 100 70 78 108 88 79 89 109 
127 97 106 136 137 107 110 140 114 101 117 131 130 100 108 138 118 109 119 139 
94 63 67 97 103 72 77 107 83 65 84 95 99 68 70 100 86 75 88 105 
124 94 97 127 132 103 107 137 112 95 114 125 129 99 100 130 116 105 118 135 
93 64 73 102 97 67 76 106 82 69 85 98 96 66 74 104 84 71 87 101 
123 93 102 133 127 97 106 136 113 98 115 128 126 96 104 134 114 101 117 131 
90 60 64 93 94 63 67 97 81 62 82 91 92 61 66 96 83 65 84 95 
120 90 93 123 124 94 97 127 111 91 113 121 122 92 96 126 112 95 114 125 
37 47 42 33 7 17 12 3 41 45 39 36 24 28 25 21 10 15 8 5 
34 37 33 30 4 7 3 0 35 36 31 32 22 24 21 18 6 5 1 2 
46 50 47 37 16 23 17 7 48 49 41 40 27 29 28 24 19 20 10 11 
43 46 37 34 13 16 7 4 44 40 35 38 26 27 24 22 14 11 6 9 
67 77 72 63 37 47 42 33 70 75 68 65 54 58 55 53 41 45 39 36 
64 67 63 60 34 37 33 30 66 65 61 62 52 54 53 51 35 36 31 32 
76 80 77 67 46 50 47 37 78 79 70 71 57 59 58 54 48 49 41 40 
73 76 67 64 43 46 37 34 74 71 66 69 56 57 54 52 44 40 35 38 
