845 847 897 895 846 880 896 878 
847 849 899 897 848 881 898 880 
849 853 901 899 851 883 900 881 
853 855 903 901 854 884 902 883 
855 858 905 903 857 885 904 884 
858 862 907 905 860 886 906 885 
862 864 909 907 863 887 908 886 
864 867 911 909 866 888 910 887 
867 869 913 911 868 889 912 888 
869 872 915 913 871 891 914 889 
872 874 917 915 873 892 916 891 
874 876 919 917 875 893 918 892 
876 879 921 919 877 894 920 893 
879 876 836 841 877 861 840 865 
876 874 831 836 875 856 834 861 
874 872 823 831 873 850 828 856 
872 869 816 823 871 844 818 850 
869 867 808 816 868 843 811 844 
867 864 802 808 866 842 803 843 
864 862 791 802 863 838 795 842 
862 858 778 791 860 835 784 838 
858 855 766 778 857 829 771 835 
855 853 749 766 854 825 758 829 
853 849 735 749 851 819 742 825 
849 847 721 735 848 817 728 819 
847 845 709 721 846 812 716 817 
836 820 832 841 830 827 837 840 
831 809 820 836 821 815 830 834 
823 801 809 831 813 805 821 828 
816 786 801 823 804 793 813 818 
808 768 786 816 796 777 804 811 
802 751 768 808 782 760 796 803 
791 733 751 802 769 741 782 795 
778 717 733 791 753 726 769 784 
766 703 717 778 737 708 753 771 
749 692 703 766 720 699 737 758 
735 680 692 749 706 688 720 742 
721 670 680 735 698 676 706 728 
709 659 670 721 687 664 698 716 
820 799 814 832 810 807 824 827 
809 774 799 820 798 788 810 815 
801 744 774 809 776 762 798 805 
786 715 744 801 754 729 776 793 
768 694 715 786 731 704 754 777 
751 674 694 768 711 684 731 760 
733 657 674 751 696 667 711 741 
717 649 657 733 682 655 696 726 
703 640 649 717 671 643 682 708 
692 631 640 703 660 636 671 699 
680 624 631 692 654 627 660 688 
670 617 624 680 645 621 654 676 
659 613 617 670 639 616 645 664 
799 765 797 814 783 780 806 807 
774 725 765 799 746 743 783 788 
744 690 725 774 714 705 746 762 
715 661 690 744 689 677 714 729 
694 641 661 715 662 650 689 704 
674 619 641 694 644 630 662 684 
657 606 619 674 632 612 644 667 
649 594 606 657 618 599 632 655 
640 589 594 649 610 591 618 643 
631 586 589 640 605 587 610 636 
624 582 586 631 598 584 605 627 
617 579 582 624 597 580 598 621 
613 576 579 617 593 577 597 616 
727 601 592 718 665 595 656 723 
734 611 601 727 673 607 665 730 
740 622 611 734 683 615 673 738 
747 634 622 740 691 628 683 745 
757 647 634 747 701 642 691 752 
764 658 647 757 710 653 701 761 
770 678 658 764 724 668 710 767 
775 693 678 770 736 685 724 772 
781 712 693 775 750 702 736 779 
787 732 712 781 763 719 750 785 
792 748 732 787 773 739 763 790 
797 765 748 792 780 759 773 794 
601 497 489 592 549 494 539 595 
611 509 497 601 556 502 549 607 
622 517 509 611 562 513 556 615 
634 529 517 622 571 527 562 628 
647 543 529 634 588 535 571 642 
658 560 543 647 608 552 588 653 
678 575 560 658 629 566 608 668 
693 604 575 678 651 590 629 685 
712 638 604 693 675 620 651 702 
732 666 638 712 700 652 675 719 
748 697 666 732 722 681 700 739 
765 725 697 748 743 707 722 759 
497 411 403 489 457 407 450 494 
509 422 411 497 465 418 457 502 
517 432 422 509 475 425 465 513 
529 448 432 517 482 441 475 527 
543 460 448 529 499 455 482 535 
560 481 460 543 524 473 499 552 
575 507 481 560 542 492 524 566 
604 532 507 575 564 521 542 590 
638 561 532 604 596 550 564 620 
666 603 561 638 637 581 596 652 
697 648 603 666 672 626 637 681 
725 690 648 697 705 669 672 707 
411 334 327 403 374 331 363 407 
422 349 334 411 385 342 374 418 
432 358 349 422 396 352 385 425 
448 377 358 432 409 365 396 441 
460 395 377 448 426 386 409 455 
481 419 395 460 451 404 426 473 
507 446 419 481 477 430 451 492 
532 478 446 507 505 459 477 521 
561 514 478 532 536 493 505 550 
603 555 514 561 573 531 536 581 
648 602 555 603 625 572 573 626 
690 661 602 648 677 633 625 669 
334 272 263 327 300 267 295 331 
349 284 272 334 315 277 300 342 
358 297 284 349 328 290 315 352 
377 316 297 358 347 306 328 365 
395 337 316 377 361 326 347 386 
419 359 337 395 390 351 361 404 
446 394 359 419 420 380 390 430 
478 428 394 446 454 413 420 459 
514 471 428 478 487 452 454 493 
555 516 471 514 534 491 487 531 
602 567 516 555 585 544 534 572 
661 641 567 602 650 600 585 633 
272 218 204 263 243 212 235 267 
284 230 218 272 255 224 243 277 
297 244 230 284 273 236 255 290 
316 266 244 297 293 253 273 306 
337 291 266 316 314 279 293 326 
359 320 291 337 344 302 314 351 
394 353 320 359 375 336 344 380 
428 393 353 394 410 373 375 413 
471 439 393 428 456 417 410 452 
516 485 439 471 501 464 456 491 
567 547 485 516 559 520 501 544 
641 619 547 567 630 578 559 600 
218 174 159 204 195 166 183 212 
230 185 174 218 206 179 195 224 
244 201 185 230 226 198 206 236 
266 228 201 244 245 216 226 253 
291 250 228 266 274 241 245 279 
320 287 250 291 299 269 274 302 
353 324 287 320 340 301 299 336 
393 360 324 353 381 346 340 373 
439 415 360 393 423 389 381 417 
485 470 415 439 479 443 423 464 
547 530 470 485 537 498 479 520 
619 606 530 547 612 563 537 578 
174 137 124 159 154 130 145 166 
185 151 137 174 168 146 154 179 
201 171 151 185 190 158 168 198 
228 197 171 201 209 181 190 216 
250 225 197 228 237 208 209 241 
287 258 225 250 275 242 237 269 
324 298 258 287 311 280 275 301 
360 348 298 324 354 323 311 346 
415 397 348 360 405 370 354 389 
470 458 397 415 462 424 405 443 
530 526 458 470 528 483 462 498 
606 594 526 530 599 557 528 563 
137 111 96 124 123 105 113 130 
151 125 111 137 140 120 123 146 
171 147 125 151 155 136 140 158 
197 173 147 171 182 156 155 181 
225 200 173 197 214 188 182 208 
258 239 200 225 247 221 214 242 
298 283 239 258 292 261 247 280 
348 329 283 298 338 307 292 323 
397 388 329 348 391 356 338 370 
458 449 388 397 453 416 391 424 
526 515 449 458 519 480 453 483 
594 589 515 526 591 551 519 557 
111 91 78 96 101 84 87 105 
125 109 91 111 118 97 101 120 
147 126 109 125 138 119 118 136 
173 153 126 147 160 143 138 156 
200 187 153 173 196 172 160 188 
239 227 187 200 231 203 196 221 
283 270 227 239 276 246 231 261 
329 321 270 283 325 296 276 307 
388 378 321 329 382 350 325 356 
449 442 378 388 444 408 382 416 
515 511 442 449 512 474 444 480 
589 586 511 515 587 546 512 551 
91 76 64 78 82 70 72 84 
109 94 76 91 100 86 82 97 
126 115 94 109 122 107 100 119 
153 144 115 126 149 127 122 143 
187 176 144 153 180 157 149 172 
227 217 176 187 220 199 180 203 
270 262 217 227 265 238 220 246 
321 313 262 270 317 288 265 296 
378 372 313 321 376 345 317 350 
442 437 372 378 438 402 376 408 
511 508 437 442 510 472 438 474 
586 582 508 511 584 545 510 546 
76 67 56 64 74 61 60 70 
94 85 67 76 89 75 74 86 
115 110 85 94 112 95 89 107 
144 135 110 115 141 121 112 127 
176 167 135 144 175 152 141 157 
217 207 167 176 213 192 175 199 
262 254 207 217 259 232 213 238 
313 309 254 262 312 285 259 288 
372 367 309 313 368 341 312 345 
437 434 367 372 435 401 368 402 
508 504 434 437 506 468 435 472 
582 579 504 508 580 540 506 545 
67 62 54 56 65 57 55 61 
85 79 62 67 81 69 65 75 
110 102 79 85 106 90 81 95 
135 128 102 110 132 116 106 121 
167 163 128 135 165 148 132 152 
207 202 163 167 205 184 165 192 
254 249 202 207 252 229 205 232 
309 305 249 254 308 281 252 285 
367 362 305 309 364 333 308 341 
434 431 362 367 433 400 364 401 
504 500 431 434 503 467 433 468 
579 576 500 504 577 538 503 540 
46 66 68 44 52 73 48 45 
49 59 66 46 53 63 52 47 
54 62 59 49 57 58 53 51 
66 117 134 68 92 129 103 73 
59 83 117 66 71 98 92 63 
62 79 83 59 69 77 71 58 
117 161 194 134 142 186 164 129 
83 114 161 117 99 139 142 98 
79 102 114 83 90 104 99 77 
161 210 248 194 189 240 223 186 
114 150 210 161 131 178 189 139 
102 128 150 114 116 133 131 104 
210 256 303 248 234 294 278 240 
150 191 256 210 169 222 234 178 
128 163 191 150 148 170 169 133 
256 304 357 303 282 343 332 294 
191 233 304 256 211 268 282 222 
163 202 233 191 184 215 211 170 
304 355 412 357 330 392 387 343 
233 286 355 304 257 319 330 268 
202 249 286 233 229 264 257 215 
355 406 466 412 383 445 440 392 
286 339 406 355 310 371 383 319 
249 305 339 286 281 318 310 264 
406 461 523 466 436 495 490 445 
339 399 461 406 366 427 436 371 
305 362 399 339 333 379 366 318 
461 525 574 523 488 554 548 495 
399 463 525 461 429 486 488 427 
362 431 463 399 400 447 429 379 
525 583 646 574 553 614 609 554 
463 533 583 525 496 558 553 486 
431 500 533 463 467 518 496 447 
583 659 709 646 623 687 679 614 
533 613 659 583 569 639 623 558 
500 576 613 533 538 593 569 518 
845 822 646 709 839 756 679 812 
822 755 574 646 800 663 609 756 
755 635 523 574 695 565 548 663 
635 522 466 523 570 484 490 565 
522 421 412 466 469 414 440 484 
421 322 357 412 369 335 387 414 
322 219 303 357 271 260 332 335 
219 108 248 303 162 177 278 260 
108 42 194 248 50 88 223 177 
42 35 134 194 40 43 164 88 
35 28 68 134 31 37 103 43 
28 19 44 68 23 32 48 37 
19 22 46 44 21 33 45 32 
22 25 49 46 24 36 47 33 
25 30 54 49 26 38 51 36 
30 25 7 12 26 13 10 16 
25 22 3 7 24 11 5 13 
22 19 0 3 21 8 1 11 
882 822 845 895 859 839 878 890 
852 755 822 882 826 800 859 870 
789 635 755 852 713 695 826 833 
568 522 635 789 541 570 713 686 
384 421 522 568 398 469 541 476 
193 322 421 384 251 369 398 289 
41 219 322 193 93 271 251 80 
27 108 219 41 39 162 93 34 
17 42 108 27 29 50 39 20 
9 35 42 17 18 40 29 15 
4 28 35 9 14 31 18 6 
0 19 28 4 8 23 14 2 
