50 0 0 
50 1.66667 0 
47.9167 0 0 
50 3.33333 0 
45.8333 0 0 
50 5 0 
43.75 0 0 
50 6.66667 0 
43 2 0 
41.6667 0 0 
50 8.33333 0 
43 4.66667 0 
50 10 0 
43 7.33333 0 
39.7917 2 0 
39.5833 0 0 
43 10 0 
37.5 0 0 
36.5833 2 0 
36 4 0 
35.4167 0 0 
36 5 0 
36 6 0 
34.875 4 0 
36 7 0 
36 8 0 
36 9 0 
33.3333 0 0 
33.75 4 0 
33.375 2 0 
36 10 0 
32.625 4 0 
33 6 0 
33 7.38776 0 
31.25 0 0 
31.5 4 0 
33 8.72989 0 
31.25 6 0 
33 10 0 
30.1667 2 0 
30.375 4 0 
29.1667 0 0 
29.25 4 0 
29.5 6 0 
30 8 0 
30 8.38776 0 
30 8.77551 0 
30 9.11765 0 
29.375 8 0 
30 9.45978 0 
28.125 4 0 
30 9.72989 0 
29.5436 8.77551 0 
29.7872 9.45978 0 
30 10 0 
29.9616 10.0384 0 
29.9232 10.0768 0 
29.8781 10 0 
29.7038 9.72989 0 
29.5732 9.45978 0 
29.8635 10.1365 0 
29.8013 10.0768 0 
29.7562 10 0 
29.3407 9.11765 0 
29.8038 10.1962 0 
29.7179 10.0384 0 
29.0879 8.77551 0 
29.6796 10.0768 0 
28.75 8 0 
29.5896 10 0 
29.682 10.1962 0 
29.3212 9.45978 0 
29.7137 10.2863 0 
28.8513 8.38776 0 
29.62 10.1365 0 
29.5133 10.0768 0 
29.5605 10.1962 0 
29.318 9.72989 0 
29.6237 10.3763 0 
29.423 10 0 
27.0833 0 0 
29.3851 10.0384 0 
29.4708 10.2863 0 
29.0681 9.45978 0 
29.5022 10.3763 0 
29.3471 10.0768 0 
29.3947 10.1962 0 
29.4922 10.5078 0 
27.75 6 0 
29.2882 10.1365 0 
29.2009 10 0 
29.3811 10.3763 0 
28.6181 8.77551 0 
26.9583 2 0 
29.2293 10.1962 0 
29.1257 10.0768 0 
29.3606 10.6394 0 
29.2162 10.3763 0 
28.6273 9.11765 0 
28.7679 9.45978 0 
29.1405 10.2863 0 
29.25 10.5078 0 
28.9787 10 0 
28.125 8 0 
28.8217 9.72989 0 
29.2395 10.6394 0 
28.9416 10.0384 0 
29.009 10.1962 0 
27 4 0 
29.0518 10.3763 0 
28.9045 10.0768 0 
29.119 10.6394 0 
28.8468 10.1365 0 
29.1744 10.8256 0 
28.4666 9.45978 0 
28.7892 10.1962 0 
28.69 10 0 
28.1489 8.77551 0 
28.9223 10.5078 0 
28.8333 10.3763 0 
28.9555 10.6394 0 
28.617 10.0768 0 
28.7024 10.2863 0 
28.9337 10.8256 0 
28.9882 11.0118 0 
28.7928 10.6394 0 
28.6156 10.3763 0 
28.5038 10.1962 0 
28.4012 10 0 
27.6992 8.38776 0 
28.8679 11.0118 0 
28.1088 9.45978 0 
28.3655 10.0384 0 
28.1935 9.72989 0 
27.5 8 0 
28.3298 10.0768 0 
28.5771 10.6394 0 
28.7485 11.0118 0 
28.489 10.5078 0 
27.8468 9.11765 0 
28.6098 10.8256 0 
28.2744 10.1365 0 
27.6621 8.77551 0 
28.3334 10.3763 0 
28.219 10.1962 0 
28.7333 11.2667 0 
28.5871 11.0118 0 
28.3626 10.6394 0 
28.0354 10 0 
28.1356 10.2863 0 
27.75 9.45978 0 
28.427 11.0118 0 
27.9662 10.0768 0 
28.0523 10.3763 0 
28.4949 11.2667 0 
28.184 10.8256 0 
28.0852 10.6394 0 
27.8587 10.1962 0 
28.2155 11.0118 0 
28.4783 11.5217 0 
27.9307 10.5078 0 
27.1759 8.77551 0 
25.875 4 0 
27.6697 10 0 
26.875 8 0 
27.6363 10.0384 0 
28.3594 11.5217 0 
27.6029 10.0768 0 
28.177 11.2667 0 
27.3262 9.45978 0 
27.4134 9.72989 0 
28.0057 11.0118 0 
27.6971 10.3763 0 
27.8094 10.6394 0 
28.2416 11.5217 0 
27.551 10.1365 0 
27.4992 10.1962 0 
26 6 0 
26.9863 9.11765 0 
28.0837 11.5217 0 
27.4211 10.2863 0 
27.7352 11.0118 0 
27.638 10.8256 0 
28.141 11.859 0 
27.2186 10 0 
27.9274 11.5217 0 
26.5417 8.38776 0 
27.3432 10.3763 0 
27.4616 10.6394 0 
26.6684 8.77551 0 
27.7621 11.2667 0 
26.9013 9.45978 0 
27.155 10.0768 0 
25 0 0 
26.25 8 0 
27.9066 11.859 0 
27.2294 10.5078 0 
27.467 11.0118 0 
27.7222 11.5217 0 
27.0563 10.1962 0 
27.1158 10.6394 0 
27.5191 11.5217 0 
26.7674 10 0 
26.9078 10.3763 0 
27.8036 12.1964 0 
26.7374 10.0384 0 
27.5976 11.859 0 
26.7074 10.0768 0 
27.1297 11.0118 0 
27.2334 11.2667 0 
26.1616 8.77551 0 
26.4044 9.45978 0 
27.6871 12.1964 0 
26.6608 10.1365 0 
26.9553 10.8256 0 
26.4658 9.72989 0 
27.2584 11.5217 0 
26.6142 10.1962 0 
27.5718 12.1964 0 
24.75 4 0 
26.544 10.2863 0 
26.6911 10.6394 0 
26.0333 9.11765 0 
25.625 8 0 
27.4193 12.1964 0 
26.7951 11.0118 0 
27.1983 11.859 0 
26.4737 10.3763 0 
27.0006 11.5217 0 
26.2261 10 0 
27.2684 12.1964 0 
26.3711 10.5078 0 
26.1706 10.0768 0 
25.9068 9.45978 0 
25.6301 8.77551 0 
27.3729 12.6271 0 
27.0723 12.1964 0 
26.5764 11.2667 0 
26.0842 10.1962 0 
26.2685 10.6394 0 
25.377 8.38776 0 
26.6777 11.5217 0 
26.3853 11.0118 0 
27.1446 12.6271 0 
26.8784 12.1964 0 
26.6935 11.859 0 
25.9539 10.3763 0 
26.1234 10.8256 0 
25 8 0 
25.6847 10 0 
26.3582 11.5217 0 
23.75 2 0 
25.6594 10.0384 0 
26.6314 12.1964 0 
25.634 10.0768 0 
26.8487 12.6271 0 
25.0992 8.77551 0 
25.3333 9.45978 0 
25.9784 11.0118 0 
25.5945 10.1365 0 
24.25 6 0 
25.7632 10.6394 0 
25.5549 10.1962 0 
26.9422 13.0578 0 
25.3422 9.72989 0 
25.4952 10.2863 0 
26.3874 12.1964 0 
26.8294 13.0578 0 
24.9782 9.11765 0 
25.968 11.5217 0 
25.4353 10.3763 0 
23.625 4 0 
26.7177 13.0578 0 
26.4709 12.6271 0 
26.0703 11.859 0 
25.7799 11.2667 0 
25.3477 10.5078 0 
26.5729 13.0578 0 
24.375 8 0 
26.0835 12.1964 0 
25.4927 11.0118 0 
25.0532 10 0 
24.5409 8.77551 0 
25.2597 10.6394 0 
26.4296 13.0578 0 
25.0081 10.0768 0 
24.7595 9.45978 0 
25.5816 11.5217 0 
24.9377 10.1962 0 
22.9167 0 0 
26.246 13.0578 0 
25.7833 12.1964 0 
25.1349 10.8256 0 
25.9977 12.6271 0 
24.2034 8.38776 0 
26.412 13.588 0 
24.831 10.3763 0 
26.0644 13.0578 0 
25.0097 11.0118 0 
25.3193 11.859 0 
26.1925 13.588 0 
25.1215 11.5217 0 
25.4183 12.1964 0 
23.75 8 0 
23.983 8.77551 0 
24.4216 10 0 
25.8356 13.0578 0 
24.6735 10.6394 0 
24.402 10.0384 0 
24.3824 10.0768 0 
24.1101 9.45978 0 
24.8375 11.2667 0 
24.3517 10.1365 0 
24.3209 10.1962 0 
25.4179 12.6271 0 
25.9145 13.588 0 
25.6093 13.0578 0 
24.2742 10.2863 0 
24.0443 9.72989 0 
23.8155 9.11765 0 
25.0573 12.1964 0 
24.2272 10.3763 0 
22.5 4 0 
24.4478 11.0118 0 
24.6646 11.5217 0 
24.158 10.5078 0 
25.3298 13.0578 0 
25.8819 14.1181 0 
25.5653 13.588 0 
24.0881 10.6394 0 
23.3961 8.77551 0 
25.7745 14.1181 0 
23.125 8 0 
23.7058 10 0 
25.6676 14.1181 0 
22.5 6 0 
24.6289 12.1964 0 
25.0535 13.0578 0 
23.9883 10.8256 0 
23.461 9.45978 0 
24.4349 11.859 0 
23.6731 10.0768 0 
25.5335 14.1181 0 
23.019 8.38776 0 
24.7229 12.6271 0 
23.6216 10.1962 0 
24.1341 11.5217 0 
25.1327 13.588 0 
23.8872 11.0118 0 
25.4 14.1181 0 
23.5426 10.3763 0 
24.7194 13.0578 0 
25.233 14.1181 0 
24.204 12.1964 0 
23.7472 11.2667 0 
22.8093 8.77551 0 
23.4243 10.6394 0 
22.5 8 0 
25.0671 14.1181 0 
24.3887 13.0578 0 
23.6052 11.5217 0 
24.6061 13.588 0 
22.9901 10 0 
25.2539 14.7461 0 
22.9769 10.0384 0 
24.8614 14.1181 0 
22.7421 9.45978 0 
22.9637 10.0768 0 
22.9429 10.1365 0 
21.375 4 0 
23.2515 11.0118 0 
22.5457 9.11765 0 
22.922 10.1962 0 
23.7117 12.1964 0 
25.046 14.7461 0 
23.9078 12.6271 0 
22.8899 10.2863 0 
24.6571 14.1181 0 
22.8574 10.3763 0 
22.5862 9.72989 0 
23.998 13.0578 0 
23.4145 11.859 0 
22.8089 10.5078 0 
22.1933 8.77551 0 
20.8333 0 0 
24.791 14.7461 0 
24.4076 14.1181 0 
21.875 8 0 
22.7595 10.6394 0 
23.0055 11.5217 0 
23.9777 13.588 0 
22.6878 10.8256 0 
21.822 8.38776 0 
23.2211 12.1964 0 
23.6104 13.0578 0 
24.1597 14.1181 0 
24.4776 14.7461 0 
22.6143 11.0118 0 
20.5417 2 0 
22.0242 9.45978 0 
22.2027 10 0 
22.1829 10.0768 0 
22.1513 10.1962 0 
24.6259 15.3741 0 
23.8624 14.1181 0 
22.5107 11.2667 0 
21.5771 8.77551 0 
24.5253 15.3741 0 
22.1017 10.3763 0 
24.0946 14.7461 0 
22.9704 12.6271 0 
24.4245 15.3741 0 
21.25 8 0 
23.1626 13.0578 0 
20.75 6 0 
22.404 11.5217 0 
22.0253 10.6394 0 
22.6655 12.1964 0 
24.3035 15.3741 0 
23.5669 14.1181 0 
23.2428 13.588 0 
20.25 4 0 
24.1821 15.3741 0 
22.2583 11.859 0 
21.9095 11.0118 0 
24.0354 15.3741 0 
23.6316 14.7461 0 
21.1769 9.11765 0 
22.7163 13.0578 0 
21.2482 9.45978 0 
23.2196 14.1181 0 
21.4154 10 0 
23.8883 15.3741 0 
21.4085 10.0384 0 
21.4016 10.0768 0 
21.3905 10.1365 0 
20.9332 8.77551 0 
21.3792 10.1962 0 
21.3616 10.2863 0 
22.108 12.1964 0 
20.625 8 0 
23.7106 15.3741 0 
21.3434 10.3763 0 
21.7377 11.5217 0 
21.3158 10.5078 0 
20.6106 8.38776 0 
22.874 14.1181 0 
20.9961 9.72989 0 
23.5323 15.3741 0 
21.2869 10.6394 0 
23.9109 16.0891 0 
23.0804 14.7461 0 
22.2122 13.0578 0 
21.2441 10.8256 0 
22.3997 13.588 0 
23.3184 15.3741 0 
21.91 12.6271 0 
23.7168 16.0891 0 
21.1989 11.0118 0 
22.4765 14.1181 0 
23.1037 15.3741 0 
20.2886 8.77551 0 
21.1336 11.2667 0 
20.4742 9.45978 0 
21.4902 12.1964 0 
23.4886 16.0891 0 
20 8 0 
20.5755 10 0 
20.5672 10.0768 0 
19.125 4 0 
21.0644 11.5217 0 
21.7064 13.0578 0 
20.5533 10.1962 0 
22.8492 15.3741 0 
20.5305 10.3763 0 
23.217 16.0891 0 
18.75 0 0 
22.4362 14.7461 0 
22.0799 14.1181 0 
20.9674 11.859 0 
20.493 10.6394 0 
22.5939 15.3741 0 
22.8917 16.0891 0 
20.4322 11.0118 0 
19 6 0 
20.8648 12.1964 0 
19.7252 9.11765 0 
21.4494 13.588 0 
19.6198 8.77551 0 
23.1959 16.8041 0 
19.375 8 0 
21.1471 13.0578 0 
22.2963 15.3741 0 
21.634 14.1181 0 
23.1028 16.8041 0 
19.3826 8.38776 0 
19.6592 9.45978 0 
23.0087 16.8041 0 
20.3354 11.5217 0 
22.5023 16.0891 0 
19.7357 10 0 
20.7266 12.6271 0 
22.9022 16.8041 0 
19.7337 10.0384 0 
19.7316 10.0768 0 
21.6986 14.7461 0 
19.7282 10.1365 0 
21.9981 15.3741 0 
19.7246 10.1962 0 
22.7943 16.8041 0 
19.7187 10.2863 0 
19.7123 10.3763 0 
19.7021 10.5078 0 
22.6703 16.8041 0 
21.1873 14.1181 0 
19.691 10.6394 0 
20.5814 13.0578 0 
22.5445 16.8041 0 
19.315 9.72989 0 
19.6735 10.8256 0 
20.1866 12.1964 0 
21.6575 15.3741 0 
18 4 0 
18.75 8 0 
22.04 16.0891 0 
18.9498 8.77551 0 
19.6542 11.0118 0 
22.3982 16.8041 0 
19.6249 11.2667 0 
22.2495 16.8041 0 
19.5925 11.5217 0 
20.6965 14.1181 0 
21.3165 15.3741 0 
18.8474 9.45978 0 
20.395 13.588 0 
22.076 16.8041 0 
20.8727 14.7461 0 
19.5453 11.859 0 
18.8678 10 0 
22.415 17.585 0 
18.8667 10.0768 0 
17.3333 2 0 
21.4999 16.0891 0 
21.8995 16.8041 0 
19.969 13.0578 0 
18.8645 10.1962 0 
18.8602 10.3763 0 
19.4934 12.1964 0 
18.125 8 0 
22.2346 17.585 0 
20.9365 15.3741 0 
18.8517 10.6394 0 
21.6943 16.8041 0 
18.261 8.77551 0 
18.1362 8.38776 0 
20.2023 14.1181 0 
22.0344 17.585 0 
18.8358 11.0118 0 
18.2149 9.11765 0 
19.4214 12.6271 0 
21.4858 16.8041 0 
20.5569 15.3741 0 
21.8073 17.585 0 
18.807 11.5217 0 
20.8831 16.0891 0 
17.25 6 0 
21.246 16.8041 0 
19.3437 13.0578 0 
16.6667 0 0 
18.0163 9.45978 0 
16.875 4 0 
21.5451 17.585 0 
19.672 14.1181 0 
19.9692 14.7461 0 
17.5 8 0 
21.0034 16.8041 0 
18 10 0 
18 10.0384 0 
18.7582 12.1964 0 
18 10.0768 0 
18 10.1365 0 
20.145 15.3741 0 
18 10.1962 0 
17.5703 8.77551 0 
18 10.2863 0 
19.2419 13.588 0 
18 10.3763 0 
18 10.5078 0 
21.2387 17.585 0 
18 10.6394 0 
20.7294 16.8041 0 
18 10.8256 0 
21.634 18.366 0 
17.5948 9.72989 0 
18 11.0118 0 
21.5473 18.366 0 
20.1999 16.0891 0 
17.5943 9.85953 0 
17.5925 10.0309 0 
18 11.2667 0 
18.6817 13.0578 0 
21.4595 18.366 0 
19.1351 14.1181 0 
19.7346 15.3741 0 
20.4541 16.8041 0 
17.5896 10.2611 0 
18 11.5217 0 
21.3666 18.366 0 
20.8799 17.585 0 
16.875 8 0 
17.5853 10.5714 0 
21.2721 18.366 0 
18 11.859 0 
17.1897 9.45978 0 
16.8696 8.38776 0 
21.1704 18.366 0 
17.1894 9.59058 0 
17.1885 9.72168 0 
17.5794 10.9867 0 
18 12.1964 0 
20.1513 16.8041 0 
17.1871 9.86975 0 
21.0666 18.366 0 
16.8681 8.77551 0 
17.1851 10.0181 0 
19.0045 14.7461 0 
19.3022 15.3741 0 
17.1824 10.1906 0 
20.9529 18.366 0 
20.4642 17.585 0 
18 12.6271 0 
17.1792 10.3633 0 
17.5718 11.5338 0 
18.5726 14.1181 0 
20.8363 18.366 0 
15.75 4 0 
17.1751 10.569 0 
19.4705 16.0891 0 
19.85 16.8041 0 
16.6765 9.11765 0 
17.1705 10.775 0 
18 13.0578 0 
20.7069 18.366 0 
17.1649 11.0243 0 
17.5623 12.2384 0 
16.6754 9.57992 0 
16.25 8 0 
20.5741 18.366 0 
18.8727 15.3741 0 
17.1588 11.2739 0 
18 13.588 0 
19.9939 17.585 0 
19.5295 16.8041 0 
20.4255 18.366 0 
16.6722 10.065 0 
17.1515 11.5779 0 
20.817 19.183 0 
17.1436 11.8822 0 
20.2732 18.366 0 
16.1633 8.77551 0 
16.6667 10.5827 0 
18 14.1181 0 
17.551 13.1212 0 
15.5 6 0 
16.163 9.11133 0 
20.6473 19.183 0 
19.2152 16.8041 0 
17.1344 12.2517 0 
20.1032 18.366 0 
18.4341 15.3741 0 
16.1623 9.44661 0 
16.6586 11.1452 0 
18.725 16.0891 0 
20.4714 19.183 0 
17.1247 12.6214 0 
19.4818 17.585 0 
16.161 9.78762 0 
18 14.7461 0 
19.9298 18.366 0 
15.625 8 0 
16.1593 10.1281 0 
18.8937 16.8041 0 
16.6477 11.7668 0 
20.2865 19.183 0 
17.1135 13.065 0 
19.7389 18.366 0 
14.5833 0 0 
15.5816 8.38776 0 
16.157 10.4769 0 
17.5383 14.1929 0 
18 15.3741 0 
20.0887 19.183 0 
16.1542 10.8252 0 
19.5463 18.366 0 
17.102 13.5088 0 
14.625 4 0 
16.6336 12.4626 0 
18.5845 16.8041 0 
15.5811 9.23689 0 
16.1507 11.185 0 
18.9531 17.585 0 
19.8737 19.183 0 
19.3392 18.366 0 
16.1468 11.5443 0 
17.0892 14.031 0 
18 16.0891 0 
15.5797 10.087 0 
18.2829 16.8041 0 
16.142 11.9188 0 
15 8 0 
19.6373 19.183 0 
16.616 13.2476 0 
19.134 18.366 0 
14.125 2 0 
17.5249 15.4492 0 
17.0765 14.5532 0 
15 8.46154 0 
16.1367 12.2928 0 
20 20 0 
18.9213 18.366 0 
15.5771 10.9396 0 
15 8.92308 0 
18.4447 17.585 0 
19.9167 20 0 
19.3774 19.183 0 
18 16.8041 0 
16.1304 12.6861 0 
19.8333 20 0 
15 9.38462 0 
17.0629 15.1524 0 
19.75 20 0 
16.5949 14.1337 0 
18.7159 18.366 0 
16.1236 13.0788 0 
19.6667 20 0 
15 9.84615 0 
19.0954 19.183 0 
15.5734 11.7961 0 
19.5833 20 0 
18.5133 18.366 0 
19.5 20 0 
16.1156 13.4946 0 
15 10.3077 0 
18 17.585 0 
17.0499 15.7513 0 
19.4167 20 0 
17.5127 16.8672 0 
19.3333 20 0 
18.325 18.366 0 
15 10.7692 0 
18.7989 19.183 0 
16.1073 13.91 0 
19.25 20 0 
15.5683 12.6586 0 
16.5712 15.1275 0 
13.5 4 0 
13.75 6 0 
19.1667 20 0 
15 11.2308 0 
18.1515 18.366 0 
16.0977 14.3516 0 
19.0833 20 0 
17.0369 16.4182 0 
18.5026 19.183 0 
19 20 0 
18 18.366 0 
15 11.6923 0 
18.9167 20 0 
16.0878 14.793 0 
15.5618 13.5289 0 
18.8333 20 0 
15 12.1538 0 
18.75 20 0 
18.228 19.183 0 
17.0253 17.0843 0 
18.6667 20 0 
16.5464 16.2278 0 
16.0768 15.2626 0 
15 12.6154 0 
18.5833 20 0 
18 19.183 0 
18.5 20 0 
15.5537 14.4091 0 
17.5035 18.4041 0 
15 13.0769 0 
18.4167 20 0 
16.0659 15.7322 0 
18.3333 20 0 
17.015 17.8013 0 
12.5 0 0 
18.25 20 0 
15 13.5385 0 
18.1667 20 0 
16.0541 16.23 0 
18.0833 20 0 
15 14 0 
15.5439 15.3011 0 
18 20 0 
16.5236 17.423 0 
17.0071 18.517 0 
12.375 4 0 
16.0429 16.7284 0 
15 14.4615 0 
15 14.9231 0 
15.5329 16.2069 0 
16.0318 17.2525 0 
17.5 20 0 
17.0018 19.2594 0 
15 15.3846 0 
16.0218 17.7781 0 
16.5066 18.691 0 
15 15.8462 0 
12 6 0 
15.5215 17.1282 0 
17 20 0 
16.0129 18.3244 0 
15 16.3077 0 
12 7.07692 0 
15 16.7692 0 
12 8.15385 0 
16.0061 18.873 0 
15.5109 18.0668 0 
11.25 4 0 
15 17.2308 0 
16.5 20 0 
12 9.23077 0 
10.9167 2 0 
16.0016 19.4349 0 
15 17.6923 0 
12 10.3077 0 
15.5031 19.024 0 
15 18.1538 0 
16 20 0 
10.4167 0 0 
15 18.6154 0 
12 11.3846 0 
15 19.0769 0 
15.5 20 0 
12 12.4615 0 
10.125 4 0 
15 19.5385 0 
15 20 0 
12 13.5385 0 
12 14.6154 0 
12 15.6923 0 
9 4 0 
9 4.61538 0 
9 5.23077 0 
9 5.84615 0 
9 6.46154 0 
12 16.7692 0 
9 7.07692 0 
8.33333 0 0 
9 7.69231 0 
9 8.30769 0 
9 8.92308 0 
12 17.8462 0 
9 9.53846 0 
9 10.1538 0 
7.70833 2 0 
9 10.7692 0 
12 18.9231 0 
9 11.3846 0 
9 12 0 
9 12.6154 0 
12 20 0 
9 13.2308 0 
9 13.8462 0 
9 14.4615 0 
9 15.0769 0 
6.25 0 0 
9 15.6923 0 
9 16.3077 0 
9 16.9231 0 
9 17.5385 0 
9 18.1538 0 
9 18.7692 0 
9 19.3846 0 
4.5 2 0 
9 20 0 
4.5 3.38462 0 
4.5 4.76923 0 
4.16667 0 0 
4.5 6.15385 0 
4.5 7.53846 0 
4.5 8.92308 0 
4.5 10.3077 0 
4.5 11.6923 0 
4.5 13.0769 0 
4.5 14.4615 0 
2.08333 0 0 
4.5 15.8462 0 
4.5 17.2308 0 
4.5 18.6154 0 
4.5 20 0 
0 0 0 
0 0.769231 0 
0 1.53846 0 
0 2.30769 0 
0 3.07692 0 
0 3.84615 0 
0 4.61538 0 
0 5.38462 0 
0 6.15385 0 
0 6.92308 0 
0 7.69231 0 
0 8.46154 0 
0 9.23077 0 
0 10 0 
0 10.7692 0 
0 11.5385 0 
0 12.3077 0 
0 13.0769 0 
0 13.8462 0 
0 14.6154 0 
0 15.3846 0 
0 16.1538 0 
0 16.9231 0 
0 17.6923 0 
0 18.4615 0 
0 19.2308 0 
0 20 0 
