   1              50               0               0
    2              50               1               0
    3      48.3333333               0               0
    4              50               2               0
    5              50               3               0
    6      46.6666667               0               0
    7              50               4               0
    8              50               5               0
    9              45               0               0
   10              50               6               0
   11      43.3333333               0               0
   12              50               7               0
   13              43               2               0
   14              43             3.6               0
   15              50               8               0
   16      41.6666667               0               0
   17              43             5.2               0
   18              50               9               0
   19              43             6.8               0
   20      40.4333333               2               0
   21              50              10               0
   22              40               0               0
   23              43             8.4               0
   24      38.3333333               0               0
   25              43              10               0
   26      37.8666667               2               0
   27      36.6666667               0               0
   28              36               4               0
   29              36             4.6               0
   30            35.3               2               0
   31              36             5.2               0
   32              35               0               0
   33              36             5.8               0
   34              36             6.4               0
   35            35.1               4               0
   36              36               7               0
   37              36             7.6               0
   38              36             8.2               0
   39            34.2               4               0
   40              36             8.8               0
   41      33.3333333               0               0
   42              36             9.4               0
   43            33.3               4               0
   44              36              10               0
   45      32.7333333               2               0
   46              33               6               0
   47            32.4               4               0
   48      31.6666667               0               0
   49              33      6.93252694               0
   50              33      7.80963272               0
   51            31.5               4               0
   52              33      8.60756543               0
   53            31.6               6               0
   54              33      9.33127337               0
   55              33              10               0
   56            30.6               4               0
   57      30.1666667               2               0
   58              30               0               0
   59            30.2               6               0
   60            29.7               4               0
   61              30               8               0
   62            28.8               4               0
   63              30      8.33252694               0
   64      28.3333333               0               0
   65              30      8.66505388               0
   66              30      8.94215967               0
   67            29.5               8               0
   68              30      9.21926545               0
   69            28.8               6               0
   70              30      9.41719815               0
   71      29.6036405      8.66505388               0
   72              30      9.61513086               0
   73      29.7646029      9.21926545               0
   74              30      9.73883879               0
   75              30      9.86254673               0
   76      29.8609896      9.61513086               0
   77              30      9.93127337               0
   78              30              10               0
   79      29.8945077      9.86254673               0
   80      29.6345645      9.41719815               0
   81      29.7211676      9.61513086               0
   82      29.9001598              10               0
   83      29.5287627      9.21926545               0
   84            27.9               4               0
   85      29.7614978      9.73883879               0
   86              29               8               0
   87      29.9167998      10.0832002               0
   88      29.3657289      8.94215967               0
   89            27.6               2               0
   90      29.7885468      9.86254673               0
   91      29.7970166      9.93127337               0
   92      29.2079121      8.66505388               0
   93      29.0606096      8.33252694               0
   94      29.8003196              10               0
   95      29.8335997      10.1664003               0
   96      29.5552121      9.61513086               0
   97      29.6544972      9.86254673               0
   98      29.7172687      10.0832002               0
   99      29.6725242              10               0
  100      29.7338533      10.1664003               0
  101      29.2739381      9.21926545               0
  102      29.4667245      9.73883879               0
  103      29.7271035      10.2728965               0
  104      29.5199832      9.86254673               0
  105      29.3884524      9.61513086               0
  106      29.5372214      9.93127337               0
  107       29.634238      10.1664003               0
  108      29.5447287              10               0
  109      29.2216425      9.41719815               0
  110      29.6206073      10.3793927               0
  111      29.5068853      10.1664003               0
  112      29.4621925      10.0832002               0
  113      29.3521277      9.86254673               0
  114      28.8056547      8.66505388               0
  115      29.5279878      10.2728965               0
  116      29.3837064              10               0
  117      29.0186745      9.21926545               0
  118      29.1907072      9.61513086               0
  119            28.5               8               0
  120      29.5210487      10.3793927               0
  121      29.3797019      10.1664003               0
  122      29.1838142      9.86254673               0
  123       29.210055      9.93127337               0
  124      29.4217696      10.3793927               0
  125       29.486422       10.513578               0
  126      29.1054858      9.73883879               0
  127      29.2226842              10               0
  128      28.7064359      8.94215967               0
  129      28.9921688      9.61513086               0
  130      29.2741791      10.2728965               0
  131      29.2196232      10.1664003               0
  132      29.2950683      10.3793927               0
  133      29.1411867      10.0832002               0
  134      28.7408879      9.21926545               0
  135      28.9767528      9.86254673               0
  136      29.2879789       10.513578               0
  137      29.3522368      10.6477632               0
  138      29.0230166              10               0
  139      28.7527075      9.41719815               0
  140      28.4040228      8.66505388               0
  141      29.1687281      10.3793927               0
  142      29.0597616      10.1664003               0
  143      28.7576452      9.61513086               0
  144      29.2530182      10.6477632               0
  145      26.6666667               0               0
  146              27               4               0
  147            27.4               6               0
  148      28.8046596      9.93127337               0
  149      29.1542364      10.6477632               0
  150              28               8               0
  151      28.7692454      9.86254673               0
  152      28.1203745      8.33252694               0
  153      29.0099499      10.3793927               0
  154       28.955641      10.2728965               0
  155      28.8233489              10               0
  156      28.4626684      9.21926545               0
  157       28.667293      9.73883879               0
  158      29.0359596       10.513578               0
  159      29.1858471      10.8141529               0
  160      28.8617346      10.1664003               0
  161      29.0284856      10.6477632               0
  162      28.7436172      10.0832002               0
  163      28.5223494      9.61513086               0
  164      28.8516344      10.3793927               0
  165      28.9884604      10.8141529               0
  166      28.9032992      10.6477632               0
  167      28.6639803      10.1664003               0
  168      28.5177176      9.86254673               0
  169      28.5797545              10               0
  170      27.9945715      8.66505388               0
  171      29.0194575      10.9805425               0
  172       28.158282      9.21926545               0
  173      28.2189847      9.41719815               0
  174      28.0173309      8.94215967               0
  175       28.655792      10.3793927               0
  176      28.7207442       10.513578               0
  177      28.9208109      10.9805425               0
  178      28.7463007      10.6477632               0
  179      28.5621809      10.2728965               0
  180      28.2461902      9.61513086               0
  181      28.4229592      10.1664003               0
  182      28.7389457      10.8141529               0
  183      28.8227533      10.9805425               0
  184      28.3104584      9.93127337               0
  185        28.33616              10               0
  186      28.2657667      9.86254673               0
  187            27.5               8               0
  188      28.4605309      10.3793927               0
  189      28.5900256      10.6477632               0
  190      28.1419397      9.73883879               0
  191      28.8164621      11.1835379               0
  192      28.6983698      10.9805425               0
  193      28.2591621      10.0832002               0
  194      27.8534741      9.21926545               0
  195      27.5857371      8.66505388               0
  196      27.9692983      9.61513086               0
  197      28.1822696      10.1664003               0
  198      28.5747473      10.9805425               0
  199      28.3326594       10.513578               0
  200      28.3970648      10.6477632               0
  201      28.2228584      10.3793927               0
  202      28.0438466              10               0
  203      28.6206803      11.1835379               0
  204      28.4281652      10.8141529               0
  205      27.9650162      9.86254673               0
  206      28.0839983      10.2728965               0
  207      28.4201616      10.9805425               0
  208      28.6134666      11.3865334               0
  209            26.1               4               0
  210       28.205013      10.6477632               0
  211      27.6119389      9.41719815               0
  212      27.1786753      8.33252694               0
  213      27.5189451      9.21926545               0
  214      28.5157262      11.3865334               0
  215      27.8937212      10.1664003               0
  216      27.6471253      9.61513086               0
  217       27.985893      10.3793927               0
  218      28.3746265      11.1835379               0
  219      28.2665511      10.9805425               0
  220              27               8               0
  221      27.7515332              10               0
  222      27.7178777      9.93127337               0
  223      28.4187009      11.3865334               0
  224       27.293492      8.94215967               0
  225      27.6638826      9.86254673               0
  226      27.1677667      8.66505388               0
  227      27.9716433      10.6477632               0
  228      28.0470339      10.8141529               0
  229      27.6784977      10.0832002               0
  230      27.5202271      9.73883879               0
  231      27.8625109       10.513578               0
  232      28.2962466      11.3865334               0
  233      28.0773517      10.9805425               0
  234      28.3698722      11.6301278               0
  235      27.6055571      10.1664003               0
  236      27.7021622      10.3793927               0
  237       27.184016      9.21926545               0
  238      28.1747162      11.3865334               0
  239      28.0697011      11.1835379               0
  240      27.3242888      9.61513086               0
  241      27.7393791      10.6477632               0
  242      27.8893778      10.9805425               0
  243      27.4066034              10               0
  244      27.5123292      10.2728965               0
  245      28.1764423      11.6301278               0
  246              26               6               0
  247      27.3100793      9.86254673               0
  248      28.0233587      11.3865334               0
  249      26.7503969      8.66505388               0
  250            26.5               8               0
  251      27.4192509      10.3793927               0
  252      27.8731852      11.3865334               0
  253      27.5870319      10.8141529               0
  254      28.1262777      11.8737223               0
  255      27.6614655      10.9805425               0
  256      27.2658323      10.1664003               0
  257      26.9238893      9.41719815               0
  258      27.4617163      10.6477632               0
  259       27.935086      11.6301278               0
  260      27.6974559      11.1835379               0
  261      26.8161453      9.21926545               0
  262      26.9526071      9.61513086               0
  263      28.0298958      11.8737223               0
  264              25               0               0
  265        27.30218       10.513578               0
  266      27.0616736              10               0
  267        27.01918      9.93127337               0
  268      25.0333333               2               0
  269      27.6888349      11.3865334               0
  270      27.9343028      11.8737223               0
  271      26.9559583      9.86254673               0
  272      27.4350437      10.9805425               0
  273      26.5301189      8.94215967               0
  274      26.9940707      10.0832002               0
  275            25.2               4               0
  276      27.0861037      10.3793927               0
  277      27.8145036      11.8737223               0
  278      26.7948075      9.73883879               0
  279      27.1853345      10.6477632               0
  280      26.2348873      8.33252694               0
  281      27.6377821      11.6301278               0
  282      27.5059722      11.3865334               0
  283      26.3226116      8.66505388               0
  284      26.9265224      10.1664003               0
  285      27.6957235      11.8737223               0
  286      27.8388362      12.1611638               0
  287      26.4479125      9.21926545               0
  288              26               8               0
  289      26.5803754      9.61513086               0
  290      26.8401388      10.2728965               0
  291      27.1649018      10.9805425               0
  292      27.2500833      11.1835379               0
  293       27.040749      10.8141529               0
  294      26.6615551              10               0
  295      27.5486108      11.8737223               0
  296      27.2848865      11.3865334               0
  297      26.5466503      9.86254673               0
  298      27.6487196      12.1611638               0
  299      26.7538411      10.3793927               0
  300      26.8603454      10.6477632               0
  301      27.2767374      11.6301278               0
  302       27.402804      11.8737223               0
  303       26.533233      10.1664003               0
  304      26.8964869      10.9805425               0
  305      27.0656101      11.3865334               0
  306      26.6452255       10.513578               0
  307      25.8953962      8.66505388               0
  308      26.1487262      9.41719815               0
  309      27.4135938      12.1611638               0
  310      26.0441345      9.21926545               0
  311      27.5513947      12.4486053               0
  312      27.2246114      11.8737223               0
  313      26.1570105      9.61513086               0
  314      27.4569446      12.4486053               0
  315      26.2614365              10               0
  316      26.5367393      10.6477632               0
  317            25.5               8               0
  318      26.2093537      9.93127337               0
  319       26.369104      10.3793927               0
  320      26.1371246      9.86254673               0
  321      26.7209064      11.1835379               0
  322      27.3632762      12.4486053               0
  323      26.8046391      11.3865334               0
  324      27.0480599      11.8737223               0
  325      26.2009016      10.0832002               0
  326      26.5814251      10.9805425               0
  327      25.7228455      8.94215967               0
  328      27.1260343      12.1611638               0
  329      26.8448488      11.6301278               0
  330      26.1403448      10.1664003               0
  331      27.2470222      12.4486053               0
  332      25.9610896      9.73883879               0
  333      26.4023907      10.8141529               0
  334            24.3               4               0
  335      25.4565979      8.66505388               0
  336      26.8353854      11.8737223               0
  337      27.1317781      12.4486053               0
  338      25.6400563      9.21926545               0
  339      26.0628008      10.2728965               0
  340      26.5457647      11.3865334               0
  341       25.288382      8.33252694               0
  342            24.6               6               0
  343      25.7332685      9.61513086               0
  344      26.1624893      10.6477632               0
  345      27.2179625      12.7820375               0
  346      26.2682279      10.9805425               0
  347      26.9901234      12.4486053               0
  348      25.9852222      10.3793927               0
  349      25.8053013              10               0
  350       26.778882      12.1611638               0
  351      26.6247068      11.8737223               0
  352              25               8               0
  353      25.6716822      9.86254673               0
  354      27.0323182      12.7820375               0
  355      26.8497629      12.4486053               0
  356      25.8874254       10.513578               0
  357      26.2425529      11.3865334               0
  358      25.6927103      10.1664003               0
  359      26.3361411      11.6301278               0
  360      26.1047902      11.1835379               0
  361      26.6792472      12.4486053               0
  362      26.3747347      11.8737223               0
  363      25.0183156      8.66505388               0
  364      25.7895765      10.6477632               0
  365      25.2826825      9.41719815               0
  366      25.1987498      9.21926545               0
  367      25.9065609      10.9805425               0
  368      26.8052233      12.7820375               0
  369      25.2577961      9.61513086               0
  370      25.5481701      10.3793927               0
  371      26.8845304      13.1154696               0
  372      26.3656748      12.1611638               0
  373      26.5103578      12.4486053               0
  374      25.3491662              10               0
  375      25.9416047      11.3865334               0
  376      25.6681741      10.8141529               0
  377      25.2869824      9.93127337               0
  378      26.7926839      13.1154696               0
  379      26.1270754      11.8737223               0
  380      23.3333333               0               0
  381       24.868098      8.94215967               0
  382      25.2973462      10.0832002               0
  383      25.2061654      9.86254673               0
  384      26.5298459      12.7820375               0
  385            24.5               8               0
  386      26.7015071      13.1154696               0
  387      25.2453918      10.1664003               0
  388      26.3078746      12.4486053               0
  389      25.5466971      10.9805425               0
  390      25.0181285      9.73883879               0
  391      26.5898203      13.1154696               0
  392      25.3654028      10.6477632               0
  393      25.1786978      10.2728965               0
  394      24.5674783      8.66505388               0
  395      24.7572375      9.21926545               0
  396      25.7460961      11.6301278               0
  397            23.4               4               0
  398      25.8377434      11.8737223               0
  399      26.4789987      13.1154696               0
  400      25.5947072      11.3865334               0
  401      26.1073693      12.4486053               0
  402      25.1117921      10.3793927               0
  403      24.3385215      8.33252694               0
  404       24.782195      9.61513086               0
  405      25.8810406      12.1611638               0
  406      26.1996011      12.7820375               0
  407      25.3983984      11.1835379               0
  408      26.3441713      13.1154696               0
  409      24.8382948              10               0
  410      26.5044178      13.4955822               0
  411       25.027197       10.513578               0
  412      25.8703688      12.4486053               0
  413      26.2104528      13.1154696               0
  414      24.6861664      9.86254673               0
  415      25.1378289      10.9805425               0
  416      25.5509082      11.8737223               0
  417              24               8               0
  418      24.7445203      10.1664003               0
  419       24.942283      10.6477632               0
  420      25.2499986      11.3865334               0
  421      26.3245335      13.4955822               0
  422      24.1170688      8.66505388               0
  423      26.0492955      13.1154696               0
  424      24.2780311      9.21926545               0
  425      24.3250932      9.41719815               0
  426      25.6356603      12.4486053               0
  427       25.808548      12.7820375               0
  428       24.836561      10.8141529               0
  429      24.6233352      10.3793927               0
  430       26.107442      13.4955822               0
  431      25.8895315      13.1154696               0
  432            23.2               6               0
  433      25.2209761      11.8737223               0
  434      24.2563165      9.61513086               0
  435      25.0717928      11.6301278               0
  436      25.3209673      12.1611638               0
  437      23.9634729      8.94215967               0
  438      24.3274234              10               0
  439      24.7303815      10.9805425               0
  440      24.2549988      9.93127337               0
  441      24.8588852      11.3865334               0
  442      25.3622942      12.4486053               0
  443      22.4666667               2               0
  444      25.6991637      13.1154696               0
  445      26.1243052      13.8756948               0
  446      24.2857383      10.0832002               0
  447      24.1662872      9.86254673               0
  448      24.4688803      10.6477632               0
  449      25.8468832      13.4955822               0
  450            23.5               8               0
  451      24.2437806      10.1664003               0
  452      26.0357761      13.8756948               0
  453      23.6534129      8.66505388               0
  454      24.6002495      11.1835379               0
  455      25.3517516      12.7820375               0
  456      25.9476893      13.8756948               0
  457      24.8934584      11.8737223               0
  458      23.7987545      9.21926545               0
  459      24.1896847      10.2728965               0
  460      25.5104905      13.1154696               0
  461            22.5               4               0
  462      23.9693994      9.73883879               0
  463      25.0914026      12.4486053               0
  464      25.8416472      13.8756948               0
  465      24.1351595      10.3793927               0
  466      23.3846392      8.33252694               0
  467      25.5367585      13.4955822               0
  468      25.7361763      13.8756948               0
  469      24.4694966      11.3865334               0
  470      24.2747891      10.9805425               0
  471      23.7306456      9.61513086               0
  472      25.2885289      13.1154696               0
  473      24.0658618       10.513578               0
  474      25.6096098      13.8756948               0
  475      23.7654649              10               0
  476      24.6828709      12.1611638               0
  477      23.9959174      10.6477632               0
  478       24.522455      11.8737223               0
  479      24.7805711      12.4486053               0
  480              23               8               0
  481      25.4837754      13.8756948               0
  482       25.068531      13.1154696               0
  483      23.1900501      8.66505388               0
  484      23.5957923      9.86254673               0
  485       25.698579       14.301421               0
  486      24.3118201      11.6301278               0
  487      23.6928538      10.1664003               0
  488      24.8255285      12.7820375               0
  489      23.9083172      10.8141529               0
  490        25.17149      13.4955822               0
  491      23.2827932      9.21926545               0
  492      25.3337233      13.8756948               0
  493       23.279055      9.41719815               0
  494      21.6666667               0               0
  495      25.5257372       14.301421               0
  496      24.0344471      11.3865334               0
  497      23.5979412      10.3793927               0
  498      23.8197894      10.9805425               0
  499      24.8132303      13.1154696               0
  500      24.4721326      12.4486053               0
  501      25.1845911      13.8756948               0
  502      23.0081054      8.94215967               0
  503      24.1533542      11.8737223               0
  504      23.1584551      9.61513086               0
  505      25.3206135       14.301421               0
  506      23.7105828      11.1835379               0
  507      23.4753425      10.6477632               0
  508      25.0083175      13.8756948               0
  509      23.2035064              10               0
  510      24.5600499      13.1154696               0
  511      22.7131102      8.66505388               0
  512      24.7463667      13.4955822               0
  513            22.5               8               0
  514      23.1212224      9.93127337               0
  515      23.1728359      10.0832002               0
  516            21.6               4               0
  517      24.1234103      12.4486053               0
  518      23.1417534      10.1664003               0
  519      23.0256656      9.86254673               0
  520      25.0774989       14.301421               0
  521       23.965427      12.1611638               0
  522      24.8331628      13.8756948               0
  523      23.6001172      11.3865334               0
  524      22.7669451      9.21926545               0
  525      24.2275071      12.7820375               0
  526      25.2728529      14.7271471               0
  527      23.1013777      10.2728965               0
  528      22.4260104      8.33252694               0
  529      23.7414123      11.8737223               0
  530            21.8               6               0
  531      23.3189357      10.9805425               0
  532      25.1883003      14.7271471               0
  533      22.8233428      9.73883879               0
  534      23.0603529      10.3793927               0
  535      24.2703613      13.1154696               0
  536      24.6283376      13.8756948               0
  537      25.1038605      14.7271471               0
  538      23.0077602       10.513578               0
  539      23.4659911      11.6301278               0
  540      24.7906937       14.301421               0
  541      25.0044675      14.7271471               0
  542      23.7765737      12.4486053               0
  543      22.5869024      9.61513086               0
  544      24.2578107      13.4955822               0
  545      22.9541895      10.6477632               0
  546      22.2362704      8.66505388               0
  547       24.424809      13.8756948               0
  548      24.9052201      14.7271471               0
  549              22               8               0
  550       23.982723      13.1154696               0
  551      22.5965912              10               0
  552      23.1220554      11.3865334               0
  553      22.8864475      10.8141529               0
  554      23.3302642      11.8737223               0
  555      24.7882625      14.7271471               0
  556      22.2170796      9.21926545               0
  557       22.546093      10.1664003               0
  558      24.4548255       14.301421               0
  559      22.4113315      9.86254673               0
  560      24.6714915      14.7271471               0
  561      24.1896647      13.8756948               0
  562      22.8173025      10.9805425               0
  563      23.5564677      12.7820375               0
  564       23.390028      12.4486053               0
  565      22.0029873      8.94215967               0
  566      22.1518916      9.41719815               0
  567      22.4787641      10.3793927               0
  568      24.5342031      14.7271471               0
  569      24.8045541      15.1954459               0
  570      23.6582478      13.1154696               0
  571      23.1682054      12.1611638               0
  572      22.7311267      11.1835379               0
  573      23.9559201      13.8756948               0
  574      24.3971491      14.7271471               0
  575      21.7459532      8.66505388               0
  576      23.7035061      13.4955822               0
  577      24.6398283      15.1954459               0
  578            20.7               4               0
  579      22.3898201      10.6477632               0
  580            21.5               8               0
  581       22.877901      11.8737223               0
  582      24.0651952       14.301421               0
  583      21.9749914      9.61513086               0
  584      22.6430471      11.3865334               0
  585      24.2368722      14.7271471               0
  586      23.3353882      13.1154696               0
  587       23.004269      12.4486053               0
  588        24.44836      15.1954459               0
  589      21.4618141      8.33252694               0
  590       21.989676              10               0
  591      23.6893579      13.8756948               0
  592       21.970007      10.0832002               0
  593      21.6675623      9.21926545               0
  594      21.8985824      9.93127337               0
  595      24.0768805      14.7271471               0
  596      22.2735409      10.9805425               0
  597      22.5349809      11.6301278               0
  598      21.9498247      10.1664003               0
  599      21.7976659      9.86254673               0
  600      21.9232562      10.2728965               0
  601      24.2249983      15.1954459               0
  602      21.8958791      10.3793927               0
  603      23.8912424      14.7271471               0
  604      23.4241492      13.8756948               0
  605              20               0               0
  606      23.6181077       14.301421               0
  607      21.2554746      8.66505388               0
  608      22.4244938      11.8737223               0
  609      21.5935767      9.73883879               0
  610       22.976237      13.1154696               0
  611      21.8602609       10.513578               0
  612      22.8120014      12.7820375               0
  613      24.3362553      15.6637447               0
  614              21               8               0
  615       23.082357      13.4955822               0
  616      22.1233976      11.3865334               0
  617      22.5802292      12.4486053               0
  618      21.8234244      10.6477632               0
  619      24.2561481      15.6637447               0
  620      23.7059347      14.7271471               0
  621       23.964401      15.1954459               0
  622            19.9               2               0
  623            20.4               6               0
  624      24.1757707      15.6637447               0
  625      21.3642379      9.61513086               0
  626      21.7761097      10.8141529               0
  627      23.1257752      13.8756948               0
  628      22.2912441      12.1611638               0
  629       24.083781      15.6637447               0
  630      23.4930382      14.7271471               0
  631      21.7270473      10.9805425               0
  632      21.0884256      9.21926545               0
  633      21.3463459              10               0
  634      23.9914424      15.6637447               0
  635      22.6177599      13.1154696               0
  636      20.9511965      8.94215967               0
  637      23.6613086      15.1954459               0
  638      21.3168319      10.1664003               0
  639      23.8851518      15.6637447               0
  640      23.1111472       14.301421               0
  641      21.6649253      11.1835379               0
  642            19.8               4               0
  643      21.9324382      11.8737223               0
  644      21.1486553      9.86254673               0
  645      22.1551547      12.4486053               0
  646      20.7521014      8.66505388               0
  647      23.2804984      14.7271471               0
  648      22.8284677      13.8756948               0
  649       20.955329      9.41719815               0
  650      21.2760086      10.3793927               0
  651       23.778414      15.6637447               0
  652            20.5               8               0
  653      21.6004314      11.3865334               0
  654      23.6552547      15.6637447               0
  655      20.4910986      8.33252694               0
  656      21.2199207      10.6477632               0
  657      23.3108993      15.1954459               0
  658      22.2243662      13.1154696               0
  659      23.0391086      14.7271471               0
  660      22.3942956      13.4955822               0
  661      23.5315334      15.6637447               0
  662      23.8304927      16.1695073               0
  663      21.5200856      11.6301278               0
  664       21.994113      12.7820375               0
  665       22.498557      13.8756948               0
  666       20.721596      9.61513086               0
  667      21.1435948      10.9805425               0
  668      23.3889104      15.6637447               0
  669      23.6744892      16.1695073               0
  670      20.5099207      9.21926545               0
  671      21.6940351      12.4486053               0
  672      22.7980637      14.7271471               0
  673       21.436724      11.8737223               0
  674      20.7030158              10               0
  675      22.5433606       14.301421               0
  676      20.2482322      8.66505388               0
  677      20.6931094      10.0832002               0
  678       23.245604      15.6637447               0
  679      20.6049508      9.93127337               0
  680      20.6826813      10.1664003               0
  681      23.4977484      16.1695073               0
  682              20               8               0
  683       22.909215      15.1954459               0
  684       21.830086      13.1154696               0
  685      20.6685861      10.2728965               0
  686      22.1690913      13.8756948               0
  687      20.5006548      9.86254673               0
  688      21.0411042      11.3865334               0
  689      20.6536691      10.3793927               0
  690      21.3347756      12.1611638               0
  691      23.0810701      15.6637447               0
  692      22.5277728      14.7271471               0
  693      20.6337323       10.513578               0
  694      23.2957491      16.1695073               0
  695      20.6125572      10.6477632               0
  696      20.2986876      9.73883879               0
  697      22.9157442      15.6637447               0
  698       20.584636      10.8141529               0
  699      21.2292897      12.4486053               0
  700            18.9               4               0
  701      21.6400268      13.4955822               0
  702      22.2577537      14.7271471               0
  703      23.0635723      16.1695073               0
  704      21.8085063      13.8756948               0
  705      20.9059081      11.8737223               0
  706      20.5549383      10.9805425               0
  707      20.0807034      9.61513086               0
  708      19.8580007      8.94215967               0
  709      22.7272311      15.6637447               0
  710        23.32473        16.67527               0
  711      22.4536369      15.1954459               0
  712       21.403059      13.1154696               0
  713      19.9078618      9.21926545               0
  714      19.7325656      8.66505388               0
  715      21.9153395       14.301421               0
  716      23.2491878        16.67527               0
  717            19.5               8               0
  718      20.5164042      11.1835379               0
  719              19               6               0
  720      23.1730294        16.67527               0
  721      20.0339525              10               0
  722       21.102967      12.7820375               0
  723       19.512766      8.33252694               0
  724      22.5378628      15.6637447               0
  725      20.4754594      11.3865334               0
  726       22.796127      16.1695073               0
  727      20.0216482      10.1664003               0
  728      23.0887397        16.67527               0
  729      18.3333333               0               0
  730      21.9591072      14.7271471               0
  731      19.7053072      9.41719815               0
  732      23.0036539        16.67527               0
  733      20.0032091      10.3793927               0
  734      19.8283222      9.86254673               0
  735      21.4473361      13.8756948               0
  736      20.4233242      11.6301278               0
  737      22.3239637      15.6637447               0
  738      20.7315853      12.4486053               0
  739      22.9085612        16.67527               0
  740      20.9729254      13.1154696               0
  741      19.9758689      10.6477632               0
  742      22.8124486        16.67527               0
  743      21.9433724      15.1954459               0
  744       22.488512      16.1695073               0
  745      20.3681237      11.8737223               0
  746      21.6605742      14.7271471               0
  747      19.2159988      8.66505388               0
  748      22.7042539        16.67527               0
  749      22.1092378      15.6637447               0
  750       19.935982      10.9805425               0
  751              19               8               0
  752      19.3067578      9.21926545               0
  753       19.418393      9.61513086               0
  754      22.5947776        16.67527               0
  755      20.2993469      12.1611638               0
  756       21.057447      13.8756948               0
  757      21.2292192       14.301421               0
  758      20.8208553      13.4955822               0
  759        22.47103        16.67527               0
  760      21.8695248      15.6637447               0
  761      22.7886216      17.2113784               0
  762      19.8790423      11.3865334               0
  763      22.1365354      16.1695073               0
  764      19.3648892              10               0
  765      21.3351464      14.7271471               0
  766              18               4               0
  767      19.3620461      10.0832002               0
  768      20.2269747      12.4486053               0
  769      20.5130432      13.1154696               0
  770      19.3588304      10.1664003               0
  771      22.3457235        16.67527               0
  772      19.2625453      9.93127337               0
  773      19.3541805      10.2728965               0
  774      22.6412018      17.2113784               0
  775      19.3489436      10.3793927               0
  776      19.1573648      9.86254673               0
  777      21.3798988      15.1954459               0
  778      21.6291602      15.6637447               0
  779      19.3415297       10.513578               0
  780      22.2039874        16.67527               0
  781      19.7999338      11.8737223               0
  782      20.6655069      13.8756948               0
  783      22.4792836      17.2113784               0
  784      19.3332312      10.6477632               0
  785      20.1389991      12.7820375               0
  786      18.6892525      8.66505388               0
  787            18.5               8               0
  788      21.0095695      14.7271471               0
  789       18.730806      8.94215967               0
  790      19.3217524      10.8141529               0
  791      18.9615601      9.73883879               0
  792       22.060445        16.67527               0
  793       18.525592      8.33252694               0
  794      21.7373939      16.1695073               0
  795      19.3090045      10.9805425               0
  796        22.29915      17.2113784               0
  797      18.6896186      9.21926545               0
  798      21.3644993      15.6637447               0
  799      21.8985617        16.67527               0
  800      19.2918071      11.1835379               0
  801      18.7584641      9.61513086               0
  802      20.0472437      13.1154696               0
  803      17.3333333               2               0
  804      19.6935229      12.4486053               0
  805      19.2728876      11.3865334               0
  806      22.0965436      17.2113784               0
  807      20.4886475       14.301421               0
  808      21.7347282        16.67527               0
  809      20.2481763      13.8756948               0
  810      20.6599854      14.7271471               0
  811      21.0995666      15.6637447               0
  812      18.6824446              10               0
  813        19.24804      11.6301278               0
  814      18.6806285      10.1664003               0
  815      22.2525132      17.7474868               0
  816      20.7672993      15.1954459               0
  817      21.2904687      16.1695073               0
  818            17.6               6               0
  819      19.9387573      13.4955822               0
  820      18.4213917      9.41719815               0
  821      21.5511783        16.67527               0
  822      21.8668379      17.2113784               0
  823              18               8               0
  824      19.2210029      11.8737223               0
  825      18.1611458      8.66505388               0
  826       18.677059      10.3793927               0
  827      22.1811516      17.7474868               0
  828       18.474723      9.86254673               0
  829      22.1089955      17.7474868               0
  830      18.6706602      10.6477632               0
  831      22.0320421      17.7474868               0
  832      20.8123786      15.6637447               0
  833      19.1864986      12.1611638               0
  834      21.3657425        16.67527               0
  835      20.3098785      14.7271471               0
  836            17.1               4               0
  837      19.5556665      13.1154696               0
  838      21.9540622      17.7474868               0
  839      21.6053806      17.2113784               0
  840      18.6599554      10.9805425               0
  841       19.826939      13.8756948               0
  842      18.0737793      9.21926545               0
  843      21.8699393      17.7474868               0
  844       19.149426      12.4486053               0
  845      21.1600933        16.67527               0
  846      18.0890746      9.61513086               0
  847      21.7845009      17.7474868               0
  848      16.6666667               0               0
  849      18.6430639      11.3865334               0
  850      20.5255481      15.6637447               0
  851      20.7981413      16.1695073               0
  852      21.6913462      17.7474868               0
  853      19.1035474      12.7820375               0
  854      21.3080577      17.2113784               0
  855            17.5               8               0
  856      19.9397835      14.7271471               0
  857      21.5965387      17.7474868               0
  858      20.9529581        16.67527               0
  859      19.6987863       14.301421               0
  860      17.6249771      8.66505388               0
  861      17.5282981      8.33252694               0
  862              18              10               0
  863      20.1124161      15.1954459               0
  864              18      10.0832002               0
  865      18.6178037      11.8737223               0
  866              18      10.1664003               0
  867      21.4922663      17.7474868               0
  868      17.8969101      9.93127337               0
  869              18      10.2728965               0
  870      19.0549686      13.1154696               0
  871      19.3846194      13.8756948               0
  872      17.5789358      8.94215967               0
  873              18      10.3793927               0
  874      20.2199476      15.6637447               0
  875      17.8958036      10.1060634               0
  876      21.3859836      17.7474868               0
  877      17.7938201      9.86254673               0
  878              18       10.513578               0
  879      20.7263444        16.67527               0
  880      21.6949604      18.3050396               0
  881      17.7932585      9.96133743               0
  882              18      10.6477632               0
  883      17.8924149      10.3273448               0
  884      17.7916071      10.0602371               0
  885      20.9720949      17.2113784               0
  886      21.2684279      17.7474868               0
  887              18      10.8141529               0
  888      17.7887608        10.18141               0
  889        18.58195      12.4486053               0
  890      19.5686927      14.7271471               0
  891      18.9968135      13.4955822               0
  892      17.8866199      10.6038177               0
  893      17.7848298      10.3026914               0
  894      17.6082582      9.73883879               0
  895      21.5550006      18.3050396               0
  896      17.4505169      9.21926545               0
  897              18      10.9805425               0
  898      20.2664733      16.1695073               0
  899      17.7795722      10.4504367               0
  900      21.1485426      17.7474868               0
  901      20.4991107        16.67527               0
  902      17.6054021      9.98050562               0
  903              18      11.1835379               0
  904         19.9156      15.6637447               0
  905      17.7732398      10.5982894               0
  906      17.8782814      10.9444267               0
  907      21.4067076      18.3050396               0
  908              17               8               0
  909              18      11.3865334               0
  910      17.4226963      9.61513086               0
  911      21.0157128      17.7474868               0
  912      17.7654271      10.7769155               0
  913      17.5966555      10.2635179               0
  914      17.4218083      9.76495793               0
  915      18.9362782      13.8756948               0
  916      17.0869563      8.66505388               0
  917            16.2               4               0
  918              18      11.6301278               0
  919      17.7565628      10.9556468               0
  920      17.4191972      9.91468516               0
  921      20.5970551      17.2113784               0
  922      17.8672775      11.3578878               0
  923      21.2474816      18.3050396               0
  924      18.5336849      13.1154696               0
  925      20.2546577        16.67527               0
  926      20.8803679      17.7474868               0
  927      17.5816976      10.5956348               0
  928      17.4146967      10.0826957               0
  929              18      11.8737223               0
  930      17.7460605      11.1693527               0
  931      19.4247599      15.1954459               0
  932      19.1826769      14.7271471               0
  933      17.4084811      10.2506069               0
  934      17.1257972      9.41719815               0
  935      19.5973488      15.6637447               0
  936      17.7345549      11.3831588               0
  937      20.7308281      17.7474868               0
  938      17.4001679      10.4402578               0
  939      21.0741933      18.3050396               0
  940              18      12.1611638               0
  941      17.5601745      10.9848332               0
  942      18.8663955       14.301421               0
  943      17.8535434      11.8520991               0
  944      17.3901554      10.6298101               0
  945      17.1222807      9.80154114               0
  946      17.7212777      11.6357504               0
  947      20.0110202        16.67527               0
  948            16.2               6               0
  949              18      12.4486053               0
  950      19.7055508      16.1695073               0
  951      20.5788562      17.7474868               0
  952      17.3778022      10.8446531               0
  953      20.8832939      18.3050396               0
  954      17.7070869      11.8884334               0
  955      17.5317715      11.4388866               0
  956      20.1859061      17.2113784               0
  957      16.8288982      9.21926545               0
  958      17.1115113      10.2151648               0
  959            16.5               8               0
  960      18.4722329      13.8756948               0
  961              18      12.7820375               0
  962      17.3637862      11.0593998               0
  963      21.1374076      18.8625924               0
  964       19.281484      15.6637447               0
  965      17.8371287      12.4334622               0
  966      16.8280014      9.45798946               0
  967      16.5196813      8.33252694               0
  968      20.4122169      17.7474868               0
  969      18.7951264      14.7271471               0
  970      17.6910537      12.1829976               0
  971      21.0692233      18.8625924               0
  972      19.7540881        16.67527               0
  973      17.3471802      11.3028975               0
  974      16.5434394      8.66505388               0
  975      16.8253642       9.6961519               0
  976      20.6710877      18.3050396               0
  977              18      13.1154696               0
  978      17.0930943       10.663757               0
  979      21.0003937      18.8625924               0
  980      17.4963216      11.9648426               0
  981      16.8208189      9.94553685               0
  982      20.2436611      17.7474868               0
  983      17.6742573      12.4776381               0
  984       17.328988      11.5463033               0
  985      20.9296023      18.8625924               0
  986      20.8579774      18.8625924               0
  987      16.8145414      10.1943628               0
  988              18      13.4955822               0
  989      17.8182649      13.1061586               0
  990      16.4132395      8.94215967               0
  991      19.5000135        16.67527               0
  992      17.3079945      11.8216008               0
  993      18.9577118      15.6637447               0
  994      17.0665938      11.1531592               0
  995      20.4342237      18.3050396               0
  996      20.7836624      18.8625924               0
  997      18.7161374      15.1954459               0
  998      17.6556583      12.8161943               0
  999      16.8061454      10.4565758               0
 1000      20.0611251      17.7474868               0
 1001      19.7459383      17.2113784               0
 1002      20.7082793      18.8625924               0
 1003      19.1292993      16.1695073               0
 1004      18.3986065      14.7271471               0
 1005              18      13.8756948               0
 1006      17.2855563      12.0968145               0
 1007      17.4539523      12.5684207               0
 1008      16.7960331       10.718235               0
 1009      20.6293033      18.8625924               0
 1010      16.4103555      9.53021866               0
 1011              16               8               0
 1012            15.3               4               0
 1013      17.6365297      13.1548035               0
 1014      19.8777894      17.7474868               0
 1015      20.5489852      18.8625924               0
 1016      17.0316223      11.6890714               0
 1017      16.7835569      10.9954965               0
 1018      19.2381355        16.67527               0
 1019      20.1704284      18.3050396               0
 1020              15               0               0
 1021      17.2602052      12.4064779               0
 1022      20.4640197      18.8625924               0
 1023              18       14.301421               0
 1024      18.6376178      15.6637447               0
 1025      17.7974388      13.8714439               0
 1026      15.9975808      8.66505388               0
 1027      16.7694014      11.2722161               0
 1028       16.401523       10.130525               0
 1029      17.6157988      13.5379645               0
 1030      20.3774218      18.8625924               0
 1031      19.6826444      17.7474868               0
 1032      17.2336473      12.7160712               0
 1033      15.9970139       9.0090392               0
 1034      17.4052616      13.2533715               0
 1035      20.2850397      18.8625924               0
 1036        16.75263      11.5666934               0
 1037      19.2892427      17.2113784               0
 1038      18.9817003        16.67527               0
 1039      16.9879744      12.2766903               0
 1040              18      14.7271471               0
 1041      19.8794469      18.3050396               0
 1042      20.5687038      19.4312962               0
 1043      15.9953467      9.35215489               0
 1044      17.5948776      13.9211445               0
 1045      20.1907658      18.8625924               0
 1046      16.3864186      10.7458205               0
 1047      14.7666667               2               0
 1048      19.4885509      17.7474868               0
 1049      17.2042391      13.0618103               0
 1050      16.7342566      11.8606538               0
 1051      18.3163083      15.6637447               0
 1052      18.5546406      16.1695073               0
 1053        20.08962      18.8625924               0
 1054      15.9924732      9.69840321               0
 1055      20.4339571      19.4312962               0
 1056            15.5               8               0
 1057              18      15.1954459               0
 1058      17.7754574      14.7270355               0
 1059       16.713054      12.1743322               0
 1060       18.724125        16.67527               0
 1061      19.9864318      18.8625924               0
 1062      17.1739935      13.4075008               0
 1063      17.5727598      14.3478209               0
 1064      15.9885047       10.043786               0
 1065      19.2864617      17.7474868               0
 1066      15.4987904      8.33252694               0
 1067      20.2966148      19.4312962               0
 1068      16.9358068       12.920298               0
 1069      16.3646846        11.37891               0
 1070      19.5640711      18.3050396               0
 1071       17.351506      14.0208519               0
 1072      19.8755343      18.8625924               0
 1073      15.9831969      10.3929668               0
 1074      16.6903924      12.4875399               0
 1075      18.8324605      17.2113784               0
 1076      20.1556622      19.4312962               0
 1077              18      15.6637447               0
 1078      17.1412144      13.7898999               0
 1079      19.7626617      18.8625924               0
 1080      19.0880576      17.7474868               0
 1081      17.5509149      14.7744701               0
 1082      18.4749391        16.67527               0
 1083       15.976804        10.74129               0
 1084      15.4976733      9.10041768               0
 1085            14.8               6               0
 1086      16.6647887      12.8220797               0
 1087      20.0098227      19.4312962               0
 1088      19.6417534      18.8625924               0
 1089      16.3360032      12.0325442               0
 1090      15.9689167      11.0940805               0
 1091      19.2310357      18.3050396               0
 1092      17.1081344      14.1722816               0
 1093       16.875856      13.6228291               0
 1094      18.8870008      17.7474868               0
 1095            14.4               4               0
 1096      19.5192887      18.8625924               0
 1097      17.7534889      15.6666745               0
 1098              18      16.1695073               0
 1099      16.6379663      13.1562262               0
 1100      19.8575971      19.4312962               0
 1101      17.5285121      15.2416601               0
 1102      18.2317661        16.67527               0
 1103      15.4942523      9.86784471               0
 1104              15               8               0
 1105      15.9599678       11.446032               0
 1106      17.2947684      14.8688826               0
 1107      19.3892577      18.8625924               0
 1108      18.3956096      17.2113784               0
 1109      18.6929631      17.7474868               0
 1110              15             8.4               0
 1111      19.6973825      19.4312962               0
 1112      17.0731626      14.5905667               0
 1113      16.3002058      12.7092835               0
 1114      16.6082652      13.5128147               0
 1115      15.9493651       11.803097               0
 1116              20              20               0
 1117      19.2585774      18.8625924               0
 1118              18        16.67527               0
 1119              15             8.8               0
 1120      17.5069777      15.7087633               0
 1121      18.8914915      18.3050396               0
 1122      19.9333333              20               0
 1123       15.488402      10.6350865               0
 1124      19.5276985      19.4312962               0
 1125      18.5026919      17.7474868               0
 1126      19.8666667              20               0
 1127      15.9377497      12.1593614               0
 1128      16.8096689      14.3854518               0
 1129      19.1218412      18.8625924               0
 1130      16.5777184      13.8691303               0
 1131              15             9.2               0
 1132       17.038622      15.0088768               0
 1133            19.8              20               0
 1134      19.7333333              20               0
 1135      19.3475364      19.4312962               0
 1136              15             9.6               0
 1137      18.9859589      18.8625924               0
 1138      15.9243457      12.5213332               0
 1139      18.3232396      17.7474868               0
 1140      16.2574213      13.4113547               0
 1141      17.7330605      16.6799413               0
 1142      17.4857538      16.2114623               0
 1143      19.6666667              20               0
 1144              18      17.2113784               0
 1145      15.4799839       11.402418               0
 1146      16.5446128      14.2483416               0
 1147      17.2380638      15.7919604               0
 1148      18.5607597      18.3050396               0
 1149            19.6              20               0
 1150              15              10               0
 1151      18.8466936      18.8625924               0
 1152      17.0031993      15.4607479               0
 1153      15.9100193      12.8825759               0
 1154      19.5333333              20               0
 1155      19.1568155      19.4312962               0
 1156      18.1542646      17.7474868               0
 1157      19.4666667              20               0
 1158              15            10.4               0
 1159      18.7104208      18.8625924               0
 1160      16.5112034      14.6274548               0
 1161            19.4              20               0
 1162      16.7398103       15.207207               0
 1163      17.4661209      16.7140022               0
 1164      15.8938331      13.2500393               0
 1165              18      17.7474868               0
 1166      19.3333333              20               0
 1167      15.4688749      12.1701211               0
 1168      18.9568856      19.4312962               0
 1169              15            10.8               0
 1170      16.2082534      14.1405083               0
 1171      18.2571711      18.3050396               0
 1172       18.574513      18.8625924               0
 1173      16.9691499      15.9126986               0
 1174      13.3333333               0               0
 1175      19.2666667              20               0
 1176            13.5               4               0
 1177            19.2              20               0
 1178      16.4758832      15.0291307               0
 1179      15.8768763      13.6168937               0
 1180              15            11.2               0
 1181      18.4443052      18.8625924               0
 1182      19.1333333              20               0
 1183      18.7509707      19.4312962               0
 1184      19.0666667              20               0
 1185      17.4478526      17.2452634               0
 1186          17.716      17.7523836               0
 1187      17.1853347      16.7808935               0
 1188              18      18.3050396               0
 1189      18.3189361      18.8625924               0
 1190              15            11.6               0
 1191      15.4550097      12.9385066               0
 1192              19              20               0
 1193      15.8580997      13.9903763               0
 1194      16.9355913      16.3942565               0
 1195      16.4409986      15.4309471               0
 1196      18.9333333              20               0
 1197      18.2023528      18.8625924               0
 1198      18.5444029      19.4312962               0
 1199       16.153971        14.89789               0
 1200              15              12               0
 1201      18.8666667              20               0
 1202      16.6699922      16.0847458               0
 1203      15.8387884      14.3634364               0
 1204            18.8              20               0
 1205      18.0952035      18.8625924               0
 1206            13.4               6               0
 1207      17.4319999       17.776283               0
 1208      18.7333333              20               0
 1209              15            12.4               0
 1210      18.3445015      19.4312962               0
 1211              18      18.8625924               0
 1212      16.4052231        15.85411               0
 1213      16.9045484      16.8759601               0
 1214      18.6666667              20               0
 1215      15.4384382      13.7079493               0
 1216      15.8178595      14.7434056               0
 1217            18.6              20               0
 1218              15            12.8               0
 1219      18.5333333              20               0
 1220      18.1599964      19.4312962               0
 1221      18.4666667              20               0
 1222      16.0966773      15.6839309               0
 1223      16.3708346      16.2777204               0
 1224      17.1412986      17.8229108               0
 1225      17.4186631      18.3274438               0
 1226            18.4              20               0
 1227      15.7967385       15.123223               0
 1228      17.7043123      18.8659896               0
 1229              15            13.2               0
 1230       16.875663      17.3817474               0
 1231              18      19.4312962               0
 1232      18.3333333              20               0
 1233       16.605069      17.0122051               0
 1234      15.4193942      14.4789342               0
 1235      18.2666667              20               0
 1236              15            13.6               0
 1237            18.2              20               0
 1238      15.7744096      15.5100862               0
 1239      16.3369418      16.7205286               0
 1240            12.6               4               0
 1241      18.1333333              20               0
 1242      17.4086246      18.8782748               0
 1243      16.8505973      17.8877561               0
 1244      18.0666667              20               0
 1245              15              14               0
 1246              18              20               0
 1247      16.0394169      16.4982612               0
 1248       15.752356       15.897167               0
 1249      15.3983693      15.2521102               0
 1250      16.3055897      17.1641566               0
 1251              15            14.4               0
 1252            12.2               2               0
 1253      17.1111308      18.9020762               0
 1254      16.8295096      18.4109261               0
 1255      15.7297393      16.2912699               0
 1256      17.4022234      19.4393463               0
 1257      16.5508493      17.9812529               0
 1258            17.7              20               0
 1259              15            14.8               0
 1260      16.2764166      17.6239085               0
 1261      15.7079993      16.6860658               0
 1262       15.376178      16.0283383               0
 1263              15            15.2               0
 1264       15.986171      17.3396453               0
 1265       16.813637      18.9343983               0
 1266            17.4              20               0
 1267      16.2511013      18.0849052               0
 1268              15            15.6               0
 1269      15.6865727      17.0876806               0
 1270      11.6666667               0               0
 1271              12               6               0
 1272      16.8035156      19.4670078               0
 1273              15              16               0
 1274      16.5137049      18.9813169               0
 1275            17.1              20               0
 1276      15.3539996      16.8087188               0
 1277            11.7               4               0
 1278      15.6667523       17.490565               0
 1279      16.2298035      18.5580955               0
 1280      15.9417034      18.2059376               0
 1281              12      6.93333333               0
 1282              15            16.4               0
 1283      15.6483095      17.8998608               0
 1284            16.8              20               0
 1285      16.2137728      19.0329855               0
 1286              12      7.86666667               0
 1287              15            16.8               0
 1288      15.3333762      17.5945809               0
 1289      15.6323055      18.3110843               0
 1290              15            17.2               0
 1291              12             8.8               0
 1292            16.5              20               0
 1293      16.2035506      19.5154163               0
 1294      15.9112399      19.0940583               0
 1295      15.6188413      18.7280767               0
 1296              15            17.6               0
 1297              12      9.73333333               0
 1298      15.3161528      18.3874173               0
 1299            16.2              20               0
 1300              15              18               0
 1301       15.608707       19.147701               0
 1302            10.8               4               0
 1303              12      10.6666667               0
 1304            15.9              20               0
 1305              15            18.4               0
 1306      15.6022446      19.5721836               0
 1307      15.3043535      19.1887593               0
 1308              15            18.8               0
 1309              12            11.6               0
 1310            15.6              20               0
 1311              15            19.2               0
 1312              10               0               0
 1313              12      12.5333333               0
 1314            15.3              20               0
 1315              15            19.6               0
 1316             9.9               4               0
 1317              15              20               0
 1318              12      13.4666667               0
 1319      9.63333333               2               0
 1320              12            14.4               0
 1321              12      15.3333333               0
 1322               9               4               0
 1323               9      4.53333333               0
 1324               9      5.06666667               0
 1325              12      16.2666667               0
 1326               9             5.6               0
 1327               9      6.13333333               0
 1328               9      6.66666667               0
 1329               9             7.2               0
 1330      8.33333333               0               0
 1331              12            17.2               0
 1332               9      7.73333333               0
 1333               9      8.26666667               0
 1334               9             8.8               0
 1335               9      9.33333333               0
 1336              12      18.1333333               0
 1337               9      9.86666667               0
 1338               9            10.4               0
 1339               9      10.9333333               0
 1340              12      19.0666667               0
 1341               9      11.4666667               0
 1342               9              12               0
 1343               9      12.5333333               0
 1344              12              20               0
 1345      7.06666667               2               0
 1346               9      13.0666667               0
 1347               9            13.6               0
 1348      6.66666667               0               0
 1349               9      14.1333333               0
 1350               9      14.6666667               0
 1351               9            15.2               0
 1352               9      15.7333333               0
 1353               9      16.2666667               0
 1354               9            16.8               0
 1355               9      17.3333333               0
 1356               9      17.8666667               0
 1357               9            18.4               0
 1358               5               0               0
 1359               9      18.9333333               0
 1360               9      19.4666667               0
 1361             4.5               2               0
 1362             4.5             3.2               0
 1363               9              20               0
 1364             4.5             4.4               0
 1365             4.5             5.6               0
 1366             4.5             6.8               0
 1367             4.5               8               0
 1368             4.5             9.2               0
 1369      3.33333333               0               0
 1370             4.5            10.4               0
 1371             4.5            11.6               0
 1372             4.5            12.8               0
 1373             4.5              14               0
 1374             4.5            15.2               0
 1375      1.66666667               0               0
 1376             4.5            16.4               0
 1377             4.5            17.6               0
 1378             4.5            18.8               0
 1379             4.5              20               0
 1380               0               0               0
 1381               0     0.666666667               0
 1382               0      1.33333333               0
 1383               0               2               0
 1384               0      2.66666667               0
 1385               0      3.33333333               0
 1386               0               4               0
 1387               0      4.66666667               0
 1388               0      5.33333333               0
 1389               0               6               0
 1390               0      6.66666667               0
 1391               0      7.33333333               0
 1392               0               8               0
 1393               0      8.66666667               0
 1394               0      9.33333333               0
 1395               0              10               0
 1396               0      10.6666667               0
 1397               0      11.3333333               0
 1398               0              12               0
 1399               0      12.6666667               0
 1400               0      13.3333333               0
 1401               0              14               0
 1402               0      14.6666667               0
 1403               0      15.3333333               0
 1404               0              16               0
 1405               0      16.6666667               0
 1406               0      17.3333333               0
 1407               0              18               0
 1408               0      18.6666667               0
 1409               0      19.3333333               0
 1410               0              20               0
