    1              50               0               0
    2      48.3333333               0               0
    3              50      1.66666667               0
    4              50      3.33333333               0
    5      46.6666667               0               0
    6          46.875            1.25               0
    7              45               0               0
    8              50               5               0
    9          46.875      4.20138889               0
   10      43.7738889            1.25               0
   11      43.3333333               0               0
   12              50      6.66666667               0
   13           43.75             2.5               0
   14           43.75            3.75               0
   15          46.875      7.04861111               0
   16      42.4166667             2.5               0
   17           43.75               5               0
   18      41.6666667               0               0
   19              50      8.33333333               0
   20           43.75            6.25               0
   21      41.0833333             2.5               0
   22      40.7161111            1.25               0
   23           43.75             7.5               0
   24              50              10               0
   25              40               0               0
   26          40.625            3.75               0
   27          46.875              10               0
   28           39.75             2.5               0
   29           43.75            8.75               0
   30          40.625      5.79861111               0
   31      38.3333333               0               0
   32           43.75              10               0
   33      38.4166667             2.5               0
   34      38.3927778            3.75               0
   35          40.625      7.95138889               0
   36          37.695            1.25               0
   37      37.0833333             2.5               0
   38      36.6666667               0               0
   39            37.5               5               0
   40          40.625              10               0
   41            37.5      5.83333333               0
   42            37.5      6.66666667               0
   43      36.1172222            3.75               0
   44            36.5               5               0
   45           35.75             2.5               0
   46            37.5             7.5               0
   47              35               0               0
   48            37.5      8.33333333               0
   49            35.5               5               0
   50      34.7038889            1.25               0
   51            37.5      9.16666667               0
   52      34.4166667             2.5               0
   53            37.5              10               0
   54            34.5               5               0
   55          33.805            3.75               0
   56      33.3333333               0               0
   57      33.0833333             2.5               0
   58            33.5               5               0
   59           33.75            6.25               0
   60           33.75             7.5               0
   61            32.5               5               0
   62      31.7361111            1.25               0
   63      31.6666667               0               0
   64           31.75             2.5               0
   65           33.75            8.75               0
   66      31.4627778            3.75               0
   67      32.0833333            6.25               0
   68           33.75              10               0
   69            31.5               5               0
   70      30.4166667             2.5               0
   71              30               0               0
   72            30.5               5               0
   73      30.4166667            6.25               0
   74      29.0833333             2.5               0
   75            29.5               5               0
   76      29.0972222            3.75               0
   77          28.785            1.25               0
   78              30             7.5               0
   79              30      7.91666667               0
   80              30      8.33333333               0
   81      28.3333333               0               0
   82              30            8.75               0
   83      29.3333333             7.5               0
   84              30      9.16666667               0
   85            28.5               5               0
   86           28.75            6.25               0
   87              30      9.58333333               0
   88      29.3555418      8.33333333               0
   89              30              10               0
   90           27.75             2.5               0
   91      29.3944582      9.16666667               0
   92      28.6666667             7.5               0
   93      28.6819616      7.91666667               0
   94      29.6666667      10.3333333               0
   95      28.7122359      8.33333333               0
   96      29.4166667              10               0
   97           28.75            8.75               0
   98            27.5               5               0
   99      28.7877641      9.16666667               0
  100              28             7.5               0
  101      28.8180384      9.58333333               0
  102      29.3333333      10.6666667               0
  103      26.6666667               0               0
  104      28.8333333              10               0
  105           28.07      8.33333333               0
  106          26.715            3.75               0
  107           28.18      9.16666667               0
  108              29              11               0
  109      26.4166667             2.5               0
  110      27.0833333            6.25               0
  111      28.7560045      10.6666667               0
  112      28.5060045      10.3333333               0
  113      27.3333333             7.5               0
  114           28.25              10               0
  115       27.369273      7.91666667               0
  116            26.5               5               0
  117      27.4287517      8.33333333               0
  118            27.5            8.75               0
  119      28.6666667      11.3333333               0
  120      25.8438889            1.25               0
  121      27.5712483      9.16666667               0
  122      28.1820311      10.6666667               0
  123       27.630727      9.58333333               0
  124      27.6666667              10               0
  125      26.6666667             7.5               0
  126      28.3333333      11.6666667               0
  127      28.1022928      11.3333333               0
  128      26.7884088      8.33333333               0
  129      27.8611733              11               0
  130      26.9615912      9.16666667               0
  131      27.6111733      10.6666667               0
  132      27.3522928      10.3333333               0
  133              25               0               0
  134      27.0833333              10               0
  135            25.5               5               0
  136      25.0833333             2.5               0
  137              28              12               0
  138              26             7.5               0
  139      27.5431917      11.3333333               0
  140      26.0611111      7.91666667               0
  141      26.1488889      8.33333333               0
  142           26.25            8.75               0
  143      27.0431917      10.6666667               0
  144      26.3511111      9.16666667               0
  145      25.4166667            6.25               0
  146      26.4388889      9.58333333               0
  147      27.6666667      12.3333333               0
  148            26.5              10               0
  149      27.4544622              12               0
  150      27.2278464      11.6666667               0
  151      26.9889867      11.3333333               0
  152      26.7389867              11               0
  153      25.3333333             7.5               0
  154      26.4778464      10.6666667               0
  155      25.5101097      8.33333333               0
  156      25.7398903      9.16666667               0
  157      26.2044622      10.3333333               0
  158      24.3227778            3.75               0
  159      27.3333333      12.6666667               0
  160            24.5               5               0
  161      26.9148978              12               0
  162      25.9166667              10               0
  163      26.4393012      11.3333333               0
  164      25.9148978      10.6666667               0
  165           23.75             2.5               0
  166              27              13               0
  167      24.6666667             7.5               0
  168      26.8114435      12.6666667               0
  169      26.6041062      12.3333333               0
  170      24.7566529      7.91666667               0
  171       24.871989      8.33333333               0
  172              25            8.75               0
  173        26.38088              12               0
  174       25.128011      9.16666667               0
  175      25.2433471      9.58333333               0
  176      26.1437586      11.6666667               0
  177      25.3333333              10               0
  178      25.8937586      11.3333333               0
  179      23.3333333               0               0
  180        25.63088              11               0
  181      25.3541062      10.6666667               0
  182      26.6666667      13.3333333               0
  183       26.295232      12.6666667               0
  184      25.8519822              12               0
  185            23.5               5               0
  186           23.75            6.25               0
  187      25.0614435      10.3333333               0
  188              24             7.5               0
  189      24.2344444      8.33333333               0
  190      24.5155556      9.16666667               0
  191      22.9061111            1.25               0
  192      25.3519822      11.3333333               0
  193           24.75              10               0
  194      26.1721674      13.3333333               0
  195      25.9880356              13               0
  196      25.7842933      12.6666667               0
  197      26.3333333      13.6666667               0
  198       24.795232      10.6666667               0
  199      25.5635955      12.3333333               0
  200      25.3277778              12               0
  201      25.0777778      11.6666667               0
  202      24.8135955      11.3333333               0
  203      23.9026063      9.16666667               0
  204      24.0449246      9.58333333               0
  205           23.75            8.75               0
  206      23.5973937      8.33333333               0
  207      22.4166667             2.5               0
  208      23.4550754      7.91666667               0
  209      23.3333333             7.5               0
  210      24.1666667              10               0
  211      25.6822771      13.3333333               0
  212      24.5342933              11               0
  213      25.2782218      12.6666667               0
  214              26              14               0
  215      24.2380356      10.6666667               0
  216        24.80784              12               0
  217            22.5               5               0
  218      23.9221674      10.3333333               0
  219      24.2782218      11.3333333               0
  220      25.1966667      13.3333333               0
  221       25.377717      13.6666667               0
  222      24.9954844              13               0
  223      25.5355644              14               0
  224      24.7766118      12.6666667               0
  225      23.2892455      9.16666667               0
  226      25.6666667      14.3333333               0
  227      23.5833333              10               0
  228      24.5417422      12.3333333               0
  229      22.9607545      8.33333333               0
  230      21.9272222            3.75               0
  231      21.6666667               0               0
  232      22.6666667             7.5               0
  233      24.2917422              12               0
  234      23.6822771      10.6666667               0
  235      24.0266118      11.6666667               0
  236      24.7150069      13.3333333               0
  237      25.0741156              14               0
  238      23.7454844      11.3333333               0
  239      22.0833333            6.25               0
  240      24.2790578      12.6666667               0
  241      25.3333333      14.6666667               0
  242      23.4466667              11               0
  243              23              10               0
  244      22.8444444      9.58333333               0
  245      22.6755556      9.16666667               0
  246      23.7790578              12               0
  247            22.5            8.75               0
  248      22.3244444      8.33333333               0
  249       23.127717      10.6666667               0
  250            21.5               5               0
  251      22.1555556      7.91666667               0
  252              22             7.5               0
  253      24.4364124      13.6666667               0
  254        24.61544              14               0
  255      24.2369684      13.3333333               0
  256      24.7712331      14.3333333               0
  257      21.0833333             2.5               0
  258        24.01936              13               0
  259      24.9005655      14.6666667               0
  260      23.2150069      11.3333333               0
  261      22.7855644      10.3333333               0
  262      23.7851541      12.6666667               0
  263              25              15               0
  264      23.5351541      12.3333333               0
  265        23.26936              12               0
  266      22.4166667              10               0
  267      24.1593244              14               0
  268      22.0616187      9.16666667               0
  269      22.9869684      11.6666667               0
  270      22.5741156      10.6666667               0
  271      23.7622222      13.3333333               0
  272      24.4688301      14.6666667               0
  273      21.6883813      8.33333333               0
  274      23.2944953      12.6666667               0
  275      22.6864124      11.3333333               0
  276      24.6666667      15.3333333               0
  277      21.3333333             7.5               0
  278        22.36544              11               0
  279      22.7622222              12               0
  280      23.7055556              14               0
  281      23.8833664      14.3333333               0
  282      23.5072178      13.6666667               0
  283      24.0380533      14.6666667               0
  284       23.290439      13.3333333               0
  285      24.1666667              15               0
  286      21.8333333              10               0
  287      23.0566756              13               0
  288            20.5               5               0
  289      21.6427298      9.58333333               0
  290      22.0212331      10.6666667               0
  291      24.2661012      15.3333333               0
  292      21.4475171      9.16666667               0
  293      22.8066756      12.6666667               0
  294              20               0               0
  295           21.25            8.75               0
  296      22.1593244      11.3333333               0
  297          19.965            1.25               0
  298      24.3333333      15.6666667               0
  299       22.540439      12.3333333               0
  300      21.0524829      8.33333333               0
  301      21.6505655      10.3333333               0
  302        23.25392              14               0
  303      23.6081615      14.6666667               0
  304      20.8572702      7.91666667               0
  305      22.2572178              12               0
  306      20.4166667            6.25               0
  307      22.8212894      13.3333333               0
  308      20.6666667             7.5               0
  309      23.8645033      15.3333333               0
  310           19.75             2.5               0
  311      21.9555556      11.6666667               0
  312      22.3212894      12.6666667               0
  313           21.25              10               0
  314      21.4688301      10.6666667               0
  315              24              16               0
  316      21.6333664      11.3333333               0
  317      23.0019022      14.3333333               0
  318      23.1790809      14.6666667               0
  319      20.8333333      9.16666667               0
  320      22.8042044              14               0
  321      23.3333333              15               0
  322      22.5879313      13.6666667               0
  323      23.4619467      15.3333333               0
  324        21.75392              12               0
  325      22.3544444      13.3333333               0
  326          19.535            3.75               0
  327      23.5621002      15.6666667               0
  328      20.4166667      8.33333333               0
  329      21.2880533              11               0
  330      22.1044444              13               0
  331      23.6311022              16               0
  332      21.8379313      12.6666667               0
  333            19.5               5               0
  334              20             7.5               0
  335      22.7507378      14.6666667               0
  336      20.9166667      10.6666667               0
  337      22.3561956              14               0
  338      23.6666667      16.3333333               0
  339      20.6666667              10               0
  340      23.0585051      15.3333333               0
  341      21.5542044      12.3333333               0
  342      21.1081615      11.3333333               0
  343      20.4406036      9.58333333               0
  344      21.8895748      13.3333333               0
  345      21.2519022              12               0
  346      20.2191495      9.16666667               0
  347      23.2592178              16               0
  348      20.5161012      10.3333333               0
  349              20            8.75               0
  350      21.3561956      12.6666667               0
  351      22.3230583      14.6666667               0
  352      20.9290809      11.6666667               0
  353            22.5              15               0
  354      22.1256766      14.3333333               0
  355      19.7808505      8.33333333               0
  356      22.6542524      15.3333333               0
  357        21.90968              14               0
  358      22.7833003      15.6666667               0
  359      23.3333333      16.6666667               0
  360      21.6763512      13.6666667               0
  361      19.5593964      7.91666667               0
  362        22.88456              16               0
  363      20.3645033      10.6666667               0
  364      20.5833333      11.3333333               0
  365      21.4263512      13.3333333               0
  366      20.0833333              10               0
  367      19.3333333             7.5               0
  368      22.9556164      16.3333333               0
  369      20.7507378              12               0
  370        21.15968              13               0
  371      18.3333333               0               0
  372      18.4166667             2.5               0
  373      21.8959688      14.6666667               0
  374      22.2492622      15.3333333               0
  375      22.9944993      16.6666667               0
  376       19.605048      9.16666667               0
  377      20.2119467              11               0
  378      20.8756766      12.6666667               0
  379      21.4644444              14               0
  380      22.5073422              16               0
  381           18.75            6.25               0
  382            18.5               5               0
  383              23              17               0
  384      20.5730583      12.3333333               0
  385      20.9644444      13.3333333               0
  386       19.144952      8.33333333               0
  387      20.0585051      11.3333333               0
  388      19.8121002      10.6666667               0
  389      22.6510562      16.6666667               0
  390      21.6666667              15               0
  391      21.8436083      15.3333333               0
  392           20.25              12               0
  393      21.4693956      14.6666667               0
  394      21.9980978      15.6666667               0
  395            19.5              10               0
  396      21.2535254      14.3333333               0
  397      22.1277778              16               0
  398      21.0202756              14               0
  399      20.3959688      12.6666667               0
  400      22.2302543      16.3333333               0
  401      18.6666667             7.5               0
  402      19.2388889      9.58333333               0
  403      20.7702756      13.6666667               0
  404      19.9042524      11.6666667               0
  405      19.3811022      10.3333333               0
  406      22.3033333      16.6666667               0
  407      18.9911111      9.16666667               0
  408      22.6666667      17.3333333               0
  409      20.5035254      13.3333333               0
  410      21.4373645      15.3333333               0
  411           18.75            8.75               0
  412      21.0432647      14.6666667               0
  413      22.3452978              17               0
  414        21.74608              16               0
  415      20.2193956              13               0
  416      19.5333003      11.3333333               0
  417      19.2592178      10.6666667               0
  418      19.7492622              12               0
  419      18.5088889      8.33333333               0
  420        20.57696              14               0
  421      21.9516598      16.6666667               0
  422      22.3552232      17.3333333               0
  423      19.9166667      12.6666667               0
  424      18.9166667              10               0
  425      18.2611111      7.91666667               0
  426        19.13456              11               0
  427      21.0306044      15.3333333               0
  428      21.2076567      15.6666667               0
  429      20.0432647      13.3333333               0
  430      20.8333333              15               0
  431      21.3624622              16               0
  432      19.5936083      12.3333333               0
  433      22.3333333      17.6666667               0
  434      20.6175027      14.6666667               0
  435      21.4927822      16.3333333               0
  436              18             7.5               0
  437            17.5               5               0
  438      22.0381013      17.3333333               0
  439      20.3842844      14.3333333               0
  440      18.3774211      9.16666667               0
  441      21.5963649      16.6666667               0
  442      20.1342844              14               0
  443      19.0073422      11.3333333               0
  444      17.0138889            1.25               0
  445      19.2480978              12               0
  446      17.0833333             2.5               0
  447      21.6711822              17               0
  448      17.1527778            3.75               0
  449      18.7056164      10.6666667               0
  450      19.4373645      12.6666667               0
  451      19.8675027      13.6666667               0
  452      20.6234019      15.3333333               0
  453      20.9771378              16               0
  454      21.7157067      17.3333333               0
  455      17.8725789      8.33333333               0
  456      18.3333333              10               0
  457      19.5833333      13.3333333               0
  458      20.1920356      14.6666667               0
  459      18.8777778      11.6666667               0
  460      21.2377778      16.6666667               0
  461              22              18               0
  462      16.6666667               0               0
  463      21.7292271      17.6666667               0
  464      19.2806044              13               0
  465      18.0384088      9.58333333               0
  466      19.6920356              14               0
  467      18.2444993      10.3333333               0
  468      21.3884449      17.3333333               0
  469        18.74608              12               0
  470      20.4131413      15.6666667               0
  471        20.59032              16               0
  472      18.4802543      11.3333333               0
  473      20.2158307      15.3333333               0
  474      17.0833333            6.25               0
  475       20.745402      16.3333333               0
  476      17.7640604      9.16666667               0
  477      17.3333333             7.5               0
  478      18.9576567      12.6666667               0
  479      21.7122044              18               0
  480              20              15               0
  481      20.8762277      16.6666667               0
  482      18.1510562      10.6666667               0
  483      19.7667897      14.6666667               0
  484        20.98064              17               0
  485      19.1234019      13.3333333               0
  486            17.5            8.75               0
  487      19.5167897      14.3333333               0
  488      18.6124622      12.3333333               0
  489      21.0567215      17.3333333               0
  490      21.6666667      18.3333333               0
  491           17.75              10               0
  492      21.4184356              18               0
  493           19.25              14               0
  494      18.0533333              11               0
  495      17.2359396      8.33333333               0
  496      20.2022222              16               0
  497      19.8079644      15.3333333               0
  498      21.1030712      17.6666667               0
  499            16.5               5               0
  500      20.5120439      16.6666667               0
  501      18.9658307      13.6666667               0
  502      18.2427822              12               0
  503      18.4771378      12.6666667               0
  504      16.9615912      7.91666667               0
  505      19.3416913      14.6666667               0
  506      17.9516598      11.3333333               0
  507      20.7209422      17.3333333               0
  508        21.11912              18               0
  509      18.6631413      13.3333333               0
  510      17.1511111      9.16666667               0
  511      17.5952978      10.6666667               0
  512      19.8130578              16               0
  513      19.9903155      16.3333333               0
  514      16.6666667             7.5               0
  515      19.6157156      15.6666667               0
  516      18.8079644              14               0
  517      20.1455556      16.6666667               0
  518      17.8463649      11.6666667               0
  519      21.3333333      18.6666667               0
  520       21.105487      18.3333333               0
  521        18.34032              13               0
  522       19.399877      15.3333333               0
  523      20.2766578              17               0
  524      19.1666667              15               0
  525      20.8146844              18               0
  526      20.3815125      17.3333333               0
  527      17.1666667              10               0
  528           15.75             2.5               0
  529      18.9166667      14.6666667               0
  530       17.995402      12.6666667               0
  531      20.4582578      17.6666667               0
  532      17.7377778              12               0
  533      16.5988889      8.33333333               0
  534      21.0643739      18.6666667               0
  535       18.649877      14.3333333               0
  536      17.1052232      10.3333333               0
  537      18.2022222      13.3333333               0
  538      17.4211822      11.3333333               0
  539        19.42304              16               0
  540      19.7770919      16.6666667               0
  541      16.8399863      9.58333333               0
  542      20.5055556              18               0
  543       18.991642      15.3333333               0
  544      18.3657156              14               0
  545      20.0388381      17.3333333               0
  546      17.6262277      12.3333333               0
  547      17.0381013      10.6666667               0
  548      20.7901417      18.6666667               0
  549              21              19               0
  550      16.5386557      9.16666667               0
  551      20.5229081      18.3333333               0
  552      18.0630578      13.6666667               0
  553       18.491642      14.6666667               0
  554              16             7.5               0
  555      16.9657067              11               0
  556        20.19216              18               0
  557      19.2297244      16.3333333               0
  558      19.4069822      16.6666667               0
  559      19.0323822              16               0
  560            15.5               5               0
  561      19.5622222              17               0
  562           16.25            8.75               0
  563      17.5120439      12.6666667               0
  564      16.5833333              10               0
  565        17.23064              12               0
  566      18.8165436      15.6666667               0
  567      20.5110133      18.6666667               0
  568      17.7403155      13.3333333               0
  569      19.6933244      17.3333333               0
  570      18.5833333      15.3333333               0
  571      19.7981792      17.6666667               0
  572      16.8884449      11.3333333               0
  573        17.92304              14               0
  574              15               0               0
  575      18.3333333              15               0
  576      15.9613443      8.33333333               0
  577      19.8749244              18               0
  578      17.3955556              13               0
  579        20.47216              19               0
  580      20.6666667      19.3333333               0
  581      20.2273655      18.6666667               0
  582      18.0665436      14.6666667               0
  583      15.4166667            6.25               0
  584      19.0355556      16.6666667               0
  585      16.4792271      10.6666667               0
  586      16.8067215      11.6666667               0
  587      18.6412978              16               0
  588      19.3453772      17.3333333               0
  589      19.9222222      18.3333333               0
  590      15.6600137      7.91666667               0
  591      17.7823822      14.3333333               0
  592      15.9267764      9.16666667               0
  593      17.0266578      12.6666667               0
  594      18.1750246      15.3333333               0
  595      17.2770919      13.3333333               0
  596      20.4106622      19.3333333               0
  597      19.5542756              18               0
  598      16.7209422              12               0
  599      19.9395748      18.6666667               0
  600      17.4797244              14               0
  601      14.7872222            3.75               0
  602              16              10               0
  603      15.3333333             7.5               0
  604      18.6631413      16.6666667               0
  605        18.84032              17               0
  606      16.3530712      11.3333333               0
  607      18.4658307      16.3333333               0
  608       18.995402      17.3333333               0
  609      17.6412978      14.6666667               0
  610           18.25              16               0
  611      20.1513023      19.3333333               0
  612      19.1262277      17.6666667               0
  613        19.92768              19               0
  614      15.9622044      10.3333333               0
  615      17.1569822      13.6666667               0
  616      16.6315125      12.3333333               0
  617      20.3333333      19.6666667               0
  618      18.0167897      15.6666667               0
  619      19.6480178      18.6666667               0
  620        19.23064              18               0
  621      15.3232236      8.33333333               0
  622      15.6444444      9.58333333               0
  623      14.4166667             2.5               0
  624      17.7667897      15.3333333               0
  625      15.9184356      10.6666667               0
  626      19.3067215      18.3333333               0
  627      16.8122222      13.3333333               0
  628      16.5388381      12.6666667               0
  629      19.8888267      19.3333333               0
  630            17.5              15               0
  631      17.0355556              14               0
  632      18.2900686      16.6666667               0
  633      18.6438044      17.3333333               0
  634            14.5               5               0
  635      16.2082578              12               0
  636        15.86912              11               0
  637      15.3155556      9.16666667               0
  638      19.3530712      18.6666667               0
  639      17.8587022              16               0
  640      17.2158307      14.6666667               0
  641      18.9044444              18               0
  642      14.0461111            1.25               0
  643      16.4433244              13               0
  644      15.4166667              10               0
  645       19.623475      19.3333333               0
  646      15.8146844      11.3333333               0
  647      19.8273288      19.6666667               0
  648        19.36912              19               0
  649              20              20               0
  650      16.9131413      14.3333333               0
  651      17.3587022      15.3333333               0
  652              15            8.75               0
  653      14.6666667             7.5               0
  654      18.1139378              17               0
  655      18.2909901      17.3333333               0
  656      19.0551116      18.6666667               0
  657      17.9166667      16.6666667               0
  658      18.4457956      17.6666667               0
  659      15.7555556      11.6666667               0
  660       17.700836      16.3333333               0
  661      16.3453772      13.3333333               0
  662      18.5761156              18               0
  663        16.59032              14               0
  664       19.355487      19.3333333               0
  665      16.0481792      12.6666667               0
  666       15.355487      10.6666667               0
  667      17.4676178              16               0
  668           19.75              20               0
  669      14.6844444      8.33333333               0
  670      18.6796982      18.3333333               0
  671      16.7900686      14.6666667               0
  672      17.2176178      15.6666667               0
  673        15.69216              12               0
  674      18.7545156      18.6666667               0
  675       16.245402      13.6666667               0
  676       16.950836      15.3333333               0
  677      19.3143739      19.6666667               0
  678      17.9373645      17.3333333               0
  679      19.0851022      19.3333333               0
  680      14.7050754      9.16666667               0
  681            19.5              20               0
  682      17.5432647      16.6666667               0
  683        18.24608              18               0
  684      14.3555556      7.91666667               0
  685      15.6249244      12.3333333               0
  686      15.2729081      11.3333333               0
  687        18.79904              19               0
  688      16.6666667              15               0
  689      14.8333333              10               0
  690        17.07696              16               0
  691      15.8762277      13.3333333               0
  692      16.1438044              14               0
  693      18.4516598      18.6666667               0
  694      13.3333333               0               0
  695      14.8143739      10.3333333               0
  696           19.25              20               0
  697      18.8125604      19.3333333               0
  698      16.3639378      14.6666667               0
  699      15.5542756      12.6666667               0
  700      17.5833333      17.3333333               0
  701       17.760275      17.6666667               0
  702              14             7.5               0
  703      17.3860622              17               0
  704           13.75            6.25               0
  705      17.9147644              18               0
  706      14.7901417      10.6666667               0
  707      16.5432647      15.3333333               0
  708      14.4526063      9.58333333               0
  709       17.170192      16.6666667               0
  710      15.1722222              12               0
  711            13.5               5               0
  712      18.0444444      18.3333333               0
  713      16.0409901      14.3333333               0
  714      16.9369422      16.3333333               0
  715      18.7955378      19.6666667               0
  716        15.48064              13               0
  717              19              20               0
  718      14.0449246      8.33333333               0
  719      14.7610133              11               0
  720      18.1469209      18.6666667               0
  721      18.5381013      19.3333333               0
  722      16.6869422              16               0
  723      13.0833333             2.5               0
  724           18.22              19               0
  725      14.7273655      11.3333333               0
  726      15.6957956              14               0
  727       16.420192      15.6666667               0
  728      14.0954184      9.16666667               0
  729      17.2293022      17.3333333               0
  730      15.4044444      13.3333333               0
  731      17.5825956              18               0
  732      15.9373645      14.6666667               0
  733           18.75              20               0
  734           14.25              10               0
  735      16.7977778      16.6666667               0
  736      18.2619644      19.3333333               0
  737      15.0567215      12.6666667               0
  738      16.1360622      15.3333333               0
  739      17.8406756      18.6666667               0
  740      14.6895748      11.6666667               0
  741      15.3261156      13.6666667               0
  742           13.75            8.75               0
  743      16.2977778              16               0
  744            18.5              20               0
  745      15.8333333              15               0
  746      18.2718898      19.6666667               0
  747      14.6480178              12               0
  748        14.22216      10.6666667               0
  749      17.0730583      17.6666667               0
  750           17.25              18               0
  751      16.8756766      17.3333333               0
  752      17.4042524      18.3333333               0
  753      17.9843896      19.3333333               0
  754        16.65968              17               0
  755      13.3333333             7.5               0
  756      17.5333003      18.6666667               0
  757        15.24608              14               0
  758       15.510275      14.6666667               0
  759      16.4263512      16.6666667               0
  760      14.6030712      12.3333333               0
  761      14.9296982      13.3333333               0
  762           18.25              20               0
  763        17.63456              19               0
  764      13.4045816      8.33333333               0
  765      15.7293022      15.3333333               0
  766      16.1763512      16.3333333               0
  767        14.17768      11.3333333               0
  768      17.7056164      19.3333333               0
  769      14.5551116      12.6666667               0
  770      13.4866667      9.16666667               0
  771        15.90968              16               0
  772      16.9174044              18               0
  773      15.1647644      14.3333333               0
  774      13.6666667              10               0
  775      16.5228622      17.3333333               0
  776      17.2251718      18.6666667               0
  777              18              20               0
  778          12.445            3.75               0
  779      15.6256766      15.6666667               0
  780      17.7444993      19.6666667               0
  781      13.6606622      10.3333333               0
  782      13.0473937      7.91666667               0
  783      14.5045156              13               0
  784      16.0562414      16.6666667               0
  785            12.5               5               0
  786        14.11912              12               0
  787      15.0825956      14.6666667               0
  788      17.4258844      19.3333333               0
  789      13.6513023      10.6666667               0
  790      14.7944444              14               0
  791      15.3230583      15.3333333               0
  792           17.75              20               0
  793      16.5852356              18               0
  794      16.7624143      18.3333333               0
  795      13.2652949      9.58333333               0
  796      14.4516598      13.3333333               0
  797      16.3875378      17.6666667               0
  798      16.9166667      18.6666667               0
  799      13.6388267              11               0
  800      15.5228622              16               0
  801      16.1712646      17.3333333               0
  802        17.04528              19               0
  803      15.9377778              17               0
  804              15              15               0
  805      12.6666667             7.5               0
  806       13.623475      11.3333333               0
  807        14.04904      12.6666667               0
  808      17.1454335      19.3333333               0
  809      14.3969209      13.6666667               0
  810      15.6877778      16.6666667               0
  811      12.7633333      8.33333333               0
  812            17.5              20               0
  813       13.605487      11.6666667               0
  814      17.2144356      19.6666667               0
  815      12.8789026      9.16666667               0
  816      15.4212646      16.3333333               0
  817        16.25392              18               0
  818      13.0833333              10               0
  819      16.6081615      18.6666667               0
  820      14.6542524      14.6666667               0
  821      14.9174044      15.3333333               0
  822      14.3406756              14               0
  823      15.8212894      17.3333333               0
  824           11.75             2.5               0
  825      11.6666667               0               0
  826      13.5851022              12               0
  827      15.1375378              16               0
  828      16.8645033      19.3333333               0
  829           17.25              20               0
  830           13.97      13.3333333               0
  831      12.0833333            6.25               0
  832      13.0773288      10.6666667               0
  833      13.5625604      12.3333333               0
  834      15.3212894      16.6666667               0
  835      14.2833003      14.3333333               0
  836      14.8352356      15.6666667               0
  837            12.5            8.75               0
  838      16.1222222      18.3333333               0
  839       16.300033      18.6666667               0
  840      15.9238844              18               0
  841        16.45472              19               0
  842      15.7071056      17.6666667               0
  843              17              20               0
  844      13.5381013      12.6666667               0
  845      16.5833333      19.3333333               0
  846      15.4733422      17.3333333               0
  847      13.0643739      11.3333333               0
  848      14.5124143      15.3333333               0
  849      14.2251718      14.6666667               0
  850      16.6827678      19.6666667               0
  851        14.75392              16               0
  852      15.2233422              17               0
  853              12             7.5               0
  854        13.88456              14               0
  855      13.5119644              13               0
  856      12.1210974      8.33333333               0
  857      15.9926578      18.6666667               0
  858           16.75              20               0
  859      14.9571056      16.6666667               0
  860            12.5              10               0
  861            11.5               5               0
  862      12.2722085      9.16666667               0
  863      15.5955556              18               0
  864      14.1666667              15               0
  865      16.3021634      19.3333333               0
  866      13.0455378              12               0
  867      13.4843896      13.3333333               0
  868            12.5      10.3333333               0
  869      14.6738844      16.3333333               0
  870      15.1278286      17.3333333               0
  871          11.055            1.25               0
  872            12.5      10.6666667               0
  873            16.5              20               0
  874      13.4556164      13.6666667               0
  875      14.1081615      15.3333333               0
  876      14.3722222              16               0
  877      15.6864124      18.6666667               0
  878        13.79528      14.6666667               0
  879        15.86544              19               0
  880      11.7347051      7.91666667               0
  881            12.5              11               0
  882      15.4869684      18.3333333               0
  883      13.0218898      12.6666667               0
  884      16.0212331      19.3333333               0
  885      12.0833333      9.58333333               0
  886        15.26936              18               0
  887      14.5955556      16.6666667               0
  888      16.1505655      19.6666667               0
  889      13.4258844              14               0
  890      15.0351541      17.6666667               0
  891            12.5      11.3333333               0
  892       14.050033      15.6666667               0
  893           16.25              20               0
  894      14.7851541      17.3333333               0
  895            12.5      11.6666667               0
  896      12.0833333      10.2652949               0
  897      13.3954335      14.3333333               0
  898      15.3816735      18.6666667               0
  899      12.9944993      13.3333333               0
  900      15.7407822      19.3333333               0
  901        14.51936              17               0
  902            12.5              12               0
  903      11.3333333             7.5               0
  904        13.70472      15.3333333               0
  905      13.9926578              16               0
  906      14.9457244              18               0
  907      11.4777915      8.33333333               0
  908      11.6666667      9.16666667               0
  909              16              20               0
  910      14.2369684      16.6666667               0
  911      13.3645033      14.6666667               0
  912      12.0833333      10.9526063               0
  913            12.5      12.3333333               0
  914      11.6666667       9.5222085               0
  915      14.4457244      17.3333333               0
  916           15.28              19               0
  917            12.5      12.6666667               0
  918      15.4610503      19.3333333               0
  919      11.6666667      9.87890261               0
  920      13.9364124      16.3333333               0
  921      12.9644356              14               0
  922      15.0788178      18.6666667               0
  923      15.6188978      19.6666667               0
  924      13.3333333              15               0
  925      14.8599451      18.3333333               0
  926           15.75              20               0
  927      10.4166667             2.5               0
  928      12.0833333      11.6444444               0
  929      11.6666667      10.2366667               0
  930            12.5              13               0
  931      14.6250756              18               0
  932           11.25            8.75               0
  933        13.61544              16               0
  934      14.3750756      17.6666667               0
  935      11.6666667      10.5954184               0
  936      13.3021634      15.3333333               0
  937      13.8816735      16.6666667               0
  938            12.5      13.3333333               0
  939            10.5               5               0
  940      15.1822771      19.3333333               0
  941      14.1099451      17.3333333               0
  942      14.7782218      18.6666667               0
  943      12.9327678      14.6666667               0
  944      11.6666667      10.9550754               0
  945      12.0833333      12.3399863               0
  946            15.5              20               0
  947           11.25             9.5               0
  948            12.5      13.6666667               0
  949      13.2712331      15.6666667               0
  950      13.8288178              17               0
  951      11.6666667      11.3155556               0
  952        14.30784              18               0
  953              10               0               0
  954            12.5              14               0
  955      10.6666667             7.5               0
  956      10.1327778            3.75               0
  957      10.8333333      8.33333333               0
  958      14.9047022      19.3333333               0
  959       15.088834      19.6666667               0
  960      11.6666667      11.6767764               0
  961      10.4166667            6.25               0
  962           11.25           10.25               0
  963        14.70096              19               0
  964      13.2407822              16               0
  965           15.25              20               0
  966      12.0833333      13.0384088               0
  967           13.53      16.6666667               0
  968      14.4802622      18.6666667               0
  969      10.8333333       8.7277915               0
  970      12.9005655      15.3333333               0
  971            12.5      14.3333333               0
  972      13.7782218      17.3333333               0
  973      11.6666667      12.0386557               0
  974      14.2444444      18.3333333               0
  975      10.8333333      9.12109739               0
  976      13.2110503      16.3333333               0
  977      13.9944444              18               0
  978            12.5      14.6666667               0
  979           11.25              11               0
  980      11.6666667      12.4011111               0
  981      10.8333333      9.51333333               0
  982      14.6285654      19.3333333               0
  983              15              20               0
  984      12.0833333      13.7388889               0
  985      13.7302622      17.6666667               0
  986      10.4166667      7.91666667               0
  987      14.1853156      18.6666667               0
  988            12.5              15               0
  989      10.8333333      9.90458162               0
  990      11.6666667      12.7640604               0
  991      13.1822771      16.6666667               0
  992      12.8688978              16               0
  993        13.45096      17.3333333               0
  994           11.25           11.75               0
  995      10.8333333      10.2949246               0
  996            12.5      15.3333333               0
  997      11.6666667      13.1274211               0
  998           14.75              20               0
  999      14.5614435      19.6666667               0
 1000      13.6853156              18               0
 1001      10.4166667      8.73470508               0
 1002      14.3541062      19.3333333               0
 1003      12.0833333      14.4406036               0
 1004      13.1547022              17               0
 1005        14.13088              19               0
 1006      10.8333333      10.6844444               0
 1007      11.6666667      13.4911111               0
 1008            12.5      15.6666667               0
 1009      13.8937586      18.6666667               0
 1010              10             7.5               0
 1011      10.8333333      11.0732236               0
 1012           11.25            12.5               0
 1013      13.6437586      18.3333333               0
 1014      10.4166667      9.54739369               0
 1015       12.838834      16.6666667               0
 1016      13.1285654      17.3333333               0
 1017            14.5              20               0
 1018      11.6666667       13.855048               0
 1019            12.5              16               0
 1020              10      7.91666667               0
 1021      14.0815644      19.3333333               0
 1022        13.38088              18               0
 1023             9.5               5               0
 1024      10.8333333      11.4613443               0
 1025      12.0833333      15.1427298               0
 1026              10      8.33333333               0
 1027      11.6666667      14.2191495               0
 1028      13.6059678      18.6666667               0
 1029            12.5      16.3333333               0
 1030      13.1041062      17.6666667               0
 1031      10.4166667      10.3555556               0
 1032      10.8333333      11.8488889               0
 1033              10            8.75               0
 1034           11.25           13.25               0
 1035           14.25              20               0
 1036      14.0377956      19.6666667               0
 1037      9.08333333             2.5               0
 1038      11.6666667      14.5833333               0
 1039      13.8111797      19.3333333               0
 1040      12.8114435      17.3333333               0
 1041      10.8333333      12.2359396               0
 1042              10      9.16666667               0
 1043            12.5      16.6666667               0
 1044      13.0815644              18               0
 1045        13.57232              19               0
 1046      12.0833333      15.8444444               0
 1047      10.4166667      11.1600137               0
 1048              10      9.58333333               0
 1049      11.6666667      14.9475171               0
 1050      10.8333333      12.6225789               0
 1051        13.32232      18.6666667               0
 1052            12.5              17               0
 1053              14              20               0
 1054           11.25              14               0
 1055              10              10               0
 1056      13.0611797      18.3333333               0
 1057      13.5431917      19.3333333               0
 1058      10.8333333      13.0088889               0
 1059      11.6666667      15.3116187               0
 1060            12.5      17.3333333               0
 1061              10      10.4166667               0
 1062      12.7877956              18               0
 1063      10.4166667      11.9615912               0
 1064      12.0833333      16.5449246               0
 1065      10.8333333       13.394952               0
 1066           13.75              20               0
 1067      13.0431917      18.6666667               0
 1068      11.6666667      15.6755556               0
 1069              10      10.8333333               0
 1070      13.5189595      19.6666667               0
 1071            12.5      17.6666667               0
 1072           11.25           14.75               0
 1073        13.27784      19.3333333               0
 1074      10.8333333      13.7808505               0
 1075              10           11.25               0
 1076      11.6666667      16.0392455               0
 1077        13.02784              19               0
 1078      10.4166667      12.7611111               0
 1079            12.5              18               0
 1080            13.5              20               0
 1081      12.7689595      18.6666667               0
 1082      10.8333333      14.1666667               0
 1083      12.0833333      17.2433471               0
 1084      8.33333333               0               0
 1085              10      11.6666667               0
 1086      11.6666667      16.4026063               0
 1087            8.75            6.25               0
 1088      13.0153644      19.3333333               0
 1089           11.25            15.5               0
 1090            12.5      18.3333333               0
 1091      10.8333333      14.5524829               0
 1092              10      12.0833333               0
 1093             8.5               5               0
 1094      11.6666667      16.7655556               0
 1095           13.25              20               0
 1096      10.4166667      13.5593964               0
 1097            8.75      7.16666667               0
 1098            12.5      18.6666667               0
 1099      13.0060045      19.6666667               0
 1100              10            12.5               0
 1101      10.8333333      14.9383813               0
 1102      12.0833333      17.9388889               0
 1103      12.7560045      19.3333333               0
 1104      8.03388889            1.25               0
 1105      11.6666667       17.128011               0
 1106           11.25           16.25               0
 1107              10      12.9166667               0
 1108            8.75      8.08333333               0
 1109            12.5              19               0
 1110      10.8333333      15.3244444               0
 1111              13              20               0
 1112      10.4166667      14.3572702               0
 1113      11.6666667      17.4898903               0
 1114              10      13.3333333               0
 1115            12.5      19.3333333               0
 1116      10.8333333      15.7107545               0
 1117            8.75               9               0
 1118      12.0833333       18.630727               0
 1119           12.75              20               0
 1120      11.6666667      17.8511111               0
 1121              10           13.75               0
 1122      7.85722222            3.75               0
 1123           11.25              17               0
 1124            7.75             2.5               0
 1125            12.5      19.6666667               0
 1126      10.8333333      16.0973937               0
 1127      10.4166667      15.1555556               0
 1128            8.75      9.91666667               0
 1129              10      14.1666667               0
 1130      11.6666667      18.2115912               0
 1131      10.8333333      16.4844444               0
 1132            12.5              20               0
 1133      12.0833333      19.3180384               0
 1134              10      14.5833333               0
 1135      11.6666667      18.5712483               0
 1136           11.25           17.75               0
 1137      10.8333333       16.871989               0
 1138            8.75      10.8333333               0
 1139      10.4166667      15.9550754               0
 1140              10              15               0
 1141      11.6666667           18.93               0
 1142             7.5               5               0
 1143      10.8333333      17.2601097               0
 1144             7.5             5.5               0
 1145              10      15.4166667               0
 1146      12.0833333              20               0
 1147            8.75           11.75               0
 1148      11.6666667      19.2877641               0
 1149             7.5               6               0
 1150           11.25            18.5               0
 1151      10.8333333      17.6488889               0
 1152      10.4166667      16.7566529               0
 1153             7.5             6.5               0
 1154              10      15.8333333               0
 1155             7.5               7               0
 1156      11.6666667      19.6444582               0
 1157      10.8333333      18.0384088               0
 1158            8.75      12.6666667               0
 1159             7.5             7.5               0
 1160              10           16.25               0
 1161      11.6666667              20               0
 1162             7.5               8               0
 1163           11.25           19.25               0
 1164      10.8333333      18.4287517               0
 1165      10.4166667      17.5611111               0
 1166              10      16.6666667               0
 1167      6.66666667               0               0
 1168             7.5             8.5               0
 1169            8.75      13.5833333               0
 1170             7.5               9               0
 1171      10.8333333           18.82               0
 1172              10      17.0833333               0
 1173             7.5             9.5               0
 1174           11.25              20               0
 1175      10.8333333      19.2122359               0
 1176      10.4166667       18.369273               0
 1177      6.41666667             2.5               0
 1178             7.5              10               0
 1179              10            17.5               0
 1180            8.75            14.5               0
 1181             7.5            10.5               0
 1182      10.8333333      19.6055418               0
 1183              10      17.9166667               0
 1184             7.5              11               0
 1185      10.8333333              20               0
 1186      10.4166667      19.1819616               0
 1187              10      18.3333333               0
 1188             7.5            11.5               0
 1189            8.75      15.4166667               0
 1190             7.5              12               0
 1191              10           18.75               0
 1192             7.5            12.5               0
 1193      10.4166667              20               0
 1194              10      19.1666667               0
 1195            8.75      16.3333333               0
 1196             7.5              13               0
 1197           5.625            3.75               0
 1198              10      19.5833333               0
 1199             7.5            13.5               0
 1200           5.625      4.80805556               0
 1201            8.75           17.25               0
 1202              10              20               0
 1203             7.5              14               0
 1204           5.625      5.87694444               0
 1205             7.5            14.5               0
 1206           5.625           6.955               0
 1207      5.08333333             2.5               0
 1208               5               0               0
 1209      4.97611111            1.25               0
 1210             7.5              15               0
 1211            8.75      18.1666667               0
 1212           5.625      8.04055556               0
 1213             7.5            15.5               0
 1214           5.625      9.13194444               0
 1215             7.5              16               0
 1216            8.75      19.0833333               0
 1217           5.625         10.2275               0
 1218             7.5            16.5               0
 1219             7.5              17               0
 1220           5.625      11.3255556               0
 1221            8.75              20               0
 1222             7.5            17.5               0
 1223           5.625      12.4244444               0
 1224             7.5              18               0
 1225            3.75             2.5               0
 1226             7.5            18.5               0
 1227            3.75      3.08333333               0
 1228           5.625         13.5225               0
 1229            3.75      3.66666667               0
 1230            3.75            4.25               0
 1231            3.75      4.83333333               0
 1232             7.5              19               0
 1233            3.75      5.41666667               0
 1234            3.75               6               0
 1235      3.33333333               0               0
 1236            3.75      6.58333333               0
 1237           5.625      14.6180556               0
 1238             7.5            19.5               0
 1239            3.75      7.16666667               0
 1240            3.75            7.75               0
 1241             7.5              20               0
 1242            3.75      8.33333333               0
 1243           5.625      15.7094444               0
 1244            3.75      8.91666667               0
 1245            3.75             9.5               0
 1246            3.75      10.0833333               0
 1247           5.625          16.795               0
 1248            3.75      10.6666667               0
 1249            3.75           11.25               0
 1250            3.75      11.8333333               0
 1251           5.625      17.8730556               0
 1252            3.75      12.4166667               0
 1253            3.75              13               0
 1254           1.875            1.25               0
 1255           1.875      2.52527778               0
 1256            3.75      13.5833333               0
 1257           5.625      18.9419444               0
 1258           1.875      3.78972222               0
 1259      1.66666667               0               0
 1260            3.75      14.1666667               0
 1261           1.875           5.045               0
 1262           1.875      6.29277778               0
 1263            3.75           14.75               0
 1264           5.625              20               0
 1265           1.875      7.53472222               0
 1266            3.75      15.3333333               0
 1267            3.75      15.9166667               0
 1268           1.875          8.7725               0
 1269            3.75            16.5               0
 1270           1.875      10.0077778               0
 1271            3.75      17.0833333               0
 1272           1.875      11.2422222               0
 1273            3.75      17.6666667               0
 1274           1.875         12.4775               0
 1275            3.75           18.25               0
 1276            3.75      18.8333333               0
 1277               0               0               0
 1278               0     0.666666667               0
 1279               0      1.33333333               0
 1280               0               2               0
 1281           1.875      13.7152778               0
 1282               0      2.66666667               0
 1283               0      3.33333333               0
 1284               0               4               0
 1285            3.75      19.4166667               0
 1286               0      4.66666667               0
 1287               0      5.33333333               0
 1288               0               6               0
 1289            3.75              20               0
 1290           1.875      14.9572222               0
 1291               0      6.66666667               0
 1292               0      7.33333333               0
 1293               0               8               0
 1294               0      8.66666667               0
 1295           1.875          16.205               0
 1296               0      9.33333333               0
 1297               0              10               0
 1298               0      10.6666667               0
 1299           1.875      17.4602778               0
 1300               0      11.3333333               0
 1301               0              12               0
 1302               0      12.6666667               0
 1303           1.875      18.7247222               0
 1304               0      13.3333333               0
 1305               0              14               0
 1306               0      14.6666667               0
 1307           1.875              20               0
 1308               0      15.3333333               0
 1309               0              16               0
 1310               0      16.6666667               0
 1311               0      17.3333333               0
 1312               0              18               0
 1313               0      18.6666667               0
 1314               0      19.3333333               0
 1315               0              20               0