   1              50               0               0
    2              50             2.5               0
    3          46.875               0               0
    4              50               5               0
    5           43.75               0               0
    6           43.75             2.5               0
    7              50             7.5               0
    8           43.75            6.25               0
    9          40.625               0               0
   10              50              10               0
   11           38.75             2.5               0
   12           43.75              10               0
   13            37.5               0               0
   14            37.5               5               0
   15            37.5            6.25               0
   16            37.5             7.5               0
   17          35.625               5               0
   18            37.5            8.75               0
   19          34.375               0               0
   20            37.5              10               0
   21           33.75             2.5               0
   22           33.75               5               0
   23           33.75            6.25               0
   24           33.75           8.125               0
   25           31.25               0               0
   26          31.875               5               0
   27           33.75              10               0
   28          30.625            6.25               0
   29              30               5               0
   30              30             7.5               0
   31           28.75             2.5               0
   32              30           8.125               0
   33              30            8.75               0
   34          28.125               0               0
   35              30           9.375               0
   36              30              10               0
   37          28.125               5               0
   38      29.2861816            8.75               0
   39      29.8223632              10               0
   40           28.75             7.5               0
   41      29.8317279      10.1682721               0
   42      29.6447264              10               0
   43      29.3057435           9.375               0
   44      29.6634559      10.3365441               0
   45      29.4789962      10.1682721               0
   46      29.3782712              10               0
   47      29.4850443      10.3365441               0
   48      29.3102102      10.3365441               0
   49      28.5723632            8.75               0
   50       29.111816              10               0
   51      29.3584627      10.6415373               0
   52            27.5            6.25               0
   53      29.0496253      10.3365441               0
   54      28.9543507      10.1682721               0
   55      28.4538241           9.375               0
   56      28.7121332              10               0
   57      28.9968418      10.6415373               0
   58      28.7912798      10.3365441               0
   59      27.8389829           8.125               0
   60      29.0534696      10.9465304               0
   61            27.5             7.5               0
   62      28.8598469      10.9465304               0
   63      27.8141356            8.75               0
   64      28.3124504              10               0
   65      28.4022044      10.3365441               0
   66       28.674418      10.9465304               0
   67      28.4820582      10.6415373               0
   68      28.1673491      10.1682721               0
   69      28.4127571      10.9465304               0
   70           26.25               5               0
   71      28.0147368      10.3365441               0
   72      28.5578558      11.4421442               0
   73      27.7129262              10               0
   74       28.156225      10.9465304               0
   75      27.3689431           9.375               0
   76       27.055908            8.75               0
   77      28.1327989      11.4421442               0
   78      27.7198301      10.6415373               0
   79      27.7776041      10.9465304               0
   80      27.4309108      10.3365441               0
   81           26.25             7.5               0
   82       28.062242       11.937758               0
   83      27.1134021              10               0
   84              25               0               0
   85      27.4026656      10.9465304               0
   86      27.5943122      11.4421442               0
   87      26.9852635      10.1682721               0
   88      27.8113087       11.937758               0
   89      26.2310666            8.75               0
   90      26.8483925      10.3365441               0
   91      27.5716605       11.937758               0
   92      26.8417417      10.9465304               0
   93       25.657992           8.125               0
   94      27.2805943       11.937758               0
   95      26.5790415      10.6415373               0
   96      26.2141158              10               0
   97      25.9379231           9.375               0
   98      26.8438156      11.4421442               0
   99      26.9965918       11.937758               0
  100      27.3497971      12.6502029               0
  101              25             7.5               0
  102      25.4062252            8.75               0
  103          24.375               5               0
  104       26.283813      10.9465304               0
  105      25.9718676      10.3365441               0
  106      26.6142537       11.937758               0
  107           23.75             2.5               0
  108          24.375            6.25               0
  109      26.7362852      12.6502029               0
  110      26.2369873       11.937758               0
  111      25.3148295              10               0
  112      25.2102103      10.1682721               0
  113      25.7535417      11.4421442               0
  114      25.4463925      10.9465304               0
  115      26.6373522      13.3626478               0
  116       25.096358      10.3365441               0
  117      24.4814631            8.75               0
  118      26.0846489      12.6502029               0
  119       25.700176       11.937758               0
  120      26.2515012      13.3626478               0
  121      24.8675084      10.6415373               0
  122           23.75             7.5               0
  123      25.1674897       11.937758               0
  124      25.8742706      13.3626478               0
  125      23.9912111           9.375               0
  126      24.6112974      10.9465304               0
  127      25.2940328      12.6502029               0
  128      23.4435073           8.125               0
  129       23.556701            8.75               0
  130      23.9659001              10               0
  131      25.4963559      13.3626478               0
  132            22.5               5               0
  133          21.875               0               0
  134      25.7467961      14.2532039               0
  135      23.7802614      10.3365441               0
  136       25.123837      13.3626478               0
  137      24.3885373       11.937758               0
  138      24.1415323      11.4421442               0
  139            22.5             7.5               0
  140       24.702781      13.3626478               0
  141      24.2429133      12.6502029               0
  142      23.3566032      10.9465304               0
  143      22.4820579            8.75               0
  144      23.6127878       11.937758               0
  145      24.7715952      14.2532039               0
  146      24.2855992      13.3626478               0
  147      22.6169707              10               0
  148      22.5449736      10.1682721               0
  149      24.8562401      15.1437599               0
  150      22.4641373      10.3365441               0
  151           21.25            6.25               0
  152      23.7623288      13.3626478               0
  153      22.2960887      10.6415373               0
  154           21.25             7.5               0
  155      23.8766726      14.2532039               0
  156          20.625               5               0
  157      24.2563891      15.1437599               0
  158      21.4074148            8.75               0
  159      23.2422094      13.3626478               0
  160       21.175479           8.125               0
  161      22.1018459      10.9465304               0
  162      22.4623405       11.937758               0
  163      22.7658815      12.6502029               0
  164      21.2759981           9.375               0
  165      23.6556911      15.1437599               0
  166      21.7350578      11.4421442               0
  167      22.5391225      13.3626478               0
  168       22.963222      14.2532039               0
  169      23.9100242      16.0899758               0
  170      23.1307311      15.1437599               0
  171              20             7.5               0
  172      20.5935765              10               0
  173      21.3118062       11.937758               0
  174        20.10795            8.75               0
  175      21.8384822      13.3626478               0
  176           18.75               0               0
  177      20.4852255      10.3365441               0
  178      22.6052408      15.1437599               0
  179           18.75             2.5               0
  180      21.9194384      14.2532039               0
  181           18.75               5               0
  182      20.2122983      10.9465304               0
  183      22.1069753      15.1437599               0
  184      22.4731934      16.0899758               0
  185      22.9638084      17.0361916               0
  186      20.6202503      12.6502029               0
  187      20.8450918      13.3626478               0
  188           18.75             7.5               0
  189       21.608329      15.1437599               0
  190      18.8236184           8.125               0
  191      18.8084853            8.75               0
  192          18.125            6.25               0
  193      21.0837512      15.1437599               0
  194      22.1431586      17.0361916               0
  195      20.6032195      14.2532039               0
  196      19.5881069       11.937758               0
  197      21.2601237      16.0899758               0
  198       19.851635      13.3626478               0
  199      18.5701824              10               0
  200      18.5393929      10.1682721               0
  201      20.5588638      15.1437599               0
  202      22.1227276      17.8772724               0
  203      18.5018191      10.3365441               0
  204        18.41719      10.6415373               0
  205            17.5             7.5               0
  206      21.3124923      17.0361916               0
  207          16.875               5               0
  208      18.3124565      10.9465304               0
  209      19.9435448      15.1437599               0
  210      20.1764988      16.0899758               0
  211      18.1030114      11.4421442               0
  212      17.4184702           9.375               0
  213      20.6368768      17.0361916               0
  214      17.1717883            8.75               0
  215      19.3279854      15.1437599               0
  216      21.2816469      18.7183531               0
  217      18.8180947      14.2532039               0
  218      17.8502298       11.937758               0
  219      18.3995973      13.3626478               0
  220          15.625               0               0
  221      19.9549917      17.0361916               0
  222           16.25             7.5               0
  223      16.3409726           8.125               0
  224      20.3143531      17.8772724               0
  225       19.122256      16.0899758               0
  226      18.5371335      15.1437599               0
  227      17.4230517      12.6502029               0
  228      19.3788687      17.0361916               0
  229      20.3265618      18.7183531               0
  230      20.6408234      19.3591766               0
  231              15               5               0
  232       18.798244      17.0361916               0
  233              15            6.25               0
  234      15.5350912            8.75               0
  235      17.7462881      15.1437599               0
  236      16.9367295      13.3626478               0
  237              15             7.5               0
  238      17.9825681      16.0899758               0
  239      15.5350912              10               0
  240      19.3616759      18.7183531               0
  241      18.8565029      17.8772724               0
  242      15.5119577      10.3365441               0
  243       18.274921      17.0361916               0
  244              20              20               0
  245      15.4315318      10.9465304               0
  246           13.75             2.5               0
  247      17.7479365      17.0361916               0
  248      18.6046114      18.7183531               0
  249      16.2729742      14.2532039               0
  250      16.6625364      15.1437599               0
  251      15.2099647       11.937758               0
  252      18.6745527      19.3591766               0
  253      19.0137061              20               0
  254      17.2268952      17.0361916               0
  255      17.6557044      17.8772724               0
  256           13.75             7.5               0
  257      16.6166066      16.0899758               0
  258      17.8414123      18.7183531               0
  259          13.125               5               0
  260      13.6517122           8.125               0
  261       16.703011      17.0361916               0
  262            12.5               0               0
  263      15.5798489      15.1437599               0
  264      13.3925456            8.75               0
  265      14.7449857      13.3626478               0
  266      18.0274123              20               0
  267      17.2353631      18.7183531               0
  268      16.6223237      17.8772724               0
  269      16.1264548      17.0361916               0
  270      17.1390513      19.3591766               0
  271            12.5             7.5               0
  272      16.6249091      18.7183531               0
  273      17.2687247              20               0
  274      15.5499758      17.0361916               0
  275          11.875            6.25               0
  276      14.8503976      16.0899758               0
  277      16.1275596      18.7183531               0
  278      15.6671367      17.8772724               0
  279            12.5              10               0
  280            12.5      10.1682721               0
  281            12.5      10.3365441               0
  282            12.5      10.6415373               0
  283      16.5100371              20               0
  284      14.0373085      15.1437599               0
  285      14.8533651      17.0361916               0
  286            12.5      10.9465304               0
  287           11.25               5               0
  288      15.6266276      18.7183531               0
  289       15.934729      19.3591766               0
  290            12.5      11.4421442               0
  291          11.875           9.375               0
  292          11.875       9.7254689               0
  293            12.5       11.937758               0
  294           11.25             7.5               0
  295          11.875      10.3644062               0
  296      15.9264313              20               0
  297      15.1990191      18.7183531               0
  298      14.6990391      17.8772724               0
  299            12.5      12.6502029               0
  300      14.1693385      17.0361916               0
  301           11.25            8.75               0
  302           11.25      8.93930608               0
  303          11.875      11.4114427               0
  304            12.5      13.3626478               0
  305           11.25      9.12861215               0
  306           11.25      9.47172941               0
  307      14.7686289      18.7183531               0
  308           11.25      9.81484668               0
  309      15.3428254              20               0
  310      14.9786695      19.3591766               0
  311           11.25      10.3724122               0
  312            12.5      14.2532039               0
  313          10.625           8.125               0
  314      14.3740814      18.7183531               0
  315          11.875      12.9306832               0
  316           11.25      10.9299778               0
  317          10.625      8.53175541               0
  318      14.8938979              20               0
  319            12.5      15.1437599               0
  320          10.625       9.2652872               0
  321       13.303737      17.0361916               0
  322           11.25      11.7314783               0
  323      13.6385392      17.8772724               0
  324      13.9796094      18.7183531               0
  325           9.375               0               0
  326              10             7.5               0
  327      14.2010653      19.3591766               0
  328           11.25      12.5329787               0
  329              10      7.71034008               0
  330          10.625      10.4485128               0
  331              10      7.92068017               0
  332      14.4449703              20               0
  333            12.5      16.0899758               0
  334              10      8.30192157               0
  335          11.875      14.8419282               0
  336           9.375               5               0
  337              10      8.68316297               0
  338      13.5879847      18.7183531               0
  339           11.25      13.5348543               0
  340              10      9.30268025               0
  341      14.0996414              20               0
  342            12.5      17.0361916               0
  343          10.625      12.1352743               0
  344              10      9.92219753               0
  345      13.5434946      19.3591766               0
  346       13.208673      18.7183531               0
  347            8.75             2.5               0
  348           11.25      14.5367299               0
  349      13.7543125              20               0
  350              10      10.8127536               0
  351            12.5      17.8772724               0
  352      12.8240703      18.7183531               0
  353      13.4886749              20               0
  354              10      11.7033097               0
  355          11.875       16.870858               0
  356            8.75            6.25               0
  357           11.25      15.6012228               0
  358      12.9671343      19.3591766               0
  359            8.75      6.71274819               0
  360      13.2230373              20               0
  361          10.625      14.2315316               0
  362            12.5      18.7183531               0
  363            8.75      7.55147927               0
  364              10      12.8165048               0
  365      13.0187007              20               0
  366           11.25      16.6657156               0
  367            12.5      19.3591766               0
  368            8.75      8.91441729               0
  369       12.814364              20               0
  370              10      13.9296999               0
  371       12.657182              20               0
  372          11.875       18.657726               0
  373            12.5              20               0
  374           11.25      17.6119314               0
  375            8.75      10.8736407               0
  376          10.625      16.4605732               0
  377              10      15.1124697               0
  378             7.5               5               0
  379             7.5       5.2524081               0
  380             7.5       5.5048162               0
  381             7.5      5.96230589               0
  382           11.25      18.5581473               0
  383             7.5      6.41979557               0
  384          11.875              20               0
  385             7.5       7.1632163               0
  386              10      16.2952395               0
  387             7.5      7.90663704               0
  388           11.25      19.2790736               0
  389            8.75      13.3226699               0
  390             7.5      8.97530435               0
  391          10.625      18.4585686               0
  392              10      17.3465905               0
  393           11.25              20               0
  394             7.5      10.0439717               0
  395            6.25               0               0
  396             7.5      11.3798058               0
  397              10      18.3979414               0
  398          10.625              20               0
  399            8.75      15.9247635               0
  400             7.5      12.7156399               0
  401              10      19.1989707               0
  402              10              20               0
  403             7.5      14.1349637               0
  404            8.75      18.2377356               0
  405             7.5      15.5542875               0
  406             7.5      16.8159086               0
  407            8.75              20               0
  408             7.5      18.0775297               0
  409            3.75             2.5               0
  410            3.75      3.08895224               0
  411            3.75      4.15642816               0
  412             7.5      19.0387649               0
  413            3.75      5.89107655               0
  414           3.125               0               0
  415             7.5              20               0
  416            3.75       8.3846336               0
  417            3.75      11.5015799               0
  418            3.75      14.8133354               0
  419            3.75       17.757118               0
  420               0               0               0
  421               0     0.336544135               0
  422               0      0.67308827               0
  423               0      1.28307451               0
  424               0      1.89306076               0
  425               0      2.88428841               0
  426               0      3.87551605               0
  427               0       5.3004058               0
  428            3.75              20               0
  429               0      6.72529554               0
  430               0      8.50640772               0
  431               0      10.2875199               0
  432               0      12.1799516               0
  433               0      14.0723833               0
  434               0      15.7545448               0
  435               0      17.4367063               0
  436               0      18.7183531               0
  437               0              20               0