# vtk DataFile Version 3.0
File generated from DClib
ASCII

DATASET UNSTRUCTURED_GRID
POINTS 922 float
50 0 0 
50 1.66667 0 
47.9167 0 0 
50 3.33333 0 
45.8333 0 0 
50 5 0 
43.75 0 0 
50 6.66667 0 
43 2 0 
41.6667 0 0 
50 8.33333 0 
43 4.66667 0 
50 10 0 
43 7.33333 0 
39.7917 2 0 
39.5833 0 0 
43 10 0 
37.5 0 0 
36.5833 2 0 
36 4 0 
35.4167 0 0 
36 5 0 
36 6 0 
34.875 4 0 
36 7 0 
36 8 0 
36 9 0 
33.3333 0 0 
33.75 4 0 
33.375 2 0 
36 10 0 
32.625 4 0 
33 6 0 
33 7.38776 0 
31.25 0 0 
31.5 4 0 
33 8.72989 0 
31.25 6 0 
33 10 0 
30.1667 2 0 
30.375 4 0 
29.1667 0 0 
29.25 4 0 
29.5 6 0 
30 8 0 
30 8.38776 0 
30 8.77551 0 
30 9.11765 0 
29.375 8 0 
30 9.45978 0 
28.125 4 0 
30 9.72989 0 
29.5436 8.77551 0 
29.7872 9.45978 0 
30 10 0 
29.9616 10.0384 0 
29.9232 10.0768 0 
29.8781 10 0 
29.7038 9.72989 0 
29.5732 9.45978 0 
29.8635 10.1365 0 
29.8013 10.0768 0 
29.7562 10 0 
29.3407 9.11765 0 
29.8038 10.1962 0 
29.7179 10.0384 0 
29.0879 8.77551 0 
29.6796 10.0768 0 
28.75 8 0 
29.5896 10 0 
29.682 10.1962 0 
29.3212 9.45978 0 
29.7137 10.2863 0 
28.8513 8.38776 0 
29.62 10.1365 0 
29.5133 10.0768 0 
29.5605 10.1962 0 
29.318 9.72989 0 
29.6237 10.3763 0 
29.423 10 0 
27.0833 0 0 
29.3851 10.0384 0 
29.4708 10.2863 0 
29.0681 9.45978 0 
29.5022 10.3763 0 
29.3471 10.0768 0 
29.3947 10.1962 0 
29.4922 10.5078 0 
27.75 6 0 
29.2882 10.1365 0 
29.2009 10 0 
29.3811 10.3763 0 
28.6181 8.77551 0 
26.9583 2 0 
29.2293 10.1962 0 
29.1257 10.0768 0 
29.3606 10.6394 0 
29.2162 10.3763 0 
28.6273 9.11765 0 
28.7679 9.45978 0 
29.1405 10.2863 0 
29.25 10.5078 0 
28.9787 10 0 
28.125 8 0 
28.8217 9.72989 0 
29.2395 10.6394 0 
28.9416 10.0384 0 
29.009 10.1962 0 
27 4 0 
29.0518 10.3763 0 
28.9045 10.0768 0 
29.119 10.6394 0 
28.8468 10.1365 0 
29.1744 10.8256 0 
28.4666 9.45978 0 
28.7892 10.1962 0 
28.69 10 0 
28.1489 8.77551 0 
28.9223 10.5078 0 
28.8333 10.3763 0 
28.9555 10.6394 0 
28.617 10.0768 0 
28.7024 10.2863 0 
28.9337 10.8256 0 
28.9882 11.0118 0 
28.7928 10.6394 0 
28.6156 10.3763 0 
28.5038 10.1962 0 
28.4012 10 0 
27.6992 8.38776 0 
28.8679 11.0118 0 
28.1088 9.45978 0 
28.3655 10.0384 0 
28.1935 9.72989 0 
27.5 8 0 
28.3298 10.0768 0 
28.5771 10.6394 0 
28.7485 11.0118 0 
28.489 10.5078 0 
27.8468 9.11765 0 
28.6098 10.8256 0 
28.2744 10.1365 0 
27.6621 8.77551 0 
28.3334 10.3763 0 
28.219 10.1962 0 
28.7333 11.2667 0 
28.5871 11.0118 0 
28.3626 10.6394 0 
28.0354 10 0 
28.1356 10.2863 0 
27.75 9.45978 0 
28.427 11.0118 0 
27.9662 10.0768 0 
28.0523 10.3763 0 
28.4949 11.2667 0 
28.184 10.8256 0 
28.0852 10.6394 0 
27.8587 10.1962 0 
28.2155 11.0118 0 
28.4783 11.5217 0 
27.9307 10.5078 0 
27.1759 8.77551 0 
25.875 4 0 
27.6697 10 0 
26.875 8 0 
27.6363 10.0384 0 
28.3594 11.5217 0 
27.6029 10.0768 0 
28.177 11.2667 0 
27.3262 9.45978 0 
27.4134 9.72989 0 
28.0057 11.0118 0 
27.6971 10.3763 0 
27.8094 10.6394 0 
28.2416 11.5217 0 
27.551 10.1365 0 
27.4992 10.1962 0 
26 6 0 
26.9863 9.11765 0 
28.0837 11.5217 0 
27.4211 10.2863 0 
27.7352 11.0118 0 
27.638 10.8256 0 
28.141 11.859 0 
27.2186 10 0 
27.9274 11.5217 0 
26.5417 8.38776 0 
27.3432 10.3763 0 
27.4616 10.6394 0 
26.6684 8.77551 0 
27.7621 11.2667 0 
26.9013 9.45978 0 
27.155 10.0768 0 
25 0 0 
26.25 8 0 
27.9066 11.859 0 
27.2294 10.5078 0 
27.467 11.0118 0 
27.7222 11.5217 0 
27.0563 10.1962 0 
27.1158 10.6394 0 
27.5191 11.5217 0 
26.7674 10 0 
26.9078 10.3763 0 
27.8036 12.1964 0 
26.7374 10.0384 0 
27.5976 11.859 0 
26.7074 10.0768 0 
27.1297 11.0118 0 
27.2334 11.2667 0 
26.1616 8.77551 0 
26.4044 9.45978 0 
27.6871 12.1964 0 
26.6608 10.1365 0 
26.9553 10.8256 0 
26.4658 9.72989 0 
27.2584 11.5217 0 
26.6142 10.1962 0 
27.5718 12.1964 0 
24.75 4 0 
26.544 10.2863 0 
26.6911 10.6394 0 
26.0333 9.11765 0 
25.625 8 0 
27.4193 12.1964 0 
26.7951 11.0118 0 
27.1983 11.859 0 
26.4737 10.3763 0 
27.0006 11.5217 0 
26.2261 10 0 
27.2684 12.1964 0 
26.3711 10.5078 0 
26.1706 10.0768 0 
25.9068 9.45978 0 
25.6301 8.77551 0 
27.3729 12.6271 0 
27.0723 12.1964 0 
26.5764 11.2667 0 
26.0842 10.1962 0 
26.2685 10.6394 0 
25.377 8.38776 0 
26.6777 11.5217 0 
26.3853 11.0118 0 
27.1446 12.6271 0 
26.8784 12.1964 0 
26.6935 11.859 0 
25.9539 10.3763 0 
26.1234 10.8256 0 
25 8 0 
25.6847 10 0 
26.3582 11.5217 0 
23.75 2 0 
25.6594 10.0384 0 
26.6314 12.1964 0 
25.634 10.0768 0 
26.8487 12.6271 0 
25.0992 8.77551 0 
25.3333 9.45978 0 
25.9784 11.0118 0 
25.5945 10.1365 0 
24.25 6 0 
25.7632 10.6394 0 
25.5549 10.1962 0 
26.9422 13.0578 0 
25.3422 9.72989 0 
25.4952 10.2863 0 
26.3874 12.1964 0 
26.8294 13.0578 0 
24.9782 9.11765 0 
25.968 11.5217 0 
25.4353 10.3763 0 
23.625 4 0 
26.7177 13.0578 0 
26.4709 12.6271 0 
26.0703 11.859 0 
25.7799 11.2667 0 
25.3477 10.5078 0 
26.5729 13.0578 0 
24.375 8 0 
26.0835 12.1964 0 
25.4927 11.0118 0 
25.0532 10 0 
24.5409 8.77551 0 
25.2597 10.6394 0 
26.4296 13.0578 0 
25.0081 10.0768 0 
24.7595 9.45978 0 
25.5816 11.5217 0 
24.9377 10.1962 0 
22.9167 0 0 
26.246 13.0578 0 
25.7833 12.1964 0 
25.1349 10.8256 0 
25.9977 12.6271 0 
24.2034 8.38776 0 
26.412 13.588 0 
24.831 10.3763 0 
26.0644 13.0578 0 
25.0097 11.0118 0 
25.3193 11.859 0 
26.1925 13.588 0 
25.1215 11.5217 0 
25.4183 12.1964 0 
23.75 8 0 
23.983 8.77551 0 
24.4216 10 0 
25.8356 13.0578 0 
24.6735 10.6394 0 
24.402 10.0384 0 
24.3824 10.0768 0 
24.1101 9.45978 0 
24.8375 11.2667 0 
24.3517 10.1365 0 
24.3209 10.1962 0 
25.4179 12.6271 0 
25.9145 13.588 0 
25.6093 13.0578 0 
24.2742 10.2863 0 
24.0443 9.72989 0 
23.8155 9.11765 0 
25.0573 12.1964 0 
24.2272 10.3763 0 
22.5 4 0 
24.4478 11.0118 0 
24.6646 11.5217 0 
24.158 10.5078 0 
25.3298 13.0578 0 
25.8819 14.1181 0 
25.5653 13.588 0 
24.0881 10.6394 0 
23.3961 8.77551 0 
25.7745 14.1181 0 
23.125 8 0 
23.7058 10 0 
25.6676 14.1181 0 
22.5 6 0 
24.6289 12.1964 0 
25.0535 13.0578 0 
23.9883 10.8256 0 
23.461 9.45978 0 
24.4349 11.859 0 
23.6731 10.0768 0 
25.5335 14.1181 0 
23.019 8.38776 0 
24.7229 12.6271 0 
23.6216 10.1962 0 
24.1341 11.5217 0 
25.1327 13.588 0 
23.8872 11.0118 0 
25.4 14.1181 0 
23.5426 10.3763 0 
24.7194 13.0578 0 
25.233 14.1181 0 
24.204 12.1964 0 
23.7472 11.2667 0 
22.8093 8.77551 0 
23.4243 10.6394 0 
22.5 8 0 
25.0671 14.1181 0 
24.3887 13.0578 0 
23.6052 11.5217 0 
24.6061 13.588 0 
22.9901 10 0 
25.2539 14.7461 0 
22.9769 10.0384 0 
24.8614 14.1181 0 
22.7421 9.45978 0 
22.9637 10.0768 0 
22.9429 10.1365 0 
21.375 4 0 
23.2515 11.0118 0 
22.5457 9.11765 0 
22.922 10.1962 0 
23.7117 12.1964 0 
25.046 14.7461 0 
23.9078 12.6271 0 
22.8899 10.2863 0 
24.6571 14.1181 0 
22.8574 10.3763 0 
22.5862 9.72989 0 
23.998 13.0578 0 
23.4145 11.859 0 
22.8089 10.5078 0 
22.1933 8.77551 0 
20.8333 0 0 
24.791 14.7461 0 
24.4076 14.1181 0 
21.875 8 0 
22.7595 10.6394 0 
23.0055 11.5217 0 
23.9777 13.588 0 
22.6878 10.8256 0 
21.822 8.38776 0 
23.2211 12.1964 0 
23.6104 13.0578 0 
24.1597 14.1181 0 
24.4776 14.7461 0 
22.6143 11.0118 0 
20.5417 2 0 
22.0242 9.45978 0 
22.2027 10 0 
22.1829 10.0768 0 
22.1513 10.1962 0 
24.6259 15.3741 0 
23.8624 14.1181 0 
22.5107 11.2667 0 
21.5771 8.77551 0 
24.5253 15.3741 0 
22.1017 10.3763 0 
24.0946 14.7461 0 
22.9704 12.6271 0 
24.4245 15.3741 0 
21.25 8 0 
23.1626 13.0578 0 
20.75 6 0 
22.404 11.5217 0 
22.0253 10.6394 0 
22.6655 12.1964 0 
24.3035 15.3741 0 
23.5669 14.1181 0 
23.2428 13.588 0 
20.25 4 0 
24.1821 15.3741 0 
22.2583 11.859 0 
21.9095 11.0118 0 
24.0354 15.3741 0 
23.6316 14.7461 0 
21.1769 9.11765 0 
22.7163 13.0578 0 
21.2482 9.45978 0 
23.2196 14.1181 0 
21.4154 10 0 
23.8883 15.3741 0 
21.4085 10.0384 0 
21.4016 10.0768 0 
21.3905 10.1365 0 
20.9332 8.77551 0 
21.3792 10.1962 0 
21.3616 10.2863 0 
22.108 12.1964 0 
20.625 8 0 
23.7106 15.3741 0 
21.3434 10.3763 0 
21.7377 11.5217 0 
21.3158 10.5078 0 
20.6106 8.38776 0 
22.874 14.1181 0 
20.9961 9.72989 0 
23.5323 15.3741 0 
21.2869 10.6394 0 
23.9109 16.0891 0 
23.0804 14.7461 0 
22.2122 13.0578 0 
21.2441 10.8256 0 
22.3997 13.588 0 
23.3184 15.3741 0 
21.91 12.6271 0 
23.7168 16.0891 0 
21.1989 11.0118 0 
22.4765 14.1181 0 
23.1037 15.3741 0 
20.2886 8.77551 0 
21.1336 11.2667 0 
20.4742 9.45978 0 
21.4902 12.1964 0 
23.4886 16.0891 0 
20 8 0 
20.5755 10 0 
20.5672 10.0768 0 
19.125 4 0 
21.0644 11.5217 0 
21.7064 13.0578 0 
20.5533 10.1962 0 
22.8492 15.3741 0 
20.5305 10.3763 0 
23.217 16.0891 0 
18.75 0 0 
22.4362 14.7461 0 
22.0799 14.1181 0 
20.9674 11.859 0 
20.493 10.6394 0 
22.5939 15.3741 0 
22.8917 16.0891 0 
20.4322 11.0118 0 
19 6 0 
20.8648 12.1964 0 
19.7252 9.11765 0 
21.4494 13.588 0 
19.6198 8.77551 0 
23.1959 16.8041 0 
19.375 8 0 
21.1471 13.0578 0 
22.2963 15.3741 0 
21.634 14.1181 0 
23.1028 16.8041 0 
19.3826 8.38776 0 
19.6592 9.45978 0 
23.0087 16.8041 0 
20.3354 11.5217 0 
22.5023 16.0891 0 
19.7357 10 0 
20.7266 12.6271 0 
22.9022 16.8041 0 
19.7337 10.0384 0 
19.7316 10.0768 0 
21.6986 14.7461 0 
19.7282 10.1365 0 
21.9981 15.3741 0 
19.7246 10.1962 0 
22.7943 16.8041 0 
19.7187 10.2863 0 
19.7123 10.3763 0 
19.7021 10.5078 0 
22.6703 16.8041 0 
21.1873 14.1181 0 
19.691 10.6394 0 
20.5814 13.0578 0 
22.5445 16.8041 0 
19.315 9.72989 0 
19.6735 10.8256 0 
20.1866 12.1964 0 
21.6575 15.3741 0 
18 4 0 
18.75 8 0 
22.04 16.0891 0 
18.9498 8.77551 0 
19.6542 11.0118 0 
22.3982 16.8041 0 
19.6249 11.2667 0 
22.2495 16.8041 0 
19.5925 11.5217 0 
20.6965 14.1181 0 
21.3165 15.3741 0 
18.8474 9.45978 0 
20.395 13.588 0 
22.076 16.8041 0 
20.8727 14.7461 0 
19.5453 11.859 0 
18.8678 10 0 
22.415 17.585 0 
18.8667 10.0768 0 
17.3333 2 0 
21.4999 16.0891 0 
21.8995 16.8041 0 
19.969 13.0578 0 
18.8645 10.1962 0 
18.8602 10.3763 0 
19.4934 12.1964 0 
18.125 8 0 
22.2346 17.585 0 
20.9365 15.3741 0 
18.8517 10.6394 0 
21.6943 16.8041 0 
18.261 8.77551 0 
18.1362 8.38776 0 
20.2023 14.1181 0 
22.0344 17.585 0 
18.8358 11.0118 0 
18.2149 9.11765 0 
19.4214 12.6271 0 
21.4858 16.8041 0 
20.5569 15.3741 0 
21.8073 17.585 0 
18.807 11.5217 0 
20.8831 16.0891 0 
17.25 6 0 
21.246 16.8041 0 
19.3437 13.0578 0 
16.6667 0 0 
18.0163 9.45978 0 
16.875 4 0 
21.5451 17.585 0 
19.672 14.1181 0 
19.9692 14.7461 0 
17.5 8 0 
21.0034 16.8041 0 
18 10 0 
18 10.0384 0 
18.7582 12.1964 0 
18 10.0768 0 
18 10.1365 0 
20.145 15.3741 0 
18 10.1962 0 
17.5703 8.77551 0 
18 10.2863 0 
19.2419 13.588 0 
18 10.3763 0 
18 10.5078 0 
21.2387 17.585 0 
18 10.6394 0 
20.7294 16.8041 0 
18 10.8256 0 
21.634 18.366 0 
17.5948 9.72989 0 
18 11.0118 0 
21.5473 18.366 0 
20.1999 16.0891 0 
17.5943 9.85953 0 
17.5925 10.0309 0 
18 11.2667 0 
18.6817 13.0578 0 
21.4595 18.366 0 
19.1351 14.1181 0 
19.7346 15.3741 0 
20.4541 16.8041 0 
17.5896 10.2611 0 
18 11.5217 0 
21.3666 18.366 0 
20.8799 17.585 0 
16.875 8 0 
17.5853 10.5714 0 
21.2721 18.366 0 
18 11.859 0 
17.1897 9.45978 0 
16.8696 8.38776 0 
21.1704 18.366 0 
17.1894 9.59058 0 
17.1885 9.72168 0 
17.5794 10.9867 0 
18 12.1964 0 
20.1513 16.8041 0 
17.1871 9.86975 0 
21.0666 18.366 0 
16.8681 8.77551 0 
17.1851 10.0181 0 
19.0045 14.7461 0 
19.3022 15.3741 0 
17.1824 10.1906 0 
20.9529 18.366 0 
20.4642 17.585 0 
18 12.6271 0 
17.1792 10.3633 0 
17.5718 11.5338 0 
18.5726 14.1181 0 
20.8363 18.366 0 
15.75 4 0 
17.1751 10.569 0 
19.4705 16.0891 0 
19.85 16.8041 0 
16.6765 9.11765 0 
17.1705 10.775 0 
18 13.0578 0 
20.7069 18.366 0 
17.1649 11.0243 0 
17.5623 12.2384 0 
16.6754 9.57992 0 
16.25 8 0 
20.5741 18.366 0 
18.8727 15.3741 0 
17.1588 11.2739 0 
18 13.588 0 
19.9939 17.585 0 
19.5295 16.8041 0 
20.4255 18.366 0 
16.6722 10.065 0 
17.1515 11.5779 0 
20.817 19.183 0 
17.1436 11.8822 0 
20.2732 18.366 0 
16.1633 8.77551 0 
16.6667 10.5827 0 
18 14.1181 0 
17.551 13.1212 0 
15.5 6 0 
16.163 9.11133 0 
20.6473 19.183 0 
19.2152 16.8041 0 
17.1344 12.2517 0 
20.1032 18.366 0 
18.4341 15.3741 0 
16.1623 9.44661 0 
16.6586 11.1452 0 
18.725 16.0891 0 
20.4714 19.183 0 
17.1247 12.6214 0 
19.4818 17.585 0 
16.161 9.78762 0 
18 14.7461 0 
19.9298 18.366 0 
15.625 8 0 
16.1593 10.1281 0 
18.8937 16.8041 0 
16.6477 11.7668 0 
20.2865 19.183 0 
17.1135 13.065 0 
19.7389 18.366 0 
14.5833 0 0 
15.5816 8.38776 0 
16.157 10.4769 0 
17.5383 14.1929 0 
18 15.3741 0 
20.0887 19.183 0 
16.1542 10.8252 0 
19.5463 18.366 0 
17.102 13.5088 0 
14.625 4 0 
16.6336 12.4626 0 
18.5845 16.8041 0 
15.5811 9.23689 0 
16.1507 11.185 0 
18.9531 17.585 0 
19.8737 19.183 0 
19.3392 18.366 0 
16.1468 11.5443 0 
17.0892 14.031 0 
18 16.0891 0 
15.5797 10.087 0 
18.2829 16.8041 0 
16.142 11.9188 0 
15 8 0 
19.6373 19.183 0 
16.616 13.2476 0 
19.134 18.366 0 
14.125 2 0 
17.5249 15.4492 0 
17.0765 14.5532 0 
15 8.46154 0 
16.1367 12.2928 0 
20 20 0 
18.9213 18.366 0 
15.5771 10.9396 0 
15 8.92308 0 
18.4447 17.585 0 
19.9167 20 0 
19.3774 19.183 0 
18 16.8041 0 
16.1304 12.6861 0 
19.8333 20 0 
15 9.38462 0 
17.0629 15.1524 0 
19.75 20 0 
16.5949 14.1337 0 
18.7159 18.366 0 
16.1236 13.0788 0 
19.6667 20 0 
15 9.84615 0 
19.0954 19.183 0 
15.5734 11.7961 0 
19.5833 20 0 
18.5133 18.366 0 
19.5 20 0 
16.1156 13.4946 0 
15 10.3077 0 
18 17.585 0 
17.0499 15.7513 0 
19.4167 20 0 
17.5127 16.8672 0 
19.3333 20 0 
18.325 18.366 0 
15 10.7692 0 
18.7989 19.183 0 
16.1073 13.91 0 
19.25 20 0 
15.5683 12.6586 0 
16.5712 15.1275 0 
13.5 4 0 
13.75 6 0 
19.1667 20 0 
15 11.2308 0 
18.1515 18.366 0 
16.0977 14.3516 0 
19.0833 20 0 
17.0369 16.4182 0 
18.5026 19.183 0 
19 20 0 
18 18.366 0 
15 11.6923 0 
18.9167 20 0 
16.0878 14.793 0 
15.5618 13.5289 0 
18.8333 20 0 
15 12.1538 0 
18.75 20 0 
18.228 19.183 0 
17.0253 17.0843 0 
18.6667 20 0 
16.5464 16.2278 0 
16.0768 15.2626 0 
15 12.6154 0 
18.5833 20 0 
18 19.183 0 
18.5 20 0 
15.5537 14.4091 0 
17.5035 18.4041 0 
15 13.0769 0 
18.4167 20 0 
16.0659 15.7322 0 
18.3333 20 0 
17.015 17.8013 0 
12.5 0 0 
18.25 20 0 
15 13.5385 0 
18.1667 20 0 
16.0541 16.23 0 
18.0833 20 0 
15 14 0 
15.5439 15.3011 0 
18 20 0 
16.5236 17.423 0 
17.0071 18.517 0 
12.375 4 0 
16.0429 16.7284 0 
15 14.4615 0 
15 14.9231 0 
15.5329 16.2069 0 
16.0318 17.2525 0 
17.5 20 0 
17.0018 19.2594 0 
15 15.3846 0 
16.0218 17.7781 0 
16.5066 18.691 0 
15 15.8462 0 
12 6 0 
15.5215 17.1282 0 
17 20 0 
16.0129 18.3244 0 
15 16.3077 0 
12 7.07692 0 
15 16.7692 0 
12 8.15385 0 
16.0061 18.873 0 
15.5109 18.0668 0 
11.25 4 0 
15 17.2308 0 
16.5 20 0 
12 9.23077 0 
10.9167 2 0 
16.0016 19.4349 0 
15 17.6923 0 
12 10.3077 0 
15.5031 19.024 0 
15 18.1538 0 
16 20 0 
10.4167 0 0 
15 18.6154 0 
12 11.3846 0 
15 19.0769 0 
15.5 20 0 
12 12.4615 0 
10.125 4 0 
15 19.5385 0 
15 20 0 
12 13.5385 0 
12 14.6154 0 
12 15.6923 0 
9 4 0 
9 4.61538 0 
9 5.23077 0 
9 5.84615 0 
9 6.46154 0 
12 16.7692 0 
9 7.07692 0 
8.33333 0 0 
9 7.69231 0 
9 8.30769 0 
9 8.92308 0 
12 17.8462 0 
9 9.53846 0 
9 10.1538 0 
7.70833 2 0 
9 10.7692 0 
12 18.9231 0 
9 11.3846 0 
9 12 0 
9 12.6154 0 
12 20 0 
9 13.2308 0 
9 13.8462 0 
9 14.4615 0 
9 15.0769 0 
6.25 0 0 
9 15.6923 0 
9 16.3077 0 
9 16.9231 0 
9 17.5385 0 
9 18.1538 0 
9 18.7692 0 
9 19.3846 0 
4.5 2 0 
9 20 0 
4.5 3.38462 0 
4.5 4.76923 0 
4.16667 0 0 
4.5 6.15385 0 
4.5 7.53846 0 
4.5 8.92308 0 
4.5 10.3077 0 
4.5 11.6923 0 
4.5 13.0769 0 
4.5 14.4615 0 
2.08333 0 0 
4.5 15.8462 0 
4.5 17.2308 0 
4.5 18.6154 0 
4.5 20 0 
0 0 0 
0 0.769231 0 
0 1.53846 0 
0 2.30769 0 
0 3.07692 0 
0 3.84615 0 
0 4.61538 0 
0 5.38462 0 
0 6.15385 0 
0 6.92308 0 
0 7.69231 0 
0 8.46154 0 
0 9.23077 0 
0 10 0 
0 10.7692 0 
0 11.5385 0 
0 12.3077 0 
0 13.0769 0 
0 13.8462 0 
0 14.6154 0 
0 15.3846 0 
0 16.1538 0 
0 16.9231 0 
0 17.6923 0 
0 18.4615 0 
0 19.2308 0 
0 20 0 
CELLS 287 2583
8 845 847 897 895 846 880 896 878 
8 847 849 899 897 848 881 898 880 
8 849 853 901 899 851 883 900 881 
8 853 855 903 901 854 884 902 883 
8 855 858 905 903 857 885 904 884 
8 858 862 907 905 860 886 906 885 
8 862 864 909 907 863 887 908 886 
8 864 867 911 909 866 888 910 887 
8 867 869 913 911 868 889 912 888 
8 869 872 915 913 871 891 914 889 
8 872 874 917 915 873 892 916 891 
8 874 876 919 917 875 893 918 892 
8 876 879 921 919 877 894 920 893 
8 879 876 836 841 877 861 840 865 
8 876 874 831 836 875 856 834 861 
8 874 872 823 831 873 850 828 856 
8 872 869 816 823 871 844 818 850 
8 869 867 808 816 868 843 811 844 
8 867 864 802 808 866 842 803 843 
8 864 862 791 802 863 838 795 842 
8 862 858 778 791 860 835 784 838 
8 858 855 766 778 857 829 771 835 
8 855 853 749 766 854 825 758 829 
8 853 849 735 749 851 819 742 825 
8 849 847 721 735 848 817 728 819 
8 847 845 709 721 846 812 716 817 
8 836 820 832 841 830 827 837 840 
8 831 809 820 836 821 815 830 834 
8 823 801 809 831 813 805 821 828 
8 816 786 801 823 804 793 813 818 
8 808 768 786 816 796 777 804 811 
8 802 751 768 808 782 760 796 803 
8 791 733 751 802 769 741 782 795 
8 778 717 733 791 753 726 769 784 
8 766 703 717 778 737 708 753 771 
8 749 692 703 766 720 699 737 758 
8 735 680 692 749 706 688 720 742 
8 721 670 680 735 698 676 706 728 
8 709 659 670 721 687 664 698 716 
8 820 799 814 832 810 807 824 827 
8 809 774 799 820 798 788 810 815 
8 801 744 774 809 776 762 798 805 
8 786 715 744 801 754 729 776 793 
8 768 694 715 786 731 704 754 777 
8 751 674 694 768 711 684 731 760 
8 733 657 674 751 696 667 711 741 
8 717 649 657 733 682 655 696 726 
8 703 640 649 717 671 643 682 708 
8 692 631 640 703 660 636 671 699 
8 680 624 631 692 654 627 660 688 
8 670 617 624 680 645 621 654 676 
8 659 613 617 670 639 616 645 664 
8 799 765 797 814 783 780 806 807 
8 774 725 765 799 746 743 783 788 
8 744 690 725 774 714 705 746 762 
8 715 661 690 744 689 677 714 729 
8 694 641 661 715 662 650 689 704 
8 674 619 641 694 644 630 662 684 
8 657 606 619 674 632 612 644 667 
8 649 594 606 657 618 599 632 655 
8 640 589 594 649 610 591 618 643 
8 631 586 589 640 605 587 610 636 
8 624 582 586 631 598 584 605 627 
8 617 579 582 624 597 580 598 621 
8 613 576 579 617 593 577 597 616 
8 727 601 592 718 665 595 656 723 
8 734 611 601 727 673 607 665 730 
8 740 622 611 734 683 615 673 738 
8 747 634 622 740 691 628 683 745 
8 757 647 634 747 701 642 691 752 
8 764 658 647 757 710 653 701 761 
8 770 678 658 764 724 668 710 767 
8 775 693 678 770 736 685 724 772 
8 781 712 693 775 750 702 736 779 
8 787 732 712 781 763 719 750 785 
8 792 748 732 787 773 739 763 790 
8 797 765 748 792 780 759 773 794 
8 601 497 489 592 549 494 539 595 
8 611 509 497 601 556 502 549 607 
8 622 517 509 611 562 513 556 615 
8 634 529 517 622 571 527 562 628 
8 647 543 529 634 588 535 571 642 
8 658 560 543 647 608 552 588 653 
8 678 575 560 658 629 566 608 668 
8 693 604 575 678 651 590 629 685 
8 712 638 604 693 675 620 651 702 
8 732 666 638 712 700 652 675 719 
8 748 697 666 732 722 681 700 739 
8 765 725 697 748 743 707 722 759 
8 497 411 403 489 457 407 450 494 
8 509 422 411 497 465 418 457 502 
8 517 432 422 509 475 425 465 513 
8 529 448 432 517 482 441 475 527 
8 543 460 448 529 499 455 482 535 
8 560 481 460 543 524 473 499 552 
8 575 507 481 560 542 492 524 566 
8 604 532 507 575 564 521 542 590 
8 638 561 532 604 596 550 564 620 
8 666 603 561 638 637 581 596 652 
8 697 648 603 666 672 626 637 681 
8 725 690 648 697 705 669 672 707 
8 411 334 327 403 374 331 363 407 
8 422 349 334 411 385 342 374 418 
8 432 358 349 422 396 352 385 425 
8 448 377 358 432 409 365 396 441 
8 460 395 377 448 426 386 409 455 
8 481 419 395 460 451 404 426 473 
8 507 446 419 481 477 430 451 492 
8 532 478 446 507 505 459 477 521 
8 561 514 478 532 536 493 505 550 
8 603 555 514 561 573 531 536 581 
8 648 602 555 603 625 572 573 626 
8 690 661 602 648 677 633 625 669 
8 334 272 263 327 300 267 295 331 
8 349 284 272 334 315 277 300 342 
8 358 297 284 349 328 290 315 352 
8 377 316 297 358 347 306 328 365 
8 395 337 316 377 361 326 347 386 
8 419 359 337 395 390 351 361 404 
8 446 394 359 419 420 380 390 430 
8 478 428 394 446 454 413 420 459 
8 514 471 428 478 487 452 454 493 
8 555 516 471 514 534 491 487 531 
8 602 567 516 555 585 544 534 572 
8 661 641 567 602 650 600 585 633 
8 272 218 204 263 243 212 235 267 
8 284 230 218 272 255 224 243 277 
8 297 244 230 284 273 236 255 290 
8 316 266 244 297 293 253 273 306 
8 337 291 266 316 314 279 293 326 
8 359 320 291 337 344 302 314 351 
8 394 353 320 359 375 336 344 380 
8 428 393 353 394 410 373 375 413 
8 471 439 393 428 456 417 410 452 
8 516 485 439 471 501 464 456 491 
8 567 547 485 516 559 520 501 544 
8 641 619 547 567 630 578 559 600 
8 218 174 159 204 195 166 183 212 
8 230 185 174 218 206 179 195 224 
8 244 201 185 230 226 198 206 236 
8 266 228 201 244 245 216 226 253 
8 291 250 228 266 274 241 245 279 
8 320 287 250 291 299 269 274 302 
8 353 324 287 320 340 301 299 336 
8 393 360 324 353 381 346 340 373 
8 439 415 360 393 423 389 381 417 
8 485 470 415 439 479 443 423 464 
8 547 530 470 485 537 498 479 520 
8 619 606 530 547 612 563 537 578 
8 174 137 124 159 154 130 145 166 
8 185 151 137 174 168 146 154 179 
8 201 171 151 185 190 158 168 198 
8 228 197 171 201 209 181 190 216 
8 250 225 197 228 237 208 209 241 
8 287 258 225 250 275 242 237 269 
8 324 298 258 287 311 280 275 301 
8 360 348 298 324 354 323 311 346 
8 415 397 348 360 405 370 354 389 
8 470 458 397 415 462 424 405 443 
8 530 526 458 470 528 483 462 498 
8 606 594 526 530 599 557 528 563 
8 137 111 96 124 123 105 113 130 
8 151 125 111 137 140 120 123 146 
8 171 147 125 151 155 136 140 158 
8 197 173 147 171 182 156 155 181 
8 225 200 173 197 214 188 182 208 
8 258 239 200 225 247 221 214 242 
8 298 283 239 258 292 261 247 280 
8 348 329 283 298 338 307 292 323 
8 397 388 329 348 391 356 338 370 
8 458 449 388 397 453 416 391 424 
8 526 515 449 458 519 480 453 483 
8 594 589 515 526 591 551 519 557 
8 111 91 78 96 101 84 87 105 
8 125 109 91 111 118 97 101 120 
8 147 126 109 125 138 119 118 136 
8 173 153 126 147 160 143 138 156 
8 200 187 153 173 196 172 160 188 
8 239 227 187 200 231 203 196 221 
8 283 270 227 239 276 246 231 261 
8 329 321 270 283 325 296 276 307 
8 388 378 321 329 382 350 325 356 
8 449 442 378 388 444 408 382 416 
8 515 511 442 449 512 474 444 480 
8 589 586 511 515 587 546 512 551 
8 91 76 64 78 82 70 72 84 
8 109 94 76 91 100 86 82 97 
8 126 115 94 109 122 107 100 119 
8 153 144 115 126 149 127 122 143 
8 187 176 144 153 180 157 149 172 
8 227 217 176 187 220 199 180 203 
8 270 262 217 227 265 238 220 246 
8 321 313 262 270 317 288 265 296 
8 378 372 313 321 376 345 317 350 
8 442 437 372 378 438 402 376 408 
8 511 508 437 442 510 472 438 474 
8 586 582 508 511 584 545 510 546 
8 76 67 56 64 74 61 60 70 
8 94 85 67 76 89 75 74 86 
8 115 110 85 94 112 95 89 107 
8 144 135 110 115 141 121 112 127 
8 176 167 135 144 175 152 141 157 
8 217 207 167 176 213 192 175 199 
8 262 254 207 217 259 232 213 238 
8 313 309 254 262 312 285 259 288 
8 372 367 309 313 368 341 312 345 
8 437 434 367 372 435 401 368 402 
8 508 504 434 437 506 468 435 472 
8 582 579 504 508 580 540 506 545 
8 67 62 54 56 65 57 55 61 
8 85 79 62 67 81 69 65 75 
8 110 102 79 85 106 90 81 95 
8 135 128 102 110 132 116 106 121 
8 167 163 128 135 165 148 132 152 
8 207 202 163 167 205 184 165 192 
8 254 249 202 207 252 229 205 232 
8 309 305 249 254 308 281 252 285 
8 367 362 305 309 364 333 308 341 
8 434 431 362 367 433 400 364 401 
8 504 500 431 434 503 467 433 468 
8 579 576 500 504 577 538 503 540 
8 46 66 68 44 52 73 48 45 
8 49 59 66 46 53 63 52 47 
8 54 62 59 49 57 58 53 51 
8 66 117 134 68 92 129 103 73 
8 59 83 117 66 71 98 92 63 
8 62 79 83 59 69 77 71 58 
8 117 161 194 134 142 186 164 129 
8 83 114 161 117 99 139 142 98 
8 79 102 114 83 90 104 99 77 
8 161 210 248 194 189 240 223 186 
8 114 150 210 161 131 178 189 139 
8 102 128 150 114 116 133 131 104 
8 210 256 303 248 234 294 278 240 
8 150 191 256 210 169 222 234 178 
8 128 163 191 150 148 170 169 133 
8 256 304 357 303 282 343 332 294 
8 191 233 304 256 211 268 282 222 
8 163 202 233 191 184 215 211 170 
8 304 355 412 357 330 392 387 343 
8 233 286 355 304 257 319 330 268 
8 202 249 286 233 229 264 257 215 
8 355 406 466 412 383 445 440 392 
8 286 339 406 355 310 371 383 319 
8 249 305 339 286 281 318 310 264 
8 406 461 523 466 436 495 490 445 
8 339 399 461 406 366 427 436 371 
8 305 362 399 339 333 379 366 318 
8 461 525 574 523 488 554 548 495 
8 399 463 525 461 429 486 488 427 
8 362 431 463 399 400 447 429 379 
8 525 583 646 574 553 614 609 554 
8 463 533 583 525 496 558 553 486 
8 431 500 533 463 467 518 496 447 
8 583 659 709 646 623 687 679 614 
8 533 613 659 583 569 639 623 558 
8 500 576 613 533 538 593 569 518 
8 845 822 646 709 839 756 679 812 
8 822 755 574 646 800 663 609 756 
8 755 635 523 574 695 565 548 663 
8 635 522 466 523 570 484 490 565 
8 522 421 412 466 469 414 440 484 
8 421 322 357 412 369 335 387 414 
8 322 219 303 357 271 260 332 335 
8 219 108 248 303 162 177 278 260 
8 108 42 194 248 50 88 223 177 
8 42 35 134 194 40 43 164 88 
8 35 28 68 134 31 37 103 43 
8 28 19 44 68 23 32 48 37 
8 19 22 46 44 21 33 45 32 
8 22 25 49 46 24 36 47 33 
8 25 30 54 49 26 38 51 36 
8 30 25 7 12 26 13 10 16 
8 25 22 3 7 24 11 5 13 
8 22 19 0 3 21 8 1 11 
8 882 822 845 895 859 839 878 890 
8 852 755 822 882 826 800 859 870 
8 789 635 755 852 713 695 826 833 
8 568 522 635 789 541 570 713 686 
8 384 421 522 568 398 469 541 476 
8 193 322 421 384 251 369 398 289 
8 41 219 322 193 93 271 251 80 
8 27 108 219 41 39 162 93 34 
8 17 42 108 27 29 50 39 20 
8 9 35 42 17 18 40 29 15 
8 4 28 35 9 14 31 18 6 
8 0 19 28 4 8 23 14 2 
CELL_TYPES 287
23
23
23
23
23
23
23
23
23
23
23
23
23
23
23
23
23
23
23
23
23
23
23
23
23
23
23
23
23
23
23
23
23
23
23
23
23
23
23
23
23
23
23
23
23
23
23
23
23
23
23
23
23
23
23
23
23
23
23
23
23
23
23
23
23
23
23
23
23
23
23
23
23
23
23
23
23
23
23
23
23
23
23
23
23
23
23
23
23
23
23
23
23
23
23
23
23
23
23
23
23
23
23
23
23
23
23
23
23
23
23
23
23
23
23
23
23
23
23
23
23
23
23
23
23
23
23
23
23
23
23
23
23
23
23
23
23
23
23
23
23
23
23
23
23
23
23
23
23
23
23
23
23
23
23
23
23
23
23
23
23
23
23
23
23
23
23
23
23
23
23
23
23
23
23
23
23
23
23
23
23
23
23
23
23
23
23
23
23
23
23
23
23
23
23
23
23
23
23
23
23
23
23
23
23
23
23
23
23
23
23
23
23
23
23
23
23
23
23
23
23
23
23
23
23
23
23
23
23
23
23
23
23
23
23
23
23
23
23
23
23
23
23
23
23
23
23
23
23
23
23
23
23
23
23
23
23
23
23
23
23
23
23
23
23
23
23
23
23
23
23
23
23
23
23
23
23
23
23
23
23
23
23
23
23
23
23
POINT_DATA 922
SCALARS scalars float 1
LOOKUP_TABLE default
0
0
0.00103748
0
0.00204691
0
0.00300621
0
0.00324562
0.00392768
0
0.00303027
0
0.00287523
0.00464367
0.00480475
0.00276127
0.00562771
0.00590897
0.00595414
0.00639212
0.00592829
0.00584979
0.00639878
0.00574057
0.00563018
0.00550846
0.00707475
0.00680329
0.00700995
0.00538972
0.00718366
0.00699877
0.00686983
0.0076687
0.00753124
0.00671774
0.00758054
0.00650449
0.00788575
0.00784432
0.00813768
0.00811707
0.0080189
0.00781014
0.00779311
0.00778529
0.00777703
0.00796642
0.0077643
0.00834383
0.00776002
0.00791099
0.00783277
0.00773864
0.00780705
0.00786087
0.00779695
0.00785779
0.00789079
0.00791474
0.00787924
0.00785123
0.00796094
0.00795712
0.00788241
0.00802593
0.00791028
0.0081031
0.00791193
0.00796722
0.00795598
0.00800796
0.00808139
0.00794892
0.00795399
0.00798307
0.00796909
0.00804598
0.0079624
0.00846563
0.00797926
0.00802495
0.00802072
0.0080504
0.00799596
0.00801181
0.00808469
0.00834063
0.00801978
0.00801753
0.00805846
0.00813269
0.00844895
0.00804126
0.00804307
0.00810896
0.00807482
0.00812541
0.00808854
0.0080697
0.00809292
0.0080653
0.00823039
0.00808435
0.00811094
0.00807556
0.00807801
0.00851799
0.00809266
0.00808532
0.00811502
0.00809935
0.00812345
0.00815034
0.00811201
0.00811776
0.00822365
0.00811726
0.00811731
0.00812309
0.008132
0.0081283
0.00812731
0.00812051
0.00813226
0.0081411
0.00815038
0.00816211
0.00829902
0.00812142
0.00821065
0.00816709
0.00819476
0.00833598
0.00817167
0.00814584
0.00812304
0.00815378
0.00826292
0.00813824
0.00817809
0.00829843
0.00816883
0.00818347
0.00809172
0.00812608
0.00815917
0.00820793
0.00818946
0.00826118
0.00812961
0.00821288
0.00819297
0.00809315
0.00815547
0.00817515
0.0082174
0.00813468
0.00804187
0.00819356
0.00835518
0.00863027
0.00824388
0.00841773
0.00824429
0.00804212
0.00824437
0.00809603
0.0083052
0.00828328
0.00813935
0.00821718
0.00818873
0.00804231
0.0082441
0.00824301
0.00852067
0.00835475
0.00804252
0.00823975
0.00814443
0.00817321
0.00794524
0.0082749
0.00804246
0.00842159
0.0082346
0.00820129
0.00839526
0.00809903
0.00833601
0.00827149
0.00861559
0.00846902
0.00794536
0.00822361
0.00814757
0.00804186
0.00826357
0.00820854
0.0080404
0.00829262
0.0082463
0.00782423
0.00828896
0.00794361
0.00828504
0.00814807
0.00809766
0.0084158
0.00835412
0.0078241
0.00827881
0.00818041
0.00832826
0.00803704
0.00827196
0.00782351
0.00867663
0.00826038
0.00820922
0.00839028
0.00849064
0.00782213
0.00814432
0.00793752
0.00824738
0.0080317
0.00829605
0.00781996
0.00822575
0.00828545
0.0083559
0.00841869
0.00763365
0.00781602
0.00808298
0.00826686
0.00820102
0.00844675
0.00802178
0.00813296
0.00763308
0.00781075
0.00792243
0.00823477
0.00816074
0.00848309
0.0082821
0.00800814
0.00859438
0.00827513
0.007802
0.00826797
0.00762888
0.00840261
0.00833768
0.00811432
0.00825685
0.0085394
0.00817889
0.00824526
0.00741715
0.00830402
0.00822683
0.00779103
0.00741679
0.00835912
0.0079857
0.00820731
0.00864976
0.00741577
0.00761785
0.0078906
0.00804122
0.00817679
0.00741357
0.00844941
0.00777398
0.00808152
0.00824355
0.00836826
0.00814393
0.00741033
0.00822746
0.00830038
0.00795721
0.00820071
0.00856838
0.00740476
0.0077534
0.00809335
0.00759503
0.00838385
0.0071117
0.00815728
0.0073976
0.00803804
0.00783079
0.00711081
0.00791444
0.0077231
0.00839428
0.00831601
0.00818388
0.00738632
0.00808694
0.00817461
0.00816519
0.00823597
0.00795481
0.00815067
0.00813578
0.00755332
0.00710563
0.00737266
0.00811261
0.00818533
0.00825088
0.00768758
0.00808861
0.00855199
0.00797333
0.00786295
0.00805198
0.00735239
0.00678314
0.00709288
0.00801354
0.00824437
0.00678265
0.00831837
0.00809105
0.00678143
0.00838897
0.00763791
0.00732872
0.00795598
0.00815053
0.007729
0.00807166
0.00677892
0.0082463
0.00748339
0.00804006
0.00779129
0.0070678
0.00789475
0.00677532
0.00798997
0.00729526
0.00676939
0.00758112
0.00780497
0.00815633
0.00791136
0.00822734
0.00676185
0.00725719
0.00770834
0.007024
0.00797538
0.00635706
0.007965
0.00675039
0.00803287
0.00795452
0.00793835
0.00838642
0.007789
0.00805633
0.00792189
0.00750555
0.00635612
0.00737433
0.00789653
0.00673664
0.00787049
0.00795368
0.00720574
0.00757037
0.00783121
0.00804767
0.00831326
0.00635103
0.0067168
0.00811898
0.00779047
0.00760024
0.00695365
0.00773026
0.00804308
0.00742093
0.00714833
0.00669383
0.00633896
0.00766708
0.00824211
0.00789421
0.00782273
0.00780229
0.00776934
0.00591774
0.00666212
0.00757572
0.00792398
0.00591721
0.0077176
0.00631592
0.00721495
0.00591594
0.0079938
0.00707403
0.00808417
0.00747874
0.00763752
0.00731365
0.00591351
0.00662629
0.00684816
0.00816572
0.00591007
0.00734196
0.00751499
0.00590471
0.00627664
0.00777206
0.00699242
0.00772255
0.00657882
0.00764826
0.00589795
0.00763795
0.00762755
0.00761137
0.00777969
0.00759497
0.00756976
0.00719557
0.00785241
0.00588804
0.00754402
0.00732946
0.00750534
0.00777894
0.00652624
0.00760524
0.00587616
0.00746546
0.00539014
0.00621474
0.00689113
0.00740684
0.00669927
0.00585948
0.00699561
0.00538927
0.00734573
0.00645936
0.0058401
VECTORS Displacement float
0 0 0
0 0.000695752 0
0.00103748 0 0
0 0.00137022 0
0.00204691 0 0
0 0.00201973 0
0.00300621 0 0
0 0.00266228 0
0.00324562 0.000764476 0
0.00392768 0 0
0 0.00330222 0
0.00303027 0.00179092 0
0 0.00394648 0
0.00287523 0.0028008 0
0.00464367 0.000682583 0
0.00480475 0 0
0.00276127 0.00379426 0
0.00562771 0 0
0.00590897 0.000588609 0
0.00595414 0.0011931 0
0.00639212 0 0
0.00592829 0.00152028 0
0.00584979 0.00187695 0
0.00639878 0.00111218 0
0.00574057 0.00224555 0
0.00563018 0.00261471 0
0.00550846 0.0029791 0
0.00707475 0 0
0.00680329 0.00102641 0
0.00700995 0.000465774 0
0.00538972 0.00333226 0
0.00718366 0.000924761 0
0.00699877 0.00155159 0
0.00686983 0.00200686 0
0.0076687 0 0
0.00753124 0.000811242 0
0.00671774 0.00247793 0
0.00758054 0.00124168 0
0.00650449 0.00295375 0
0.00788575 0.000298522 0
0.00784432 0.000682544 0
0.00813768 0 0
0.00811707 0.000536462 0
0.0080189 0.00091053 0
0.00781014 0.00143792 0
0.00779311 0.00153067 0
0.00778529 0.00162609 0
0.00777703 0.00172248 0
0.00796642 0.00125546 0
0.0077643 0.00183038 0
0.00834383 0.000373166 0
0.00776002 0.0019234 0
0.00791099 0.00147947 0
0.00783277 0.00173779 0
0.00773864 0.0020309 0
0.00780705 0.0020171 0
0.00786087 0.00199865 0
0.00779695 0.00195218 0
0.00785779 0.00177164 0
0.00789079 0.00165252 0
0.00791474 0.00196918 0
0.00787924 0.00193125 0
0.00785123 0.0018839 0
0.00796094 0.00148953 0
0.00795712 0.00194298 0
0.00788241 0.00187785 0
0.00802593 0.00132695 0
0.00791028 0.00186972 0
0.0081031 0.00106578 0
0.00791193 0.00180626 0
0.00796722 0.00189041 0
0.00795598 0.00156033 0
0.00800796 0.00190788 0
0.00808139 0.00116989 0
0.00794892 0.00185488 0
0.00795399 0.00179212 0
0.00798307 0.00183729 0
0.00796909 0.00162368 0
0.00804598 0.00187377 0
0.0079624 0.0017319 0
0.00846563 0 0
0.00797926 0.00172449 0
0.00802495 0.00180784 0
0.00802072 0.00146552 0
0.0080504 0.00182651 0
0.00799596 0.00171615 0
0.00801181 0.00176094 0
0.00808469 0.00182467 0
0.00834063 0.000509468 0
0.00801978 0.00170153 0
0.00801753 0.00163591 0
0.00805846 0.00177572 0
0.00813269 0.00116021 0
0.00844895 7.02368e-05 0
0.00804126 0.00168495 0
0.00804307 0.0016176 0
0.00810896 0.00177387 0
0.00807482 0.00170121 0
0.00812541 0.0012253 0
0.00808854 0.00134536 0
0.0080697 0.00165669 0
0.00809292 0.00172577 0
0.0080653 0.00153702 0
0.00823039 0.000858751 0
0.00808435 0.00141897 0
0.00811094 0.0017249 0
0.00807556 0.00152682 0
0.00807801 0.0015832 0
0.00851799 0.000187719 0
0.00809266 0.00162518 0
0.00808532 0.00151598 0
0.00811502 0.0016726 0
0.00809935 0.00149799 0
0.00812345 0.0016985 0
0.00815034 0.00121871 0
0.00811201 0.00147863 0
0.00811776 0.00140449 0
0.00822365 0.000981407 0
0.00811726 0.00157464 0
0.00811731 0.00152047 0
0.00812309 0.00159745 0
0.008132 0.00138054 0
0.0081283 0.00144703 0
0.00812731 0.00159265 0
0.00812051 0.00161827 0
0.00813226 0.00151954 0
0.0081411 0.00141284 0
0.00815038 0.00133934 0
0.00816211 0.00126634 0
0.00829902 0.000756163 0
0.00812142 0.00156379 0
0.00821065 0.00105908 0
0.00816709 0.00125325 0
0.00819476 0.00113313 0
0.00833598 0.000634914 0
0.00817167 0.00123973 0
0.00814584 0.00141152 0
0.00812304 0.00150719 0
0.00815378 0.00135881 0
0.00826292 0.00089958 0
0.00813824 0.00143547 0
0.00817809 0.00121796 0
0.00829843 0.000782025 0
0.00816883 0.00126916 0
0.00818347 0.00119523 0
0.00809172 0.0015002 0
0.00812608 0.00142745 0
0.00815917 0.0013005 0
0.00820793 0.00108386 0
0.00818946 0.00115921 0
0.00826118 0.000891528 0
0.00812961 0.00134515 0
0.00821288 0.00105495 0
0.00819297 0.00112125 0
0.00809315 0.00138186 0
0.00815547 0.00121186 0
0.00817515 0.00115212 0
0.0082174 0.00100719 0
0.00813468 0.00123238 0
0.00804187 0.0013728 0
0.00819356 0.00106252 0
0.00835518 0.000570873 0
0.00863027 -1.26552e-05 0
0.00824388 0.000895185 0
0.00841773 0.000394421 0
0.00824429 0.000879867 0
0.00804212 0.00131063 0
0.00824437 0.000864245 0
0.00809603 0.0012129 0
0.0083052 0.000685273 0
0.00828328 0.000745666 0
0.00813935 0.00111697 0
0.00821718 0.000929284 0
0.00818873 0.00100028 0
0.00804231 0.00124737 0
0.0082441 0.000839412 0
0.00824301 0.000813885 0
0.00852067 3.22183e-05 0
0.00835475 0.000501983 0
0.00804252 0.00116027 0
0.00823975 0.000774132 0
0.00814443 0.000963728 0
0.00817321 0.000906905 0
0.00794524 0.00119051 0
0.0082749 0.000654582 0
0.00804246 0.0010717 0
0.00842159 0.000274393 0
0.0082346 0.000732926 0
0.00820129 0.000804154 0
0.00839526 0.000340914 0
0.00809903 0.000978628 0
0.00833601 0.00047226 0
0.00827149 0.000622198 0
0.00861559 0 0
0.00846902 0.000141566 0
0.00794536 0.00105649 0
0.00822361 0.000670235 0
0.00814757 0.000808012 0
0.00804186 0.000952502 0
0.00826357 0.000569848 0
0.00820854 0.000604819 0
0.0080404 0.000831754 0
0.00829262 0.000409216 0
0.0082463 0.000486576 0
0.00782423 0.000993644 0
0.00828896 0.000392577 0
0.00794361 0.000872765 0
0.00828504 0.000375722 0
0.00814807 0.000608167 0
0.00809766 0.000664988 0
0.0084158 0.000104156 0
0.00835412 0.000217418 0
0.0078241 0.000922943 0
0.00827881 0.000349127 0
0.00818041 0.000507966 0
0.00832826 0.000247179 0
0.00803704 0.000673576 0
0.00827196 0.000322028 0
0.00782351 0.000852008 0
0.00867663 -0.000234461 0
0.00826038 0.000280249 0
0.00820922 0.000356337 0
0.00839028 3.52901e-05 0
0.00849064 -0.000120264 0
0.00782213 0.000756838 0
0.00814432 0.000406594 0
0.00793752 0.000626288 0
0.00824738 0.000237391 0
0.0080317 0.000514268 0
0.00829605 0.00010951 0
0.00781996 0.00066139 0
0.00822575 0.000172901 0
0.00828545 7.56531e-05 0
0.0083559 -4.11342e-05 0
0.00841869 -0.000148484 0
0.00763365 0.00072295 0
0.00781602 0.000535587 0
0.00808298 0.000261344 0
0.00826686 2.15685e-05 0
0.00820102 0.000106319 0
0.00844675 -0.00024588 0
0.00802178 0.000311916 0
0.00813296 0.000157031 0
0.00763308 0.000573173 0
0.00781075 0.000409661 0
0.00792243 0.000304926 0
0.00823477 -6.31975e-05 0
0.00816074 8.74061e-06 0
0.00848309 -0.000387698 0
0.0082821 -0.000191178 0
0.00800814 0.000109527 0
0.00859438 -0.000223464 0
0.00827513 -0.000208064 0
0.007802 0.000247507 0
0.00826797 -0.00022511 0
0.00762888 0.000375557 0
0.00840261 -0.000403036 0
0.00833768 -0.000340882 0
0.00811432 -9.24482e-05 0
0.00825685 -0.000251897 0
0.0085394 -0.000508969 0
0.00817889 -0.000193581 0
0.00824526 -0.000279061 0
0.00741715 0.000432891 0
0.00830402 -0.000358049 0
0.00822683 -0.000320708 0
0.00779103 8.5822e-05 0
0.00741679 0.000354538 0
0.00835912 -0.000492578 0
0.0079857 -0.000138962 0
0.00820731 -0.000363174 0
0.00864976 -0.000462269 0
0.00741577 0.000276528 0
0.00761785 0.000119149 0
0.0078906 -9.98756e-05 0
0.00804122 -0.000236283 0
0.00817679 -0.000426662 0
0.00741357 0.000174965 0
0.00844941 -0.000658677 0
0.00777398 -0.000116735 0
0.00808152 -0.00038991 0
0.00824355 -0.000542054 0
0.00836826 -0.000670499 0
0.00814393 -0.00049178 0
0.00741033 7.39633e-05 0
0.00822746 -0.000575308 0
0.00830038 -0.000639592 0
0.00795721 -0.000385557 0
0.00820071 -0.000628106 0
0.00856838 0 0
0.00740476 -5.59459e-05 0
0.0077534 -0.000317593 0
0.00809335 -0.000586582 0
0.00759503 -0.000205773 0
0.00838385 -0.000780686 0
0.0071117 5.25855e-05 0
0.00815728 -0.000710197 0
0.0073976 -0.000184862 0
0.00803804 -0.000684284 0
0.00783079 -0.000590236 0
0.00711081 -0.000109623 0
0.00791444 -0.000677594 0
0.0077231 -0.000561551 0
0.00839428 -0.000928144 0
0.00831601 -0.000935668 0
0.00818388 -0.000887885 0
0.00738632 -0.000347589 0
0.00808694 -0.000835274 0
0.00817461 -0.000904057 0
0.00816519 -0.000920354 0
0.00823597 -0.000973981 0
0.00795481 -0.000822379 0
0.00815067 -0.000945912 0
0.00813578 -0.000971766 0
0.00755332 -0.000605436 0
0.00710563 -0.000315642 0
0.00737266 -0.00050854 0
0.00811261 -0.00101129 0
0.00818533 -0.00104906 0
0.00825088 -0.00106812 0
0.00768758 -0.00080188 0
0.00808861 -0.00105145 0
0.00855199 -0.000696424 0
0.00797333 -0.00102178 0
0.00786295 -0.000964978 0
0.00805198 -0.00111129 0
0.00735239 -0.000706938 0
0.00678314 -0.000349504 0
0.00709288 -0.000574396 0
0.00801354 -0.00117244 0
0.00824437 -0.00121034 0
0.00678265 -0.000432807 0
0.00831837 -0.00119553 0
0.00809105 -0.00127295 0
0.00678143 -0.0005156 0
0.00838897 -0.00107004 0
0.00763791 -0.00108413 0
0.00732872 -0.000902282 0
0.00795598 -0.00126111 0
0.00815053 -0.00130129 0
0.007729 -0.00115968 0
0.00807166 -0.00130401 0
0.00677892 -0.000619363 0
0.0082463 -0.00131073 0
0.00748339 -0.00108026 0
0.00804006 -0.00135315 0
0.00779129 -0.00129275 0
0.0070678 -0.000893417 0
0.00789475 -0.00135216 0
0.00677532 -0.0007223 0
0.00798997 -0.00142924 0
0.00729526 -0.0011365 0
0.00676939 -0.000850741 0
0.00758112 -0.00136025 0
0.00780497 -0.00148042 0
0.00815633 -0.00147887 0
0.00791136 -0.0015446 0
0.00822734 -0.00145616 0
0.00676185 -0.000977829 0
0.00725719 -0.00136584 0
0.00770834 -0.00161246 0
0.007024 -0.00127699 0
0.00797538 -0.00164475 0
0.00635706 -0.000848881 0
0.007965 -0.0016596 0
0.00675039 -0.00113445 0
0.00803287 -0.00165333 0
0.00795452 -0.00167455 0
0.00793835 -0.00169798 0
0.00838642 -0.000924788 0
0.007789 -0.00171567 0
0.00805633 -0.00167133 0
0.00792189 -0.00172164 0
0.00750555 -0.00167321 0
0.00635612 -0.00101673 0
0.00737433 -0.00162318 0
0.00789653 -0.00175776 0
0.00673664 -0.00128889 0
0.00787049 -0.0017944 0
0.00795368 -0.0017878 0
0.00720574 -0.00163249 0
0.00757037 -0.0017923 0
0.00783121 -0.00184887 0
0.00804767 -0.00175252 0
0.00831326 0 0
0.00635103 -0.00122105 0
0.0067168 -0.00147575 0
0.00811898 -0.00170739 0
0.00779047 -0.0019044 0
0.00760024 -0.00196299 0
0.00695365 -0.00172434 0
0.00773026 -0.00198473 0
0.00804308 -0.00181987 0
0.00742093 -0.00197718 0
0.00714833 -0.00189199 0
0.00669383 -0.00165924 0
0.00633896 -0.00146905 0
0.00766708 -0.00206703 0
0.00824211 -0.000546557 0
0.00789421 -0.00199044 0
0.00782273 -0.00203802 0
0.00780229 -0.00206627 0
0.00776934 -0.00211087 0
0.00591774 -0.00136684 0
0.00666212 -0.00187609 0
0.00757572 -0.00218267 0
0.00792398 -0.00201587 0
0.00591721 -0.00145072 0
0.0077176 -0.00217968 0
0.00631592 -0.00176686 0
0.00721495 -0.00221912 0
0.00591594 -0.0015343 0
0.0079938 -0.00194923 0
0.00707403 -0.00218384 0
0.00808417 -0.00158527 0
0.00747874 -0.00230148 0
0.00763752 -0.00228355 0
0.00731365 -0.00230902 0
0.00591351 -0.00163398 0
0.00662629 -0.00208789 0
0.00684816 -0.00222818 0
0.00816572 -0.00113866 0
0.00591007 -0.00173316 0
0.00734196 -0.002463 0
0.00751499 -0.0024368 0
0.00590471 -0.00185209 0
0.00627664 -0.00211794 0
0.00777206 -0.00227313 0
0.00699242 -0.00246601 0
0.00772255 -0.00233618 0
0.00657882 -0.00233134 0
0.00764826 -0.00240807 0
0.00589795 -0.00197022 0
0.00763795 -0.00242161 0
0.00762755 -0.00243523 0
0.00761137 -0.00245656 0
0.00777969 -0.00227804 0
0.00759497 -0.00247806 0
0.00756976 -0.00251082 0
0.00719557 -0.00262879 0
0.00785241 -0.00217734 0
0.00588804 -0.00211138 0
0.00754402 -0.00254396 0
0.00732946 -0.00265721 0
0.00750534 -0.00259308 0
0.00777894 -0.00229352 0
0.00652624 -0.00256758 0
0.00760524 -0.00251952 0
0.00587616 -0.00225118 0
0.00746546 -0.00264299 0
0.00539014 -0.00197159 0
0.00621474 -0.00252132 0
0.00689113 -0.00277223 0
0.00740684 -0.00271493 0
0.00669927 -0.00277409 0
0.00585948 -0.00241648 0
0.00699561 -0.00284546 0
0.00538927 -0.00213559 0
0.00734573 -0.00278834 0
0.00645936 -0.00283068 0
0.0058401 -0.00257944 0
VECTORS Strain float
VECTORS SqrtJ2(EPSP) float
VECTORS Stress float
