x coord, y coord, z coord, scalar 
1.01431, 0.620285, 0, 0.00791999
1.01431, 1.2027, 0, 0.00677175
1.01431, 1.78511, 0, 0.00596978
4.5, 2.15605, 0, 0.00712167
4.5, 2.69231, 0, 0.00829939
4.5, 3.22857, 0, 0.00919798
7.98569, 3.69181, 0, 0.00757689
7.98569, 4.18192, 0, 0.00715945
7.98569, 4.67202, 0, 0.00597766
1.01431, 2.12407, 0, 0.00673526
1.01431, 2.70648, 0, 0.00985068
1.01431, 3.2889, 0, 0.0105465
4.5, 3.54066, 0, 0.00995115
4.5, 4.07692, 0, 0.00959011
4.5, 4.61318, 0, 0.00728694
7.98569, 4.95726, 0, 0.00636803
7.98569, 5.44736, 0, 0.00735228
7.98569, 5.93747, 0, 0.00724241
1.01431, 3.62785, 0, 0.0105132
1.01431, 4.21027, 0, 0.0102557
1.01431, 4.79268, 0, 0.00796888
4.5, 4.92528, 0, 0.00681741
4.5, 5.46154, 0, 0.00797903
4.5, 5.9978, 0, 0.00800998
7.98569, 6.2227, 0, 0.00689006
7.98569, 6.71281, 0, 0.00671858
7.98569, 7.20292, 0, 0.00614375
1.01431, 5.13164, 0, 0.00774869
1.01431, 5.71405, 0, 0.00877527
1.01431, 6.29646, 0, 0.00810407
4.5, 6.30989, 0, 0.00789674
4.5, 6.84615, 0, 0.00770513
4.5, 7.38241, 0, 0.00706888
7.98569, 7.48815, 0, 0.00548935
7.98569, 7.97826, 0, 0.00544581
7.98569, 8.46836, 0, 0.00578154
1.01431, 6.63542, 0, 0.00761409
1.01431, 7.21783, 0, 0.00747378
1.01431, 7.80025, 0, 0.00702198
4.5, 7.69451, 0, 0.00672725
4.5, 8.23077, 0, 0.0067311
4.5, 8.76703, 0, 0.00679085
7.98569, 8.7536, 0, 0.00598776
7.98569, 9.2437, 0, 0.00639972
7.98569, 9.73381, 0, 0.00730516
1.01431, 8.13921, 0, 0.00709275
1.01431, 8.72162, 0, 0.0074752
1.01431, 9.30403, 0, 0.00736926
4.5, 9.07913, 0, 0.00731796
4.5, 9.61538, 0, 0.0079772
4.5, 10.1516, 0, 0.00821837
7.98569, 10.019, 0, 0.00795244
7.98569, 10.5092, 0, 0.00782105
7.98569, 10.9993, 0, 0.00737264
1.01431, 9.64299, 0, 0.00720426
1.01431, 10.2254, 0, 0.00680827
1.01431, 10.8078, 0, 0.00603568
4.5, 10.4637, 0, 0.00788862
4.5, 11, 0, 0.00707646
4.5, 11.5363, 0, 0.00626547
7.98569, 11.2845, 0, 0.00702184
7.98569, 11.7746, 0, 0.00693211
7.98569, 12.2647, 0, 0.00700212
1.01431, 11.1468, 0, 0.00560015
1.01431, 11.7292, 0, 0.00539082
1.01431, 12.3116, 0, 0.00535732
4.5, 11.8484, 0, 0.00583825
4.5, 12.3846, 0, 0.00585404
4.5, 12.9209, 0, 0.00596482
7.98569, 12.5499, 0, 0.00700877
7.98569, 13.04, 0, 0.00682643
7.98569, 13.5301, 0, 0.00667061
1.01431, 12.6506, 0, 0.00538688
1.01431, 13.233, 0, 0.00534321
1.01431, 13.8154, 0, 0.00510871
4.5, 13.233, 0, 0.00607058
4.5, 13.7692, 0, 0.00609178
4.5, 14.3055, 0, 0.00589903
7.98569, 13.8154, 0, 0.00661811
7.98569, 14.3055, 0, 0.00633333
7.98569, 14.7956, 0, 0.00589718
1.01431, 14.1543, 0, 0.00516046
1.01431, 14.7368, 0, 0.00541635
1.01431, 15.3192, 0, 0.00523175
4.5, 14.6176, 0, 0.00556872
4.5, 15.1538, 0, 0.00498221
4.5, 15.6901, 0, 0.00440403
7.98569, 15.0808, 0, 0.00544913
7.98569, 15.5709, 0, 0.00469595
7.98569, 16.061, 0, 0.00416503
1.01431, 15.6581, 0, 0.00500579
1.01431, 16.2405, 0, 0.00478883
1.01431, 16.823, 0, 0.00477371
4.5, 16.0022, 0, 0.00424067
4.5, 16.5385, 0, 0.00416659
4.5, 17.0747, 0, 0.00412903
7.98569, 16.3463, 0, 0.00404793
7.98569, 16.8364, 0, 0.00401144
7.98569, 17.3265, 0, 0.00389251
1.01431, 17.1619, 0, 0.00481354
1.01431, 17.7443, 0, 0.00465306
1.01431, 18.3267, 0, 0.0043615
4.5, 17.3868, 0, 0.00415583
4.5, 17.9231, 0, 0.00409289
4.5, 18.4593, 0, 0.00391913
7.98569, 17.6117, 0, 0.00379274
7.98569, 18.1018, 0, 0.00364722
7.98569, 18.5919, 0, 0.00344722
1.01431, 18.6657, 0, 0.00423213
1.01431, 19.2481, 0, 0.00406918
1.01431, 19.8305, 0, 0.0038965
4.5, 18.7714, 0, 0.00385432
4.5, 19.3077, 0, 0.00377496
4.5, 19.844, 0, 0.00362756
7.98569, 18.8772, 0, 0.00338145
7.98569, 19.3673, 0, 0.00338952
7.98569, 19.8574, 0, 0.00328366
14.3238, 19.8921, 0, 0.000965472
14.3238, 19.5211, 0, 0.00123872
14.3238, 19.1502, 0, 0.00142709
12, 19.8786, 0, 0.00187012
12, 19.4615, 0, 0.002156
12, 19.0444, 0, 0.00232166
9.67621, 19.8652, 0, 0.00272345
9.67621, 19.402, 0, 0.0030053
9.67621, 18.9387, 0, 0.00316613
14.3238, 18.9343, 0, 0.0015389
14.3238, 18.5634, 0, 0.00181495
14.3238, 18.1924, 0, 0.00209437
12, 18.8017, 0, 0.00244386
12, 18.3846, 0, 0.00276476
12, 17.9675, 0, 0.00305986
9.67621, 18.6691, 0, 0.0033146
9.67621, 18.2059, 0, 0.00367437
9.67621, 17.7426, 0, 0.00400879
14.3238, 17.9766, 0, 0.0022407
14.3238, 17.6056, 0, 0.00254997
14.3238, 17.2347, 0, 0.00282822
12, 17.7248, 0, 0.00326441
12, 17.3077, 0, 0.00356976
12, 16.8906, 0, 0.00376065
9.67621, 17.473, 0, 0.004243
9.67621, 17.0098, 0, 0.00443558
9.67621, 16.5465, 0, 0.0044961
14.3238, 17.0188, 0, 0.00295492
14.3238, 16.6479, 0, 0.00309305
14.3238, 16.2769, 0, 0.0031854
12, 16.6479, 0, 0.00388571
12, 16.2308, 0, 0.00410077
12, 15.8137, 0, 0.00432274
9.67621, 16.2769, 0, 0.00460688
9.67621, 15.8137, 0, 0.00495134
9.67621, 15.3504, 0, 0.00545237
14.3238, 16.061, 0, 0.00328282
14.3238, 15.6901, 0, 0.0036279
14.3238, 15.3192, 0, 0.00402285
12, 15.5709, 0, 0.00448058
12, 15.1538, 0, 0.00495107
12, 14.7368, 0, 0.00543982
9.67621, 15.0808, 0, 0.00575346
9.67621, 14.6176, 0, 0.00630707
9.67621, 14.1543, 0, 0.0067809
14.3238, 15.1033, 0, 0.00427538
14.3238, 14.7324, 0, 0.00441555
14.3238, 14.3614, 0, 0.00452839
12, 14.494, 0, 0.00564897
12, 14.0769, 0, 0.00598933
12, 13.6598, 0, 0.00628506
9.67621, 13.8847, 0, 0.00694366
9.67621, 13.4215, 0, 0.00731375
9.67621, 12.9583, 0, 0.00764597
14.3238, 14.1455, 0, 0.00471713
14.3238, 13.7746, 0, 0.00502533
14.3238, 13.4037, 0, 0.00519562
12, 13.4171, 0, 0.00626116
12, 13, 0, 0.0064033
12, 12.5829, 0, 0.00652931
9.67621, 12.6886, 0, 0.00739013
9.67621, 12.2254, 0, 0.00711949
9.67621, 11.7622, 0, 0.00698855
14.3238, 13.1878, 0, 0.00532583
14.3238, 12.8168, 0, 0.00525467
14.3238, 12.4459, 0, 0.00506599
12, 12.3402, 0, 0.00650489
12, 11.9231, 0, 0.00616707
12, 11.506, 0, 0.00563203
9.67621, 11.4926, 0, 0.00720116
9.67621, 11.0293, 0, 0.00746938
9.67621, 10.5661, 0, 0.00747922
14.3238, 12.23, 0, 0.00511026
14.3238, 11.8591, 0, 0.00527087
14.3238, 11.4882, 0, 0.00511435
12, 11.2632, 0, 0.00545347
12, 10.8462, 0, 0.00581262
12, 10.4291, 0, 0.0062882
9.67621, 10.2965, 0, 0.00691464
9.67621, 9.83322, 0, 0.00610102
9.67621, 9.36997, 0, 0.0057759
14.3238, 11.2723, 0, 0.00473975
14.3238, 10.9013, 0, 0.00505003
14.3238, 10.5304, 0, 0.00542092
12, 10.1863, 0, 0.00625327
12, 9.76923, 0, 0.00546093
12, 9.35214, 0, 0.00503479
9.67621, 9.10037, 0, 0.00544264
9.67621, 8.63713, 0, 0.00468597
9.67621, 8.17388, 0, 0.00449791
14.3238, 10.3145, 0, 0.00595279
14.3238, 9.94358, 0, 0.00567377
14.3238, 9.57264, 0, 0.00506746
12, 9.1094, 0, 0.00505769
12, 8.69231, 0, 0.00450796
12, 8.27522, 0, 0.00378604
9.67621, 7.90428, 0, 0.00521477
9.67621, 7.44104, 0, 0.0054064
9.67621, 6.97779, 0, 0.00540451
14.3238, 9.35676, 0, 0.00488024
14.3238, 8.98583, 0, 0.0057488
14.3238, 8.61489, 0, 0.0068865
12, 8.03248, 0, 0.00374791
12, 7.61538, 0, 0.00471163
12, 7.19829, 0, 0.00576172
9.67621, 6.70819, 0, 0.00546059
9.67621, 6.24494, 0, 0.00506012
9.67621, 5.7817, 0, 0.00419739
14.3238, 8.39901, 0, 0.00592955
14.3238, 8.02807, 0, 0.00489032
14.3238, 7.65713, 0, 0.00449548
12, 6.95555, 0, 0.00629758
12, 6.53846, 0, 0.00627178
12, 6.12137, 0, 0.00633109
9.67621, 5.5121, 0, 0.00416569
9.67621, 5.04885, 0, 0.0061442
9.67621, 4.58561, 0, 0.00767509
15.1127, 19.8955, 0, 0.000377683
15.5001, 19.8897, 0, 0.000565262
15.8874, 19.8772, 0, 0.000776216
15.1129, 19.5366, 0, 0.000579861
15.5008, 19.5112, 0, 0.000654129
15.8887, 19.4563, 0, 0.000733763
15.1132, 19.1779, 0, 0.00074729
15.5024, 19.1336, 0, 0.000698215
15.8916, 19.0372, 0, 0.00064927
15.1135, 18.9696, 0, 0.00082412
15.5037, 18.9159, 0, 0.000755415
15.8939, 18.7963, 0, 0.000656712
15.1142, 18.6126, 0, 0.000962569
15.5065, 18.5448, 0, 0.0008738
15.8988, 18.3871, 0, 0.000751502
15.1149, 18.2557, 0, 0.00111014
15.5098, 18.1745, 0, 0.000984868
15.9047, 17.9792, 0, 0.000828182
15.1154, 18.0483, 0, 0.00123558
15.512, 17.9609, 0, 0.00107908
15.9085, 17.746, 0, 0.000900733
15.1163, 17.6926, 0, 0.00153683
15.5159, 17.5972, 0, 0.00130636
15.9155, 17.352, 0, 0.00105582
15.1172, 17.3371, 0, 0.00186391
15.5202, 17.2338, 0, 0.00155514
15.9231, 16.9587, 0, 0.00120394
15.1178, 17.1304, 0, 0.00194062
15.5227, 17.0243, 0, 0.00173799
15.9276, 16.7347, 0, 0.00142317
15.1188, 16.7756, 0, 0.00194694
15.5271, 16.6674, 0, 0.00183875
15.9353, 16.3579, 0, 0.00155621
15.1198, 16.4208, 0, 0.00198335
15.5316, 16.3106, 0, 0.00201166
15.9433, 15.9813, 0, 0.00179871
15.1204, 16.2145, 0, 0.0021144
15.5342, 16.1048, 0, 0.00212046
15.9479, 15.7673, 0, 0.00196424
15.1214, 15.8602, 0, 0.00249916
15.5384, 15.754, 0, 0.00248
15.9554, 15.4082, 0, 0.00233998
15.1223, 15.5059, 0, 0.00289459
15.5427, 15.4032, 0, 0.00281073
15.963, 15.0491, 0, 0.00265699
15.1229, 15.2998, 0, 0.00303336
15.545, 15.2006, 0, 0.00291028
15.9672, 14.8451, 0, 0.00295928
15.1237, 14.9458, 0, 0.00304318
15.5488, 14.8551, 0, 0.00311274
15.974, 14.5031, 0, 0.00311962
15.1246, 14.5917, 0, 0.00318715
15.5526, 14.5096, 0, 0.0034389
15.9806, 14.1611, 0, 0.00337329
15.125, 14.3857, 0, 0.00347775
15.5546, 14.3099, 0, 0.00353423
15.9842, 13.9666, 0, 0.00344415
15.1257, 14.0318, 0, 0.00392951
15.5578, 13.9691, 0, 0.00395809
15.9899, 13.6403, 0, 0.00387445
15.1264, 13.6778, 0, 0.00426691
15.5609, 13.6281, 0, 0.00430122
15.9954, 13.3138, 0, 0.00426516
15.1268, 13.4718, 0, 0.00449976
15.5626, 13.4309, 0, 0.00448048
15.9984, 13.1278, 0, 0.0043897
15.1274, 13.1178, 0, 0.0046423
15.5652, 13.0939, 0, 0.00481365
16.003, 12.8151, 0, 0.00492203
15.128, 12.7638, 0, 0.00474183
15.5677, 12.7567, 0, 0.00512184
16.0074, 12.5021, 0, 0.0054189
15.1282, 12.5578, 0, 0.00489635
15.569, 12.5615, 0, 0.00524969
16.0097, 12.3233, 0, 0.00525156
15.1287, 12.2038, 0, 0.00491298
15.571, 12.2275, 0, 0.00548443
16.0133, 12.0218, 0, 0.00542406
15.1291, 11.8498, 0, 0.00447662
15.5729, 11.8934, 0, 0.0054431
16.0166, 11.72, 0, 0.00550394
15.1293, 11.6437, 0, 0.00430311
15.5739, 11.6997, 0, 0.00550864
16.0184, 11.547, 0, 0.00543687
15.1297, 11.2897, 0, 0.00547942
15.5754, 11.368, 0, 0.00578265
16.021, 11.2542, 0, 0.00564453
15.13, 10.9355, 0, 0.00658377
15.5767, 11.0362, 0, 0.0060402
16.0235, 10.9611, 0, 0.00596417
15.1302, 10.7294, 0, 0.00733905
15.5774, 10.8435, 0, 0.00630982
16.0247, 10.7926, 0, 0.00629935
15.1304, 10.3752, 0, 0.00729698
15.5785, 10.5134, 0, 0.00675271
16.0266, 10.5063, 0, 0.00683411
15.1306, 10.021, 0, 0.00690706
15.5794, 10.1832, 0, 0.00693267
16.0282, 10.2197, 0, 0.0071484
15.1307, 9.81478, 0, 0.00663642
15.5799, 9.99127, 0, 0.00693838
16.029, 10.0543, 0, 0.00702449
15.1309, 9.46042, 0, 0.00651201
15.5805, 9.66209, 0, 0.00670408
16.0302, 9.77259, 0, 0.00660135
15.131, 9.10603, 0, 0.00616511
15.581, 9.33275, 0, 0.00620334
16.0311, 9.49055, 0, 0.00569903
15.131, 8.89973, 0, 0.00417786
15.5812, 9.14124, 0, 0.00495199
16.0315, 9.32734, 0, 0.00502338
15.1311, 8.54518, 0, 0.0032551
15.5815, 8.81246, 0, 0.00417314
16.0319, 9.04851, 0, 0.00474406
15.1311, 8.19059, 0, 0.00338935
15.5816, 8.48351, 0, 0.00416307
16.0322, 8.76939, 0, 0.00490793
16.1128, 19.8677, 0, 0.000946921
16.5001, 19.8523, 0, 0.00110979
16.8874, 19.8375, 0, 0.00127143
16.1143, 19.4143, 0, 0.000849636
16.5017, 19.3452, 0, 0.000933836
16.8891, 19.2784, 0, 0.00102454
16.1176, 18.9625, 0, 0.000705194
16.5052, 18.8384, 0, 0.000742311
16.8928, 18.7186, 0, 0.000793847
16.1203, 18.703, 0, 0.000651917
16.5081, 18.548, 0, 0.000659023
16.8958, 18.3984, 0, 0.000665728
16.1259, 18.263, 0, 0.00066297
16.514, 18.0568, 0, 0.000682541
16.9021, 17.8578, 0, 0.000709464
16.1327, 17.8241, 0, 0.0006916
16.5212, 17.5658, 0, 0.000754718
16.9097, 17.3168, 0, 0.000821522
16.1371, 17.5743, 0, 0.000770199
16.5259, 17.2882, 0, 0.000846978
16.9147, 17.0125, 0, 0.000857894
16.145, 17.1544, 0, 0.00093491
16.5343, 16.8252, 0, 0.00106441
16.9236, 16.5082, 0, 0.00114611
16.1538, 16.7353, 0, 0.00116095
16.5436, 16.3624, 0, 0.00132326
16.9334, 16.0035, 0, 0.00148877
16.1589, 16.4983, 0, 0.00140186
16.5491, 16.1037, 0, 0.00152407
16.9392, 15.724, 0, 0.00179641
16.1678, 16.1031, 0, 0.0017092
16.5585, 15.6776, 0, 0.00202988
16.9492, 15.2684, 0, 0.00244135
16.177, 15.7081, 0, 0.00198341
16.5683, 15.2515, 0, 0.00247673
16.9595, 14.8127, 0, 0.00292509
16.1823, 15.486, 0, 0.00218823
16.5738, 15.0155, 0, 0.00266332
16.9654, 14.5635, 0, 0.00300316
16.1909, 15.1173, 0, 0.00256501
16.583, 14.6306, 0, 0.0030553
16.9751, 14.1633, 0, 0.00349643
16.1996, 14.7487, 0, 0.00284384
16.5922, 14.2457, 0, 0.003386
16.9849, 13.7631, 0, 0.00400362
16.2044, 14.5418, 0, 0.00320961
16.5974, 14.0338, 0, 0.00355144
16.9903, 13.5466, 0, 0.00413543
16.2122, 14.1996, 0, 0.00349964
16.6056, 13.6907, 0, 0.00388976
16.999, 13.203, 0, 0.00440419
16.2198, 13.8572, 0, 0.00371242
16.6137, 13.3475, 0, 0.00417312
17.0076, 12.8594, 0, 0.0046375
16.2239, 13.6651, 0, 0.00394338
16.6181, 13.1591, 0, 0.00459964
17.0122, 12.6749, 0, 0.0049986
16.2305, 13.3473, 0, 0.00436599
16.625, 12.8551, 0, 0.00491739
17.0195, 12.3846, 0, 0.00521349
16.2368, 13.0294, 0, 0.00478837
16.6317, 12.5511, 0, 0.00523641
17.0266, 12.0944, 0, 0.0054471
16.2402, 12.8506, 0, 0.00470713
16.6353, 12.3842, 0, 0.0047315
17.0304, 11.9391, 0, 0.00500249
16.2454, 12.5543, 0, 0.00534962
16.6409, 12.1148, 0, 0.00496933
17.0364, 11.6959, 0, 0.00488586
16.2505, 12.2577, 0, 0.00594886
16.6462, 11.8452, 0, 0.00525692
17.042, 11.4528, 0, 0.00491792
16.2531, 12.0903, 0, 0.00568072
16.6491, 11.6967, 0, 0.00541005
17.045, 11.3228, 0, 0.00518681
16.2572, 11.8118, 0, 0.00546574
16.6534, 11.4561, 0, 0.00534703
17.0496, 11.1189, 0, 0.00531849
16.2611, 11.533, 0, 0.00529821
16.6575, 11.2153, 0, 0.00535089
17.0539, 10.9152, 0, 0.00554972
16.2631, 11.3749, 0, 0.00509489
16.6596, 11.0819, 0, 0.00519534
17.0562, 10.8057, 0, 0.00573106
16.2662, 11.1104, 0, 0.00546209
16.6629, 10.864, 0, 0.00547692
17.0597, 10.6333, 0, 0.0058216
16.269, 10.8456, 0, 0.00613296
16.6659, 10.6461, 0, 0.00591781
17.0628, 10.4609, 0, 0.00590419
16.2704, 10.6947, 0, 0.00656419
16.6674, 10.5244, 0, 0.00621117
17.0644, 10.3675, 0, 0.00598
16.2726, 10.4407, 0, 0.00699409
16.6697, 10.3239, 0, 0.00641553
17.0668, 10.2189, 0, 0.00594967
16.2744, 10.1865, 0, 0.00714801
16.6717, 10.1234, 0, 0.0064064
17.0689, 10.0705, 0, 0.00577029
16.2753, 10.0408, 0, 0.00663109
16.6727, 10.0104, 0, 0.00613129
17.07, 9.98911, 0, 0.00564348
16.2767, 9.79441, 0, 0.00579784
16.6741, 9.82252, 0, 0.0056761
17.0714, 9.85803, 0, 0.00537671
16.2777, 9.54775, 0, 0.00515735
16.6751, 9.63461, 0, 0.0054355
17.0726, 9.72707, 0, 0.00541814
16.2782, 9.40576, 0, 0.00506751
16.6756, 9.52784, 0, 0.00546407
17.0731, 9.65442, 0, 0.00554254
16.2787, 9.1645, 0, 0.00524077
16.6762, 9.34884, 0, 0.0053814
17.0737, 9.53572, 0, 0.00544505
16.2789, 8.92296, 0, 0.00529141
16.6765, 9.16977, 0, 0.00516434
17.074, 9.41715, 0, 0.00513374
17.1128, 19.8296, 0, 0.00493287
17.5001, 19.8203, 0, 0.0143057
17.8873, 19.8161, 0, 0.0244058
17.1143, 19.2433, 0, 0.000894056
17.5009, 19.2025, 0, 0.0068303
17.8875, 19.1841, 0, 0.0127858
17.1177, 18.6561, 0, 0.000478257
17.5028, 18.5841, 0, 0.00248804
17.8879, 18.552, 0, 0.00418388
17.1204, 18.3204, 0, 0.000896609
17.5043, 18.231, 0, 0.00157494
17.8883, 18.1919, 0, 0.00215248
17.126, 17.754, 0, 0.000525102
17.5075, 17.636, 0, 0.00106164
17.889, 17.5865, 0, 0.00163525
17.1329, 17.187, 0, 0.000806051
17.5114, 17.0405, 0, 0.00122435
17.8899, 16.981, 0, 0.0018484
17.1374, 16.8689, 0, 0.00108243
17.5139, 16.7074, 0, 0.00150022
17.8904, 16.6433, 0, 0.00208137
17.1454, 16.343, 0, 0.00152655
17.5184, 16.1584, 0, 0.00183516
17.8915, 16.0881, 0, 0.00228438
17.1543, 15.8166, 0, 0.00188645
17.5234, 15.6091, 0, 0.00222399
17.8926, 15.5328, 0, 0.00265854
17.1595, 15.5264, 0, 0.00218731
17.5264, 15.3077, 0, 0.0025225
17.8932, 15.2291, 0, 0.00293785
17.1685, 15.0554, 0, 0.00278219
17.5314, 14.8212, 0, 0.00299511
17.8944, 14.7407, 0, 0.00329545
17.1778, 14.5842, 0, 0.00323887
17.5367, 14.3346, 0, 0.00333384
17.8956, 14.2522, 0, 0.00354348
17.1831, 14.3283, 0, 0.00331236
17.5397, 14.0722, 0, 0.00350618
17.8962, 13.9899, 0, 0.00374068
17.1919, 13.9201, 0, 0.00376467
17.5446, 13.6571, 0, 0.00391031
17.8974, 13.5769, 0, 0.00411827
17.2007, 13.5119, 0, 0.00428923
17.5496, 13.242, 0, 0.00421561
17.8985, 13.164, 0, 0.00421906
17.2056, 13.293, 0, 0.00448378
17.5523, 13.0217, 0, 0.00443701
17.8991, 12.946, 0, 0.00435082
17.2134, 12.9492, 0, 0.00465193
17.5567, 12.6798, 0, 0.00465154
17.9001, 12.6099, 0, 0.00456454
17.2211, 12.6053, 0, 0.00472865
17.5611, 12.3379, 0, 0.00459082
17.9011, 12.2739, 0, 0.00433002
17.2253, 12.4229, 0, 0.00490907
17.5634, 12.159, 0, 0.00459481
17.9016, 12.0993, 0, 0.00425876
17.2319, 12.1397, 0, 0.00499663
17.5672, 11.886, 0, 0.00462816
17.9024, 11.8355, 0, 0.00428427
17.2383, 11.8567, 0, 0.00503783
17.5708, 11.6132, 0, 0.00443121
17.9033, 11.5718, 0, 0.00390924
17.2417, 11.7075, 0, 0.00479241
17.5727, 11.4721, 0, 0.00435591
17.9037, 11.4369, 0, 0.0037611
17.2471, 11.478, 0, 0.00462986
17.5757, 11.2602, 0, 0.00441263
17.9044, 11.237, 0, 0.00389865
17.2522, 11.2486, 0, 0.0046078
17.5786, 11.0483, 0, 0.00457607
17.905, 11.037, 0, 0.00410944
17.2549, 11.1282, 0, 0.00475894
17.5801, 10.9399, 0, 0.00465841
17.9054, 10.9362, 0, 0.00419935
17.259, 10.9435, 0, 0.00491452
17.5825, 10.779, 0, 0.00481569
17.9059, 10.7896, 0, 0.00430182
17.2629, 10.7591, 0, 0.00518392
17.5846, 10.6182, 0, 0.00508487
17.9064, 10.643, 0, 0.00450091
17.265, 10.6621, 0, 0.00559586
17.5858, 10.5364, 0, 0.00535348
17.9066, 10.57, 0, 0.0046563
17.2681, 10.5133, 0, 0.00574091
17.5876, 10.4162, 0, 0.00548317
17.907, 10.4658, 0, 0.00485689
17.2709, 10.3646, 0, 0.00574496
17.5891, 10.2961, 0, 0.00548799
17.9074, 10.3617, 0, 0.00496808
17.2724, 10.2859, 0, 0.00572102
17.59, 10.2351, 0, 0.00543333
17.9076, 10.3104, 0, 0.00497187
17.2745, 10.1644, 0, 0.00566943
17.5912, 10.1459, 0, 0.00536397
17.9079, 10.2385, 0, 0.0049649
17.2764, 10.043, 0, 0.00553071
17.5923, 10.0568, 0, 0.00524948
17.9081, 10.1666, 0, 0.0049539
17.2774, 9.97813, 0, 0.00544866
17.5928, 10.0116, 0, 0.00515115
17.9082, 10.1316, 0, 0.00494747
17.2787, 9.87662, 0, 0.00519253
17.5935, 9.94515, 0, 0.00503472
17.9084, 10.0833, 0, 0.00488808
17.2797, 9.77527, 0, 0.00507185
17.5941, 9.87881, 0, 0.00495547
17.9085, 10.035, 0, 0.00477208
17.2802, 9.72038, 0, 0.00505693
17.5944, 9.84489, 0, 0.0048501
17.9086, 10.0117, 0, 0.00465682
17.2807, 9.6331, 0, 0.00499788
17.5947, 9.79463, 0, 0.00467002
17.9086, 9.98, 0, 0.00457114
17.281, 9.54599, 0, 0.00487718
17.5948, 9.74447, 0, 0.00448536
17.9087, 9.94833, 0, 0.00453713
20.1653, 19.8158, 0, 0.0164408
20.798, 19.183, 0, 0.0177005
21.4305, 18.5501, 0, 0.00607901
20.1006, 19.8158, 0, 0.00937267
20.7324, 19.183, 0, 0.0136097
21.3637, 18.5501, 0, 0.00481163
20.0358, 19.8158, 0, 0.00248971
20.6665, 19.183, 0, 0.00978187
21.2963, 18.5501, 0, 0.00377853
19.998, 19.8158, 0, 0.000664706
20.6276, 19.183, 0, 0.00557746
21.2561, 18.5501, 0, 0.00160336
19.9328, 19.8158, 0, 0
20.5598, 19.183, 0, 0.0046974
21.185, 18.5501, 0, 0.000778095
19.8675, 19.8158, 0, 0.000745314
20.4914, 19.183, 0, 0.0036701
21.1131, 18.5501, 0, 0.000117786
19.8292, 19.8158, 0, 0.00205821
20.4508, 19.183, 0, 0.00290036
21.0698, 18.5501, 0, 0
19.7633, 19.8158, 0, 0.00461657
20.3795, 19.183, 0, 0.0027821
20.9926, 18.5501, 0, 0
19.6971, 19.8158, 0, 0.00734566
20.3076, 19.183, 0, 0.00345266
20.9143, 18.5501, 0, 0.000132436
19.6583, 19.8158, 0, 0.00918997
20.2645, 19.183, 0, 0.004683
20.8667, 18.5501, 0, 0.000958883
19.5912, 19.8158, 0, 0.0129259
20.1883, 19.183, 0, 0.00649536
20.7812, 18.5501, 0, 0.00182636
19.5239, 19.8158, 0, 0.0169179
20.1113, 19.183, 0, 0.00855064
20.6941, 18.5501, 0, 0.00291124
19.4843, 19.8158, 0, 0.0196659
20.0648, 19.183, 0, 0.0112157
20.6407, 18.5501, 0, 0.00402523
19.4156, 19.8158, 0, 0.025494
19.9821, 19.183, 0, 0.0143782
20.5442, 18.5501, 0, 0.00597198
19.3467, 19.8158, 0, 0.0317808
19.8982, 19.183, 0, 0.0178782
20.4458, 18.5501, 0, 0.00813684
19.3061, 19.8158, 0, 0.0378783
19.8474, 19.183, 0, 0.0218214
20.3851, 18.5501, 0, 0.0102275
19.2354, 19.8158, 0, 0.049935
19.7564, 19.183, 0, 0.0283007
20.2751, 18.5501, 0, 0.0148058
19.1645, 19.8158, 0, 0.0629117
19.6643, 19.183, 0, 0.0358903
20.163, 18.5501, 0, 0.0198828
19.1226, 19.8158, 0, 0.0863461
19.6084, 19.183, 0, 0.0432033
20.0939, 18.5501, 0, 0.0249446
19.0497, 19.8158, 0, 0.119112
19.5082, 19.183, 0, 0.0635769
19.9688, 18.5501, 0, 0.0419845
18.9766, 19.8158, 0, 0.152684
19.407, 19.183, 0, 0.0861884
19.8418, 18.5501, 0, 0.0603551
18.9334, 19.8158, 0, 0.274331
19.3458, 19.183, 0, 0.124017
19.7641, 18.5501, 0, 0.0832249
18.8584, 19.8158, 0, 0.376064
19.2368, 19.183, 0, 0.201092
19.6244, 18.5501, 0, 0.149544
18.7833, 19.8158, 0, 0.4824
19.1273, 19.183, 0, 0.278999
19.4838, 18.5501, 0, 0.215122
18.7391, 19.8158, 0, 0.760277
19.0618, 19.183, 0, 0.6535
19.3987, 18.5501, 0, 0.600126
18.6627, 19.8158, 0, 0.736771
18.9467, 19.183, 0, 0.633611
19.2482, 18.5501, 0, 0.580957
18.5864, 19.8158, 0, 0.715305
18.8321, 19.183, 0, 0.614981
19.0987, 18.5501, 0, 0.562948
18.5419, 19.8158, 0, 0.342671
18.7648, 19.183, 0, 0.363484
19.0099, 18.5501, 0, 0.33168
18.4655, 19.8158, 0, 0.338996
18.6489, 19.183, 0, 0.32777
18.8564, 18.5501, 0, 0.271231
18.3896, 19.8158, 0, 0.341655
18.5353, 19.183, 0, 0.29304
18.7068, 18.5501, 0, 0.212288
18.3459, 19.8158, 0, 0.286195
18.4702, 19.183, 0, 0.156543
18.6204, 18.5501, 0, 0.0897896
18.2717, 19.8158, 0, 0.230036
18.3617, 19.183, 0, 0.119379
18.4757, 18.5501, 0, 0.0605539
18.1985, 19.8158, 0, 0.171214
18.2575, 19.183, 0, 0.0783278
18.3385, 18.5501, 0, 0.0273761
18.1569, 19.8158, 0, 0.150419
18.2001, 19.183, 0, 0.0508188
18.2623, 18.5501, 0, 0.0136662
18.0874, 19.8158, 0, 0.117432
18.1085, 19.183, 0, 0.0362215
18.1402, 18.5501, 0, 0.00922684
18.0195, 19.8158, 0, 0.0816443
18.0235, 19.183, 0, 0.0184198
18.0299, 18.5501, 0, 0.00370298
21.7905, 18.19, 0, 0.0051794
22.3949, 17.585, 0, 0.000343796
22.9992, 16.9801, 0, 0
21.7227, 18.19, 0, 0.00428431
22.3253, 17.585, 0, 0
22.9276, 16.9801, 0, 0
21.6543, 18.19, 0, 0.00342476
22.2551, 17.585, 0, 0
22.8554, 16.9801, 0, 0
21.6132, 18.19, 0, 0.00308559
22.2123, 17.585, 0, 0.00119043
22.8108, 16.9801, 0, 0
21.54, 18.19, 0, 0.0015893
22.1352, 17.585, 0, 0.000475679
22.7295, 16.9801, 0, 0
21.4659, 18.19, 0, 0.000379239
22.0572, 17.585, 0, 0
22.6473, 16.9801, 0, 0
21.4209, 18.19, 0, 0.00138586
22.0092, 17.585, 0, 0.00168524
22.5961, 16.9801, 0, 0
21.3401, 18.19, 0, 0.000773919
21.9219, 17.585, 0, 0.00114365
22.5019, 16.9801, 0, 1.58026e-05
21.258, 18.19, 0, 0.000421503
21.8333, 17.585, 0, 0.000716018
22.4066, 16.9801, 0, 7.76444e-05
21.2077, 18.19, 0, 0.00181718
21.7783, 17.585, 0, 0.0025949
22.3467, 16.9801, 0, 0.000386384
21.1166, 18.19, 0, 0.00181201
21.6775, 17.585, 0, 0.00205255
22.2361, 16.9801, 0, 0.000531643
21.0238, 18.19, 0, 0.00222773
21.5752, 17.585, 0, 0.00168153
22.124, 16.9801, 0, 0.000666323
20.9665, 18.19, 0, 0.00389082
21.5112, 17.585, 0, 0.00480322
22.0534, 16.9801, 0, 0.00184236
20.8621, 18.19, 0, 0.00512685
21.3935, 17.585, 0, 0.00482012
21.9225, 16.9801, 0, 0.00241774
20.7556, 18.19, 0, 0.0065326
21.2739, 17.585, 0, 0.00516554
21.7899, 16.9801, 0, 0.00307668
20.6895, 18.19, 0, 0.0079571
21.1989, 17.585, 0, 0.006887
21.7063, 16.9801, 0, 0.0103608
20.569, 18.19, 0, 0.0124545
21.061, 17.585, 0, 0.0101842
21.5518, 16.9801, 0, 0.0137208
20.4462, 18.19, 0, 0.0170747
20.921, 17.585, 0, 0.0133043
21.3952, 16.9801, 0, 0.017013
20.3701, 18.19, 0, 0.0227337
20.8337, 17.585, 0, 0.0169161
21.2972, 16.9801, 0, 0.0244281
20.2316, 18.19, 0, 0.0417275
20.6736, 17.585, 0, 0.0424353
21.1168, 16.9801, 0, 0.054107
20.0911, 18.19, 0, 0.0609013
20.5117, 17.585, 0, 0.067506
20.9347, 16.9801, 0, 0.0834005
20.0047, 18.19, 0, 0.0982849
20.4115, 17.585, 0, 0.167428
20.8217, 16.9801, 0, 0.253788
19.8488, 18.19, 0, 0.170142
20.2298, 17.585, 0, 0.259723
20.6161, 16.9801, 0, 0.361909
19.6919, 18.19, 0, 0.242447
20.0472, 17.585, 0, 0.35162
20.4095, 16.9801, 0, 0.472508
19.5966, 18.19, 0, 0.594515
19.9359, 17.585, 0, 0.585533
20.2831, 16.9801, 0, 0.571302
19.4275, 18.19, 0, 0.560646
19.737, 17.585, 0, 0.510586
20.0565, 16.9801, 0, 0.456762
19.2594, 18.19, 0, 0.528887
19.5392, 17.585, 0, 0.439072
19.8308, 16.9801, 0, 0.346273
19.1592, 18.19, 0, 0.296459
19.4209, 17.585, 0, 0.22947
19.6951, 16.9801, 0, 0.180129
18.9854, 18.19, 0, 0.229578
19.2141, 17.585, 0, 0.161425
19.4564, 16.9801, 0, 0.11222
18.8158, 18.19, 0, 0.166724
19.0113, 17.585, 0, 0.0981744
19.2215, 16.9801, 0, 0.0462744
18.7174, 18.19, 0, 0.0665214
18.8931, 17.585, 0, 0.0375594
19.0835, 16.9801, 0, 0.0182819
18.5517, 18.19, 0, 0.0429565
18.6923, 17.585, 0, 0.0231654
18.8464, 16.9801, 0, 0.0110873
18.3944, 18.19, 0, 0.0146071
18.4993, 17.585, 0, 0.00810325
18.6167, 16.9801, 0, 0.00494364
18.3064, 18.19, 0, 0.00837556
18.3905, 17.585, 0, 0.00580188
18.4853, 16.9801, 0, 0.00455607
18.1643, 18.19, 0, 0.00646207
18.2121, 17.585, 0, 0.00435324
18.2661, 16.9801, 0, 0.00354606
18.0351, 18.19, 0, 0.00396709
18.046, 17.585, 0, 0.00270049
18.0583, 16.9801, 0, 0.0024767
23.336, 16.6429, 0, 0.00161827
23.8891, 16.0891, 0, 0
24.4423, 15.5353, 0, 0
23.2632, 16.6429, 0, 0.00146992
23.8141, 16.0891, 0, 0
24.365, 15.5353, 0, 0
23.1898, 16.6429, 0, 0.00130825
23.7388, 16.0891, 0, 0
24.2876, 15.5353, 0, 0
23.1441, 16.6429, 0, 0
23.6912, 16.0891, 0, 0
24.2381, 15.5353, 0, 0
23.0602, 16.6429, 0, 0.000165
23.6031, 16.0891, 0, 0
24.1456, 15.5353, 0, 0
22.9757, 16.6429, 0, 0.000316265
23.5145, 16.0891, 0, 0
24.0529, 15.5353, 0, 0
22.9225, 16.6429, 0, 0
23.4582, 16.0891, 0, 0
23.9934, 15.5353, 0, 0
22.8244, 16.6429, 0, 0
23.3534, 16.0891, 0, 0
23.8818, 15.5353, 0, 0
22.7252, 16.6429, 0, 6.19278e-07
23.2479, 16.0891, 0, 0
23.7698, 15.5353, 0, 1.00957e-05
22.6626, 16.6429, 0, 0
23.1807, 16.0891, 0, 0
23.698, 15.5353, 0, 0.000299718
22.5464, 16.6429, 0, 0.00012202
23.0551, 16.0891, 0, 0
23.563, 15.5353, 0, 0.000532795
22.4289, 16.6429, 0, 0.000249918
22.9287, 16.0891, 0, 0
23.4276, 15.5353, 0, 0.000754271
22.3545, 16.6429, 0, 0.000455459
22.8482, 16.0891, 0, 0
23.3409, 15.5353, 0, 0.00130639
22.2163, 16.6429, 0, 0.000922171
22.6979, 16.0891, 0, 0.000112974
23.1786, 15.5353, 0, 0.00192585
22.0765, 16.6429, 0, 0.00137817
22.5465, 16.0891, 0, 0.000451556
23.0157, 15.5353, 0, 0.00256513
21.9882, 16.6429, 0, 0.00735143
22.4506, 16.0891, 0, 0.000334868
22.9122, 15.5353, 0, 0.0045466
21.8246, 16.6429, 0, 0.0110714
22.2721, 16.0891, 0, 0.00644488
22.7192, 15.5353, 0, 0.0148423
21.6592, 16.6429, 0, 0.0149332
22.0925, 16.0891, 0, 0.0129615
22.5256, 15.5353, 0, 0.0254139
21.5554, 16.6429, 0, 0.0148466
21.9795, 16.0891, 0, 0.0150806
22.4035, 15.5353, 0, 0.0949629
21.3643, 16.6429, 0, 0.0516763
21.7708, 16.0891, 0, 0.111368
22.1778, 15.5353, 0, 0.248993
21.1715, 16.6429, 0, 0.0933232
21.5611, 16.0891, 0, 0.215753
21.9516, 15.5353, 0, 0.410892
21.0517, 16.6429, 0, 0.321933
21.4305, 16.0891, 0, 0.472177
21.8105, 15.5353, 0, 0.583357
20.8334, 16.6429, 0, 0.426823
21.1919, 16.0891, 0, 0.52237
21.5523, 15.5353, 0, 0.580964
20.6143, 16.6429, 0, 0.522151
20.9528, 16.0891, 0, 0.561298
21.2937, 15.5353, 0, 0.566566
20.48, 16.6429, 0, 0.544074
20.8059, 16.0891, 0, 0.493551
21.1347, 15.5353, 0, 0.442962
20.2386, 16.6429, 0, 0.416761
20.541, 16.0891, 0, 0.350417
20.8469, 15.5353, 0, 0.280301
19.9981, 16.6429, 0, 0.29588
20.2767, 16.0891, 0, 0.214533
20.5594, 15.5353, 0, 0.125904
19.8532, 16.6429, 0, 0.146888
20.1169, 16.0891, 0, 0.0837305
20.3851, 15.5353, 0, 0.0422969
19.5973, 16.6429, 0, 0.0820967
19.8333, 16.0891, 0, 0.0428994
20.074, 15.5353, 0, 0.0211922
19.3448, 16.6429, 0, 0.0244156
19.5519, 16.0891, 0, 0.0077339
19.7642, 15.5353, 0, 0.00462141
19.1957, 16.6429, 0, 0.0103335
19.3849, 16.0891, 0, 0.00691826
19.5793, 15.5353, 0, 0.00526785
18.9382, 16.6429, 0, 0.00703462
19.094, 16.0891, 0, 0.00497993
19.2545, 15.5353, 0, 0.00440299
18.6873, 16.6429, 0, 0.00379844
18.8075, 16.0891, 0, 0.00336777
18.9321, 15.5353, 0, 0.00367314
18.5428, 16.6429, 0, 0.00405204
18.641, 16.0891, 0, 0.0034131
18.743, 15.5353, 0, 0.00346406
18.2992, 16.6429, 0, 0.00321016
18.3567, 16.0891, 0, 0.00285509
18.4163, 15.5353, 0, 0.00310557
18.0659, 16.6429, 0, 0.00236838
18.0794, 16.0891, 0, 0.00232202
18.0933, 15.5353, 0, 0.00277409
24.7446, 15.2326, 0, 0
25.2304, 14.7461, 0, 0
25.7163, 14.2597, 0, 0
24.6661, 15.2326, 0, 0
25.1499, 14.7461, 0, 0
25.6337, 14.2597, 0, 0
24.5875, 15.2326, 0, 0
25.0694, 14.7461, 0, 0
25.5514, 14.2597, 0, 0
24.537, 15.2326, 0, 0
25.0172, 14.7461, 0, 0
25.4976, 14.2597, 0, 0
24.4421, 15.2326, 0, 0
24.9184, 14.7461, 0, 0
25.3948, 14.2597, 0, 0
24.347, 15.2326, 0, 0
24.8197, 14.7461, 0, 0
25.2924, 14.2597, 0, 0
24.2858, 15.2326, 0, 0
24.7556, 14.7461, 0, 0
25.2255, 14.2597, 0, 0
24.1704, 15.2326, 0, 0
24.6341, 14.7461, 0, 0
25.098, 14.2597, 0, 0
24.0548, 15.2326, 0, 0
24.5128, 14.7461, 0, 0
24.971, 14.2597, 0, 0.000114312
23.9804, 15.2326, 0, 4.23449e-05
24.4343, 14.7461, 0, 0
24.8884, 14.2597, 0, 0.000285693
23.8403, 15.2326, 0, 0.000155089
24.2859, 14.7461, 0, 0
24.7317, 14.2597, 0, 0.000213494
23.6999, 15.2326, 0, 0.000253674
24.1377, 14.7461, 0, 0
24.5756, 14.2597, 0, 0.00014869
23.6099, 15.2326, 0, 0.000984591
24.0423, 14.7461, 0, 0.000427465
24.4748, 14.2597, 0, 0.000801743
23.4411, 15.2326, 0, 0.00212719
23.8628, 14.7461, 0, 0.00441362
24.2848, 14.2597, 0, 0.00676924
23.2719, 15.2326, 0, 0.00374296
23.6837, 14.7461, 0, 0.00872554
24.0955, 14.2597, 0, 0.0133336
23.1642, 15.2326, 0, 0.00594134
23.5693, 14.7461, 0, 0.0336732
23.9746, 14.2597, 0, 0.093974
22.9634, 15.2326, 0, 0.0379674
23.3557, 14.7461, 0, 0.125808
23.7482, 14.2597, 0, 0.237666
22.7622, 15.2326, 0, 0.0832163
23.1424, 14.7461, 0, 0.231145
23.5227, 14.2597, 0, 0.394989
22.6353, 15.2326, 0, 0.217632
23.0077, 14.7461, 0, 0.401711
23.3801, 14.2597, 0, 0.55919
22.4004, 15.2326, 0, 0.396171
22.758, 14.7461, 0, 0.549054
23.1156, 14.2597, 0, 0.674692
22.1653, 15.2326, 0, 0.561538
22.5087, 14.7461, 0, 0.681086
22.8519, 14.2597, 0, 0.780166
22.0186, 15.2326, 0, 0.66568
22.353, 14.7461, 0, 0.705074
22.6871, 14.2597, 0, 0.72152
21.7499, 15.2326, 0, 0.62054
22.0673, 14.7461, 0, 0.576183
22.3843, 14.2597, 0, 0.513306
21.481, 15.2326, 0, 0.551879
21.7817, 14.7461, 0, 0.424928
22.0819, 14.2597, 0, 0.285151
21.3154, 15.2326, 0, 0.393479
21.6056, 14.7461, 0, 0.268136
21.8953, 14.2597, 0, 0.153509
21.0154, 15.2326, 0, 0.22399
21.2858, 14.7461, 0, 0.145473
21.5556, 14.2597, 0, 0.076093
20.7155, 15.2326, 0, 0.0821934
20.9659, 14.7461, 0, 0.0463395
21.2155, 14.2597, 0, 0.0189566
20.5333, 15.2326, 0, 0.0309464
20.7711, 14.7461, 0, 0.0202061
21.0081, 14.2597, 0, 0.0108521
20.2074, 15.2326, 0, 0.0173914
20.4215, 14.7461, 0, 0.0113461
20.6346, 14.2597, 0, 0.00662052
19.8822, 15.2326, 0, 0.00570792
20.0713, 14.7461, 0, 0.00442613
20.2594, 14.2597, 0, 0.00404942
19.6875, 15.2326, 0, 0.00515117
19.8609, 14.7461, 0, 0.00479569
20.0334, 14.2597, 0, 0.00432615
19.3441, 15.2326, 0, 0.00455731
19.4878, 14.7461, 0, 0.00430383
19.6306, 14.2597, 0, 0.00393824
19.0019, 15.2326, 0, 0.00404668
19.1136, 14.7461, 0, 0.00389825
19.2245, 14.2597, 0, 0.00363445
18.8002, 15.2326, 0, 0.00365692
18.8919, 14.7461, 0, 0.00362585
18.9828, 14.2597, 0, 0.00353607
18.4498, 15.2326, 0, 0.00333663
18.5037, 14.7461, 0, 0.00343793
18.5572, 14.2597, 0, 0.00345072
18.1012, 15.2326, 0, 0.00308281
18.1138, 14.7461, 0, 0.0033016
18.1263, 14.2597, 0, 0.0034233
25.977, 13.9986, 0, 4.90942e-06
26.3871, 13.588, 0, 0.00145373
26.7973, 13.1773, 0, 0.00321728
25.8934, 13.9986, 0, 0
26.3019, 13.588, 0, 0.00120358
26.7105, 13.1773, 0, 0.00279904
25.8101, 13.9986, 0, 0
26.2171, 13.588, 0, 0.000908006
26.6243, 13.1773, 0, 0.00226132
25.7553, 13.9986, 0, 0
26.161, 13.588, 0, 0.000862137
26.5668, 13.1773, 0, 0.001977
25.6505, 13.9986, 0, 0
26.053, 13.588, 0, 0.000755515
26.4557, 13.1773, 0, 0.00176877
25.5462, 13.9986, 0, 0
25.9456, 13.588, 0, 0.000649332
26.3454, 13.1773, 0, 0.00155374
25.4778, 13.9986, 0, 4.4848e-05
25.8749, 13.588, 0, 0.00090304
26.2723, 13.1773, 0, 0.00146062
25.3471, 13.9986, 0, 0.000284001
25.7392, 13.588, 0, 0.00138403
26.1317, 13.1773, 0, 0.00180586
25.217, 13.9986, 0, 0.000545846
25.6044, 13.588, 0, 0.00190659
25.9922, 13.1773, 0, 0.00248229
25.1322, 13.9986, 0, 0.000356858
25.5161, 13.588, 0, 0.00167519
25.9006, 13.1773, 0, 0.00367493
24.971, 13.9986, 0, 0.00233205
25.348, 13.588, 0, 0.0102312
25.7256, 13.1773, 0, 0.0173912
24.8107, 13.9986, 0, 0.00566948
25.181, 13.588, 0, 0.0198477
25.552, 13.1773, 0, 0.0322281
24.707, 13.9986, 0, 0.00424456
25.0728, 13.588, 0, 0.043167
25.4393, 13.1773, 0, 0.11651
24.5113, 13.9986, 0, 0.0407963
24.8682, 13.588, 0, 0.152358
25.2257, 13.1773, 0, 0.290345
24.3167, 13.9986, 0, 0.0949928
24.665, 13.588, 0, 0.280119
25.0138, 13.1773, 0, 0.481952
24.1921, 13.9986, 0, 0.249856
24.5348, 13.588, 0, 0.489323
24.8779, 13.1773, 0, 0.696389
23.9589, 13.9986, 0, 0.452222
24.2906, 13.588, 0, 0.670258
24.6227, 13.1773, 0, 0.852163
23.7268, 13.9986, 0, 0.647185
24.048, 13.588, 0, 0.840034
24.3694, 13.1773, 0, 1.00243
23.58, 13.9986, 0, 0.784845
23.8944, 13.588, 0, 0.894823
24.2089, 13.1773, 0, 0.963447
23.3075, 13.9986, 0, 0.835699
23.6091, 13.588, 0, 0.800379
23.9104, 13.1773, 0, 0.729091
23.036, 13.9986, 0, 0.829877
23.3251, 13.588, 0, 0.648448
23.6136, 13.1773, 0, 0.445185
22.8663, 13.9986, 0, 0.67733
23.1475, 13.588, 0, 0.469404
23.4279, 13.1773, 0, 0.272271
22.5543, 13.9986, 0, 0.406034
22.8206, 13.588, 0, 0.269922
23.0857, 13.1773, 0, 0.14288
22.2428, 13.9986, 0, 0.175654
22.4945, 13.588, 0, 0.106654
22.7444, 13.1773, 0, 0.0454289
22.0504, 13.9986, 0, 0.0784553
22.2928, 13.588, 0, 0.0464384
22.5332, 13.1773, 0, 0.0190314
21.7, 13.9986, 0, 0.0396482
21.9252, 13.588, 0, 0.0216174
22.1478, 13.1773, 0, 0.00817495
21.349, 13.9986, 0, 0.00818217
21.5567, 13.588, 0, 0.00380766
21.7615, 13.1773, 0, 0.00319015
21.1348, 13.9986, 0, 0.00762294
21.3315, 13.588, 0, 0.00560124
21.5251, 13.1773, 0, 0.00381854
20.7484, 13.9986, 0, 0.00563763
20.9247, 13.588, 0, 0.00448105
21.0975, 13.1773, 0, 0.00344536
20.3598, 13.9986, 0, 0.00418216
20.5148, 13.588, 0, 0.00379209
20.6661, 13.1773, 0, 0.00329862
20.1253, 13.9986, 0, 0.00422136
20.267, 13.588, 0, 0.00387799
20.405, 13.1773, 0, 0.00316952
19.7066, 13.9986, 0, 0.00385843
19.8233, 13.588, 0, 0.00370813
19.9366, 13.1773, 0, 0.00320165
19.2835, 13.9986, 0, 0.003615
19.3738, 13.588, 0, 0.00364735
19.461, 13.1773, 0, 0.00333053
19.0312, 13.9986, 0, 0.00358428
19.105, 13.588, 0, 0.00367947
19.1761, 13.1773, 0, 0.00341973
18.5854, 13.9986, 0, 0.00356374
18.6285, 13.588, 0, 0.00380422
18.6699, 13.1773, 0, 0.00366353
18.1329, 13.9986, 0, 0.00360997
18.143, 13.588, 0, 0.00399133
18.1526, 13.1773, 0, 0.00396489
27.0137, 12.9607, 0, 0.00362136
27.347, 12.6271, 0, 0.00892796
27.6803, 12.2934, 0, 0.0244371
26.9261, 12.9607, 0, 0.00298957
27.2582, 12.6271, 0, 0.00702578
27.5904, 12.2934, 0, 0.0214243
26.8391, 12.9607, 0, 0.00237529
27.1701, 12.6271, 0, 0.00507353
27.5013, 12.2934, 0, 0.0180648
26.7809, 12.9607, 0, 0.00207853
27.1109, 12.6271, 0, 0.00493382
27.4412, 12.2934, 0, 0.015272
26.6682, 12.9607, 0, 0.00194323
26.9959, 12.6271, 0, 0.00697157
27.3238, 12.2934, 0, 0.0191184
26.5564, 12.9607, 0, 0.00190041
26.8817, 12.6271, 0, 0.00915794
27.2074, 12.2934, 0, 0.0230403
26.4821, 12.9607, 0, 0.0024878
26.8057, 12.6271, 0, 0.0124804
27.1297, 12.2934, 0, 0.0265299
26.339, 12.9607, 0, 0.0078194
26.6587, 12.6271, 0, 0.0271131
26.979, 12.2934, 0, 0.0491156
26.197, 12.9607, 0, 0.0149779
26.513, 12.6271, 0, 0.0436372
26.8296, 12.2934, 0, 0.0736795
26.1037, 12.9607, 0, 0.019198
26.417, 12.6271, 0, 0.0621976
26.731, 12.2934, 0, 0.121512
25.9251, 12.9607, 0, 0.0622389
26.2329, 12.6271, 0, 0.15893
26.5415, 12.2934, 0, 0.267789
25.748, 12.9607, 0, 0.119956
26.0505, 12.6271, 0, 0.272425
26.3537, 12.2934, 0, 0.4287
25.6329, 12.9607, 0, 0.291678
25.9317, 12.6271, 0, 0.519341
26.2313, 12.2934, 0, 0.70481
25.4146, 12.9607, 0, 0.54239
25.7061, 12.6271, 0, 0.765009
25.9983, 12.2934, 0, 0.940198
25.1981, 12.9607, 0, 0.796748
25.4825, 12.6271, 0, 1.00992
25.7676, 12.2934, 0, 1.17924
25.0591, 12.9607, 0, 0.982411
25.3388, 12.6271, 0, 1.09452
25.619, 12.2934, 0, 1.16802
24.798, 12.9607, 0, 1.06425
25.0685, 12.6271, 0, 1.01981
25.3394, 12.2934, 0, 0.938734
24.539, 12.9607, 0, 1.07525
24.8005, 12.6271, 0, 0.872099
25.0621, 12.2934, 0, 0.645577
24.3748, 12.9607, 0, 0.904881
24.6304, 12.6271, 0, 0.653878
24.886, 12.2934, 0, 0.41089
24.0692, 12.9607, 0, 0.558447
24.3137, 12.6271, 0, 0.385013
24.5579, 12.2934, 0, 0.221416
23.7655, 12.9607, 0, 0.254609
23.999, 12.6271, 0, 0.156159
24.2318, 12.2934, 0, 0.0684809
23.5754, 12.9607, 0, 0.126687
23.8019, 12.6271, 0, 0.0709324
24.0274, 12.2934, 0, 0.0249138
23.225, 12.9607, 0, 0.0650803
23.4383, 12.6271, 0, 0.0321719
23.6503, 12.2934, 0, 0.00915761
22.8754, 12.9607, 0, 0.0153254
23.0758, 12.6271, 0, 0.00380384
23.2742, 12.2934, 0, 0.00245994
22.6591, 12.9607, 0, 0.00861875
22.8513, 12.6271, 0, 0.00608985
23.0412, 12.2934, 0, 0.0036801
22.2642, 12.9607, 0, 0.00599336
22.4411, 12.6271, 0, 0.00428682
22.6153, 12.2934, 0, 0.00270362
21.8682, 12.9607, 0, 0.00390776
22.0299, 12.6271, 0, 0.00300916
22.1883, 12.2934, 0, 0.00212865
21.6258, 12.9607, 0, 0.00328053
21.778, 12.6271, 0, 0.00278389
21.9268, 12.2934, 0, 0.00197255
21.187, 12.9607, 0, 0.00318941
21.3218, 12.6271, 0, 0.00274551
21.4528, 12.2934, 0, 0.0019752
20.7443, 12.9607, 0, 0.00312277
20.8614, 12.6271, 0, 0.00272946
20.9743, 12.2934, 0, 0.00200129
20.4761, 12.9607, 0, 0.00289321
20.5823, 12.6271, 0, 0.00264161
20.6843, 12.2934, 0, 0.00205706
19.9948, 12.9607, 0, 0.00302352
20.0809, 12.6271, 0, 0.00281965
20.1633, 12.2934, 0, 0.00227471
19.5056, 12.9607, 0, 0.00321362
19.5713, 12.6271, 0, 0.00304196
19.6335, 12.2934, 0, 0.00252958
19.2123, 12.9607, 0, 0.00333662
19.2655, 12.6271, 0, 0.00323879
19.3157, 12.2934, 0, 0.00277742
18.6909, 12.9607, 0, 0.00364361
18.7214, 12.6271, 0, 0.00366492
18.7502, 12.2934, 0, 0.00329989
18.1575, 12.9607, 0, 0.00400638
18.1645, 12.6271, 0, 0.00414105
18.1711, 12.2934, 0, 0.00386262
27.8532, 12.1203, 0, 0.0426092
28.1143, 11.859, 0, 0.101677
28.3754, 11.5977, 0, 0.163817
27.7629, 12.1203, 0, 0.0439869
28.0232, 11.859, 0, 0.0983752
28.2836, 11.5977, 0, 0.156223
27.6732, 12.1203, 0, 0.0441589
27.9328, 11.859, 0, 0.0941699
28.1924, 11.5977, 0, 0.147541
27.6126, 12.1203, 0, 0.0439938
27.8714, 11.859, 0, 0.0938124
28.1305, 11.5977, 0, 0.144087
27.4941, 12.1203, 0, 0.0553467
27.7513, 11.859, 0, 0.103225
28.0088, 11.5977, 0, 0.151517
27.3766, 12.1203, 0, 0.0659847
27.6321, 11.859, 0, 0.112254
27.888, 11.5977, 0, 0.158324
27.2979, 12.1203, 0, 0.0738344
27.5522, 11.859, 0, 0.125789
27.8068, 11.5977, 0, 0.182028
27.1454, 12.1203, 0, 0.117405
27.3969, 11.859, 0, 0.192603
27.6488, 11.5977, 0, 0.271528
26.9942, 12.1203, 0, 0.167507
27.2429, 11.859, 0, 0.267956
27.4921, 11.5977, 0, 0.368064
26.8941, 12.1203, 0, 0.257902
27.1408, 11.859, 0, 0.410649
27.3881, 11.5977, 0, 0.561088
26.7019, 12.1203, 0, 0.465152
26.9445, 11.859, 0, 0.660813
27.1876, 11.5977, 0, 0.850946
26.5114, 12.1203, 0, 0.689027
26.7498, 11.859, 0, 0.926975
26.9888, 11.5977, 0, 1.15657
26.387, 12.1203, 0, 0.985942
26.6225, 11.859, 0, 1.17734
26.8587, 11.5977, 0, 1.31531
26.1503, 12.1203, 0, 1.19228
26.3801, 11.859, 0, 1.23289
26.6105, 11.5977, 0, 1.21556
25.9158, 12.1203, 0, 1.33086
26.1399, 11.859, 0, 1.21491
26.3645, 11.5977, 0, 1.0512
25.7647, 12.1203, 0, 1.17983
25.9849, 11.859, 0, 0.970962
26.2056, 11.5977, 0, 0.760652
25.4802, 12.1203, 0, 0.805014
25.6929, 11.859, 0, 0.635649
25.906, 11.5977, 0, 0.466251
25.198, 12.1203, 0, 0.452238
25.4032, 11.859, 0, 0.319764
25.6086, 11.5977, 0, 0.193464
25.0187, 12.1203, 0, 0.249287
25.219, 11.859, 0, 0.160915
25.4193, 11.5977, 0, 0.08057
24.6845, 12.1203, 0, 0.127115
24.8754, 11.859, 0, 0.0750325
25.066, 11.5977, 0, 0.0318621
24.3524, 12.1203, 0, 0.0286795
24.5339, 11.859, 0, 0.0114857
24.7148, 11.5977, 0, 0.00404881
24.1441, 12.1203, 0, 0.0107744
24.3195, 11.859, 0, 0.00763895
24.4942, 11.5977, 0, 0.00501961
23.7597, 12.1203, 0, 0.00731995
23.9239, 11.859, 0, 0.00484501
24.0869, 11.5977, 0, 0.00303933
23.3763, 12.1203, 0, 0.00392457
23.5292, 11.859, 0, 0.00236345
23.6805, 11.5977, 0, 0.00141833
23.1388, 12.1203, 0, 0.00285952
23.2846, 11.859, 0, 0.00237764
23.4286, 11.5977, 0, 0.00150131
22.7045, 12.1203, 0, 0.00227842
22.8373, 11.859, 0, 0.00190149
22.9679, 11.5977, 0, 0.00113931
22.2692, 12.1203, 0, 0.00184209
22.389, 11.859, 0, 0.00157124
22.5061, 11.5977, 0, 0.000918979
22.0024, 12.1203, 0, 0.00166913
22.1143, 11.859, 0, 0.00138479
22.2233, 11.5977, 0, 0.000825437
21.5191, 12.1203, 0, 0.00169183
21.6165, 11.859, 0, 0.00144749
21.7109, 11.5977, 0, 0.000927003
21.0313, 12.1203, 0, 0.00174564
21.1144, 11.859, 0, 0.00154219
21.1942, 11.5977, 0, 0.00105536
20.7356, 12.1203, 0, 0.00185579
20.81, 11.859, 0, 0.00169603
20.8812, 11.5977, 0, 0.00122587
20.2044, 12.1203, 0, 0.00209503
20.2636, 11.859, 0, 0.00198723
20.3197, 11.5977, 0, 0.0015628
19.6644, 12.1203, 0, 0.002379
19.7084, 11.859, 0, 0.00231901
19.7497, 11.5977, 0, 0.00193411
19.3404, 12.1203, 0, 0.00265028
19.3756, 11.859, 0, 0.00260671
19.4083, 11.5977, 0, 0.00222449
18.7642, 12.1203, 0, 0.00321483
18.7838, 11.859, 0, 0.003224
18.802, 11.5977, 0, 0.00286144
18.1742, 12.1203, 0, 0.00380713
18.1786, 11.859, 0, 0.00387081
18.1827, 11.5977, 0, 0.00352556
28.5088, 11.4642, 0, 0.165793
28.7062, 11.2667, 0, 0.243626
28.9036, 11.0693, 0, 0.324921
28.4167, 11.4642, 0, 0.155281
28.6136, 11.2667, 0, 0.237164
28.8106, 11.0693, 0, 0.32248
28.3252, 11.4642, 0, 0.145684
28.5216, 11.2667, 0, 0.231613
28.7181, 11.0693, 0, 0.321387
28.2629, 11.4642, 0, 0.14168
28.4588, 11.2667, 0, 0.235996
28.6549, 11.0693, 0, 0.342491
28.1404, 11.4642, 0, 0.160946
28.3353, 11.2667, 0, 0.282415
28.5303, 11.0693, 0, 0.415476
28.0188, 11.4642, 0, 0.188255
28.2126, 11.2667, 0, 0.336709
28.4065, 11.0693, 0, 0.497781
27.937, 11.4642, 0, 0.236582
28.1299, 11.2667, 0, 0.408527
28.3229, 11.0693, 0, 0.589014
27.7777, 11.4642, 0, 0.368314
27.9686, 11.2667, 0, 0.566611
28.1598, 11.0693, 0, 0.772489
27.6196, 11.4642, 0, 0.510394
27.8085, 11.2667, 0, 0.73445
27.9977, 11.0693, 0, 0.966863
27.5146, 11.4642, 0, 0.749809
27.702, 11.2667, 0, 0.982546
27.8898, 11.0693, 0, 1.18618
27.3121, 11.4642, 0, 1.05634
27.4965, 11.2667, 0, 1.22385
27.6814, 11.0693, 0, 1.36257
27.1112, 11.4642, 0, 1.33372
27.2925, 11.2667, 0, 1.43555
27.4743, 11.0693, 0, 1.50909
26.9796, 11.4642, 0, 1.3922
27.1588, 11.2667, 0, 1.38977
27.3384, 11.0693, 0, 1.36889
26.7285, 11.4642, 0, 1.18283
26.9034, 11.2667, 0, 1.1031
27.0786, 11.0693, 0, 1.00475
26.4794, 11.4642, 0, 0.931574
26.6498, 11.2667, 0, 0.775228
26.8206, 11.0693, 0, 0.600833
26.3186, 11.4642, 0, 0.628137
26.4859, 11.2667, 0, 0.483482
26.6536, 11.0693, 0, 0.348584
26.015, 11.4642, 0, 0.350119
26.1765, 11.2667, 0, 0.257174
26.3382, 11.0693, 0, 0.173594
25.7136, 11.4642, 0, 0.115049
25.869, 11.2667, 0, 0.0731883
26.0246, 11.0693, 0, 0.0398082
25.5217, 11.4642, 0, 0.0403361
25.6731, 11.2667, 0, 0.0269317
25.8246, 11.0693, 0, 0.0155993
25.1634, 11.4642, 0, 0.0212178
25.3072, 11.2667, 0, 0.0132384
25.4509, 11.0693, 0, 0.00743446
24.807, 11.4642, 0, 0.00506698
24.9431, 11.2667, 0, 0.00306598
25.0789, 11.0693, 0, 0.00261454
24.5832, 11.4642, 0, 0.00416733
24.7144, 11.2667, 0, 0.00405479
24.845, 11.0693, 0, 0.00378505
24.1697, 11.4642, 0, 0.00230183
24.2916, 11.2667, 0, 0.00226415
24.4127, 11.0693, 0, 0.00206169
23.7572, 11.4642, 0, 0.00100118
23.8698, 11.2667, 0, 0.00101811
23.9812, 11.0693, 0, 0.000920657
23.5014, 11.4642, 0, 0.000981306
23.6081, 11.2667, 0, 0.000682494
23.7136, 11.0693, 0, 0.000541025
23.0337, 11.4642, 0, 0.000749302
23.1297, 11.2667, 0, 0.000530875
23.2243, 11.0693, 0, 0.000421737
22.5649, 11.4642, 0, 0.000575207
22.6504, 11.2667, 0, 0.000423634
22.7341, 11.0693, 0, 0.000375376
22.2778, 11.4642, 0, 0.000539586
22.3568, 11.2667, 0, 0.000468506
22.4339, 11.0693, 0, 0.000437246
21.7578, 11.4642, 0, 0.000660787
21.8254, 11.2667, 0, 0.000613844
21.8908, 11.0693, 0, 0.000608191
21.2336, 11.4642, 0, 0.000817239
21.2901, 11.2667, 0, 0.000796627
21.3442, 11.0693, 0, 0.000820349
20.9162, 11.4642, 0, 0.000994526
20.9661, 11.2667, 0, 0.000973538
21.0137, 11.0693, 0, 0.00101477
20.347, 11.4642, 0, 0.00135567
20.3856, 11.2667, 0, 0.0013657
20.422, 11.0693, 0, 0.00144053
19.7697, 11.4642, 0, 0.00174141
19.7975, 11.2667, 0, 0.00177918
19.8234, 11.0693, 0, 0.00188798
19.424, 11.4642, 0, 0.00203838
19.4457, 11.2667, 0, 0.00209722
19.4657, 11.0693, 0, 0.0022238
18.8106, 11.4642, 0, 0.0026951
18.8222, 11.2667, 0, 0.00279177
18.8328, 11.0693, 0, 0.00295694
18.1845, 11.4642, 0, 0.00337835
18.187, 11.2667, 0, 0.00351451
18.1893, 11.0693, 0, 0.00371942
29.003, 10.9698, 0, 0.288457
29.1471, 10.8256, 0, 0.51527
29.2913, 10.6814, 0, 0.732855
28.9097, 10.9698, 0, 0.317937
29.0537, 10.8256, 0, 0.562956
29.1976, 10.6814, 0, 0.798694
28.8171, 10.9698, 0, 0.355854
28.9607, 10.8256, 0, 0.619562
29.1043, 10.6814, 0, 0.874218
28.7537, 10.9698, 0, 0.404732
28.897, 10.8256, 0, 0.662951
29.0404, 10.6814, 0, 0.912822
28.6286, 10.9698, 0, 0.507086
28.7712, 10.8256, 0, 0.734891
28.9139, 10.6814, 0, 0.954225
28.5042, 10.9698, 0, 0.599613
28.6461, 10.8256, 0, 0.796549
28.7881, 10.6814, 0, 0.98574
28.4203, 10.9698, 0, 0.707497
28.5615, 10.8256, 0, 0.929275
28.7029, 10.6814, 0, 1.14021
28.2562, 10.9698, 0, 0.945363
28.3962, 10.8256, 0, 1.22101
28.5363, 10.6814, 0, 1.48597
28.0931, 10.9698, 0, 1.21969
28.2317, 10.8256, 0, 1.549
28.3705, 10.6814, 0, 1.8676
27.9845, 10.9698, 0, 1.46617
28.1221, 10.8256, 0, 1.72544
28.2598, 10.6814, 0, 1.93746
27.7746, 10.9698, 0, 1.62102
27.91, 10.8256, 0, 1.67208
28.0457, 10.6814, 0, 1.67828
27.5659, 10.9698, 0, 1.64477
27.6991, 10.8256, 0, 1.48898
27.8325, 10.6814, 0, 1.28945
27.4289, 10.9698, 0, 1.37521
27.5605, 10.8256, 0, 1.16296
27.6924, 10.6814, 0, 0.956
27.167, 10.9698, 0, 0.900639
27.2954, 10.8256, 0, 0.735428
27.4241, 10.6814, 0, 0.5735
26.9067, 10.9698, 0, 0.477172
27.0318, 10.8256, 0, 0.358652
27.1571, 10.6814, 0, 0.241281
26.7382, 10.9698, 0, 0.268932
26.861, 10.8256, 0, 0.186903
26.984, 10.6814, 0, 0.113768
26.4197, 10.9698, 0, 0.129873
26.5381, 10.8256, 0, 0.0833031
26.6566, 10.6814, 0, 0.0448632
26.1029, 10.9698, 0, 0.024106
26.2167, 10.8256, 0, 0.01169
26.3305, 10.6814, 0, 0.00747296
25.9009, 10.9698, 0, 0.0107958
26.0116, 10.8256, 0, 0.00914635
26.1223, 10.6814, 0, 0.00785113
25.5232, 10.9698, 0, 0.00664182
25.628, 10.8256, 0, 0.00541906
25.7327, 10.6814, 0, 0.00452715
25.1471, 10.9698, 0, 0.00287444
25.2459, 10.8256, 0, 0.00213884
25.3444, 10.6814, 0, 0.00175929
24.9106, 10.9698, 0, 0.00310919
25.0055, 10.8256, 0, 0.00248383
25.1001, 10.6814, 0, 0.00194778
24.4734, 10.9698, 0, 0.00169493
24.561, 10.8256, 0, 0.00135448
24.6482, 10.6814, 0, 0.00108623
24.037, 10.9698, 0, 0.000837228
24.1173, 10.8256, 0, 0.000729039
24.1969, 10.6814, 0, 0.000682908
23.7662, 10.9698, 0, 0.000480262
23.8419, 10.8256, 0, 0.000371647
23.9169, 10.6814, 0, 0.000334956
23.2713, 10.9698, 0, 0.000386549
23.3387, 10.8256, 0, 0.000275319
23.4052, 10.6814, 0, 0.000244612
22.7755, 10.9698, 0, 0.000315591
22.8346, 10.8256, 0, 0.000216542
22.8927, 10.6814, 0, 0.000198848
22.4719, 10.9698, 0, 0.000378783
22.5261, 10.8256, 0, 0.000315125
22.5791, 10.6814, 0, 0.000323459
21.9229, 10.9698, 0, 0.000584941
21.9684, 10.8256, 0, 0.00054322
22.0126, 10.6814, 0, 0.000576733
21.3706, 10.9698, 0, 0.000819732
21.4078, 10.8256, 0, 0.000800941
21.4436, 10.6814, 0, 0.000862204
21.0367, 10.9698, 0, 0.00102357
21.069, 10.8256, 0, 0.00102007
21.0999, 10.6814, 0, 0.00110151
20.4395, 10.9698, 0, 0.00146264
20.4636, 10.8256, 0, 0.00149073
20.4866, 10.6814, 0, 0.0016088
19.8356, 10.9698, 0, 0.00192996
19.8524, 10.8256, 0, 0.00198797
19.8681, 10.6814, 0, 0.00214289
19.4751, 10.9698, 0, 0.00228297
19.4879, 10.8256, 0, 0.00236126
19.4996, 10.6814, 0, 0.00253797
18.8378, 10.9698, 0, 0.00303431
18.8442, 10.8256, 0, 0.00312777
18.8501, 10.6814, 0, 0.00332283
18.1903, 10.9698, 0, 0.00379678
18.1916, 10.8256, 0, 0.00390473
18.1928, 10.6814, 0, 0.00411683
29.3629, 10.6097, 0, 0.83392
29.4648, 10.5078, 0, 1.0206
29.5667, 10.4059, 0, 1.21548
29.2691, 10.6097, 0, 0.889157
29.3708, 10.5078, 0, 1.01547
29.4726, 10.4059, 0, 1.14992
29.1757, 10.6097, 0, 0.920019
29.2772, 10.5078, 0, 0.985098
29.3788, 10.4059, 0, 1.05863
29.1116, 10.6097, 0, 0.928812
29.213, 10.5078, 0, 1.03046
29.3144, 10.4059, 0, 1.14915
28.9848, 10.6097, 0, 1.01331
29.0858, 10.5078, 0, 1.29136
29.1868, 10.4059, 0, 1.58706
28.8586, 10.6097, 0, 1.20195
28.959, 10.5078, 0, 1.65695
29.0595, 10.4059, 0, 2.1291
28.7732, 10.6097, 0, 1.51808
28.8732, 10.5078, 0, 1.96752
28.9733, 10.4059, 0, 2.3654
28.606, 10.6097, 0, 1.98131
28.7051, 10.5078, 0, 2.18151
28.8044, 10.4059, 0, 2.32952
28.4394, 10.6097, 0, 2.26959
28.5377, 10.5078, 0, 2.21939
28.636, 10.4059, 0, 2.11842
28.3283, 10.6097, 0, 2.14431
28.4259, 10.5078, 0, 1.98882
28.5235, 10.4059, 0, 1.82168
28.1131, 10.6097, 0, 1.6514
28.2092, 10.5078, 0, 1.46836
28.3054, 10.4059, 0, 1.2713
27.8989, 10.6097, 0, 1.14618
27.9934, 10.5078, 0, 0.934749
28.088, 10.4059, 0, 0.709569
27.7579, 10.6097, 0, 0.8177
27.8513, 10.5078, 0, 0.627691
27.9449, 10.4059, 0, 0.445479
27.4881, 10.6097, 0, 0.450454
27.5792, 10.5078, 0, 0.329181
27.6705, 10.4059, 0, 0.216507
27.2194, 10.6097, 0, 0.165164
27.3081, 10.5078, 0, 0.111892
27.397, 10.4059, 0, 0.0676812
27.0452, 10.6097, 0, 0.0804413
27.1323, 10.5078, 0, 0.055612
27.2195, 10.4059, 0, 0.0330149
26.7155, 10.6097, 0, 0.0403618
26.7994, 10.5078, 0, 0.0259729
26.8833, 10.4059, 0, 0.0139279
26.387, 10.6097, 0, 0.010929
26.4675, 10.5078, 0, 0.00706256
26.548, 10.4059, 0, 0.00563966
26.1772, 10.6097, 0, 0.00706662
26.2555, 10.5078, 0, 0.00669681
26.3337, 10.4059, 0, 0.00621393
25.7847, 10.6097, 0, 0.00387501
25.8586, 10.5078, 0, 0.00363976
25.9324, 10.4059, 0, 0.00328875
25.3933, 10.6097, 0, 0.00168562
25.4627, 10.5078, 0, 0.00155503
25.532, 10.4059, 0, 0.00137415
25.1469, 10.6097, 0, 0.00187891
25.2134, 10.5078, 0, 0.00147109
25.2798, 10.4059, 0, 0.00107708
24.6913, 10.6097, 0, 0.00115395
24.7524, 10.5078, 0, 0.00092793
24.8133, 10.4059, 0, 0.00070314
24.2362, 10.6097, 0, 0.000714206
24.2919, 10.5078, 0, 0.000632442
24.3472, 10.4059, 0, 0.000545753
23.9539, 10.6097, 0, 0.000342617
24.0061, 10.5078, 0, 0.00035069
24.0579, 10.4059, 0, 0.000334347
23.4378, 10.6097, 0, 0.000259984
23.4839, 10.5078, 0, 0.000286925
23.5294, 10.4059, 0, 0.000281312
22.9212, 10.6097, 0, 0.000242324
22.9611, 10.5078, 0, 0.000281799
23.0005, 10.4059, 0, 0.00029464
22.605, 10.6097, 0, 0.000380774
22.6413, 10.5078, 0, 0.00041748
22.677, 10.4059, 0, 0.000423346
22.0341, 10.6097, 0, 0.000646359
22.0641, 10.5078, 0, 0.000703803
22.0933, 10.4059, 0, 0.000728254
21.4608, 10.6097, 0, 0.000941998
21.4848, 10.5078, 0, 0.00102108
21.508, 10.4059, 0, 0.00106455
21.1148, 10.6097, 0, 0.00119061
21.1353, 10.5078, 0, 0.001288
21.155, 10.4059, 0, 0.00134677
20.4975, 10.6097, 0, 0.00171658
20.5123, 10.5078, 0, 0.00184228
20.5265, 10.4059, 0, 0.00192834
19.8754, 10.6097, 0, 0.0022752
19.8853, 10.5078, 0, 0.00242977
19.8946, 10.4059, 0, 0.00254205
19.5051, 10.6097, 0, 0.00268336
19.5123, 10.5078, 0, 0.00284891
19.5191, 10.4059, 0, 0.00296925
18.8528, 10.6097, 0, 0.00347321
18.8562, 10.5078, 0, 0.00364881
18.8593, 10.4059, 0, 0.00377406
18.1933, 10.6097, 0, 0.00426395
18.1939, 10.5078, 0, 0.00445284
18.1944, 10.4059, 0, 0.00458552
29.6166, 10.356, 0, 1.03963
29.6863, 10.2863, 0, 1.18677
29.756, 10.2165, 0, 1.3644
29.5225, 10.356, 0, 1.03278
29.5921, 10.2863, 0, 1.45293
29.6617, 10.2165, 0, 1.90507
29.4286, 10.356, 0, 1.19984
29.4981, 10.2863, 0, 1.89536
29.5676, 10.2165, 0, 2.62375
29.3641, 10.356, 0, 1.58942
29.4335, 10.2863, 0, 2.32006
29.5029, 10.2165, 0, 2.99165
29.2363, 10.356, 0, 2.35022
29.3054, 10.2863, 0, 2.79804
29.3746, 10.2165, 0, 3.18696
29.1088, 10.356, 0, 2.90546
29.1776, 10.2863, 0, 3.07058
29.2465, 10.2165, 0, 3.17721
29.0224, 10.356, 0, 2.95997
29.091, 10.2863, 0, 2.98356
29.1596, 10.2165, 0, 2.97131
28.8531, 10.356, 0, 2.63029
28.9211, 10.2863, 0, 2.48714
28.9892, 10.2165, 0, 2.30703
28.6842, 10.356, 0, 2.1573
28.7516, 10.2863, 0, 1.8462
28.8191, 10.2165, 0, 1.50019
28.5714, 10.356, 0, 1.72462
28.6383, 10.2863, 0, 1.39136
28.7053, 10.2165, 0, 1.06397
28.3526, 10.356, 0, 1.03814
28.4186, 10.2863, 0, 0.802084
28.4846, 10.2165, 0, 0.571469
28.1344, 10.356, 0, 0.497069
28.1993, 10.2863, 0, 0.357439
28.2642, 10.2165, 0, 0.222643
27.9907, 10.356, 0, 0.308685
28.0549, 10.2863, 0, 0.206712
28.119, 10.2165, 0, 0.114397
27.7153, 10.356, 0, 0.15412
27.7779, 10.2863, 0, 0.0934703
27.8405, 10.2165, 0, 0.0423507
27.4405, 10.356, 0, 0.0446887
27.5015, 10.2863, 0, 0.0247362
27.5624, 10.2165, 0, 0.0141434
27.2623, 10.356, 0, 0.0209952
27.3221, 10.2863, 0, 0.016432
27.3819, 10.2165, 0, 0.0122841
26.9245, 10.356, 0, 0.013028
26.982, 10.2863, 0, 0.0100412
27.0396, 10.2165, 0, 0.00747896
26.5875, 10.356, 0, 0.00650072
26.6426, 10.2863, 0, 0.0051114
26.6977, 10.2165, 0, 0.00410051
26.372, 10.356, 0, 0.00519419
26.4256, 10.2863, 0, 0.00461167
26.4791, 10.2165, 0, 0.0040097
25.9686, 10.356, 0, 0.00269873
26.0191, 10.2863, 0, 0.00231676
26.0695, 10.2165, 0, 0.00191438
25.5659, 10.356, 0, 0.00122022
25.6132, 10.2863, 0, 0.000996826
25.6604, 10.2165, 0, 0.000770539
25.3122, 10.356, 0, 0.000945753
25.3575, 10.2863, 0, 0.000653274
25.4026, 10.2165, 0, 0.000401551
24.843, 10.356, 0, 0.000653118
24.8845, 10.2863, 0, 0.000439338
24.9257, 10.2165, 0, 0.000239354
24.3742, 10.356, 0, 0.000468502
24.4117, 10.2863, 0, 0.000322225
24.4491, 10.2165, 0, 0.000186158
24.0832, 10.356, 0, 0.000270226
24.1183, 10.2863, 0, 0.000193432
24.1532, 10.2165, 0, 0.000117066
23.5516, 10.356, 0, 0.000234028
23.5823, 10.2863, 0, 0.00017969
23.6128, 10.2165, 0, 0.000122232
23.0196, 10.356, 0, 0.000276787
23.046, 10.2863, 0, 0.00024494
23.0721, 10.2165, 0, 0.000207822
22.6943, 10.356, 0, 0.000410841
22.7181, 10.2863, 0, 0.000369142
22.7416, 10.2165, 0, 0.000320338
22.1074, 10.356, 0, 0.000723157
22.1268, 10.2863, 0, 0.000687851
22.1458, 10.2165, 0, 0.00064437
21.5191, 10.356, 0, 0.00105981
21.5343, 10.2863, 0, 0.00103143
21.5491, 10.2165, 0, 0.000993763
21.1644, 10.356, 0, 0.00134649
21.1773, 10.2863, 0, 0.0013319
21.1897, 10.2165, 0, 0.0013081
20.5332, 10.356, 0, 0.00194228
20.5422, 10.2863, 0, 0.0019476
20.5509, 10.2165, 0, 0.00194306
19.8989, 10.356, 0, 0.00257104
19.9047, 10.2863, 0, 0.00259438
19.9101, 10.2165, 0, 0.00260756
19.5222, 10.356, 0, 0.00299991
19.5262, 10.2863, 0, 0.00302097
19.53, 10.2165, 0, 0.00302751
18.8607, 10.356, 0, 0.00380629
18.8625, 10.2863, 0, 0.0038231
18.8641, 10.2165, 0, 0.0038233
18.1947, 10.356, 0, 0.00463208
18.1949, 10.2863, 0, 0.00464797
18.1952, 10.2165, 0, 0.00464515
29.7897, 10.1828, 0, 1.82007
29.836, 10.1365, 0, 3.41017
29.8822, 10.0903, 0, 4.95585
29.6955, 10.1828, 0, 3.18361
29.7417, 10.1365, 0, 4.25045
29.7879, 10.0903, 0, 5.27614
29.6013, 10.1828, 0, 4.06862
29.6474, 10.1365, 0, 4.61829
29.6936, 10.0903, 0, 5.12789
29.5365, 10.1828, 0, 4.26781
29.5826, 10.1365, 0, 4.59905
29.6287, 10.0903, 0, 4.83807
29.4081, 10.1828, 0, 4.11852
29.454, 10.1365, 0, 4.07023
29.4999, 10.0903, 0, 3.92968
29.2798, 10.1828, 0, 3.66568
29.3255, 10.1365, 0, 3.23631
29.3713, 10.0903, 0, 2.71852
29.1928, 10.1828, 0, 3.09007
29.2384, 10.1365, 0, 2.55471
29.2839, 10.0903, 0, 2.02469
29.0222, 10.1828, 0, 1.96891
29.0673, 10.1365, 0, 1.56383
29.1125, 10.0903, 0, 1.16225
28.8517, 10.1828, 0, 1.08374
28.8965, 10.1365, 0, 0.808991
28.9413, 10.0903, 0, 0.535983
28.7377, 10.1828, 0, 0.753318
28.7822, 10.1365, 0, 0.529776
28.8267, 10.0903, 0, 0.322805
28.5165, 10.1828, 0, 0.387151
28.5604, 10.1365, 0, 0.248575
28.6042, 10.0903, 0, 0.126517
28.2957, 10.1828, 0, 0.130288
28.3388, 10.1365, 0, 0.0758435
28.382, 10.0903, 0, 0.0376102
28.1501, 10.1828, 0, 0.0681627
28.1927, 10.1365, 0, 0.0465618
28.2354, 10.0903, 0, 0.0267651
27.8708, 10.1828, 0, 0.0396277
27.9124, 10.1365, 0, 0.0262475
27.9541, 10.0903, 0, 0.014694
27.5919, 10.1828, 0, 0.0187663
27.6324, 10.1365, 0, 0.0134581
27.6729, 10.0903, 0, 0.00982936
27.4108, 10.1828, 0, 0.01028
27.4506, 10.1365, 0, 0.0089141
27.4903, 10.0903, 0, 0.00762205
27.0674, 10.1828, 0, 0.00675934
27.1056, 10.1365, 0, 0.00578909
27.1439, 10.0903, 0, 0.00488417
26.7244, 10.1828, 0, 0.00378048
26.761, 10.1365, 0, 0.00318278
26.7976, 10.0903, 0, 0.00264129
26.505, 10.1828, 0, 0.00358823
26.5405, 10.1365, 0, 0.00307471
26.5761, 10.0903, 0, 0.00256417
26.094, 10.1828, 0, 0.00167773
26.1274, 10.1365, 0, 0.00135679
26.1608, 10.0903, 0, 0.00103393
25.6833, 10.1828, 0, 0.000651983
25.7146, 10.1365, 0, 0.000477712
25.7458, 10.0903, 0, 0.00030387
25.4245, 10.1828, 0, 0.000280408
25.4544, 10.1365, 0, 0.000141227
25.4842, 10.0903, 0, 1.00889e-06
24.9457, 10.1828, 0, 0.000165715
24.973, 10.1365, 0, 4.65215e-05
25.0002, 10.0903, 0, 0
24.4671, 10.1828, 0, 0.000118382
24.4917, 10.1365, 0, 3.13681e-05
24.5163, 10.0903, 0, 0
24.17, 10.1828, 0, 6.09335e-05
24.193, 10.1365, 0, 4.24097e-06
24.2159, 10.0903, 0, 0
23.6274, 10.1828, 0, 7.72889e-05
23.6474, 10.1365, 0, 3.05464e-05
23.6673, 10.0903, 0, 0
23.0847, 10.1828, 0, 0.000185466
23.1018, 10.1365, 0, 0.000146641
23.1187, 10.0903, 0, 9.69103e-05
22.7529, 10.1828, 0, 0.000298942
22.7682, 10.1365, 0, 0.000248359
22.7834, 10.0903, 0, 0.000186724
22.1549, 10.1828, 0, 0.000625556
22.1672, 10.1365, 0, 0.000577113
22.1794, 10.0903, 0, 0.000516306
21.5562, 10.1828, 0, 0.000970838
21.5657, 10.1365, 0, 0.000924513
21.575, 10.0903, 0, 0.000863501
21.1956, 10.1828, 0, 0.00128996
21.2036, 10.1365, 0, 0.00125442
21.2113, 10.0903, 0, 0.00120339
20.5549, 10.1828, 0, 0.00193243
20.5604, 10.1365, 0, 0.00190483
20.5657, 10.0903, 0, 0.00186319
19.9126, 10.1828, 0, 0.00260119
19.916, 10.1365, 0, 0.00258009
19.9191, 10.0903, 0, 0.00254762
19.5318, 10.1828, 0, 0.00302189
19.5341, 10.1365, 0, 0.0030001
19.5362, 10.0903, 0, 0.00296449
18.8648, 10.1828, 0, 0.00383103
18.8657, 10.1365, 0, 0.00381468
18.8665, 10.0903, 0, 0.00377052
18.1953, 10.1828, 0, 0.00466544
18.1954, 10.1365, 0, 0.0046516
18.1955, 10.0903, 0, 0.00459425
29.9043, 10.0682, 0, 10.5389
29.9341, 10.0384, 0, 10.0306
29.9639, 10.0087, 0, 9.38612
29.81, 10.0682, 0, 8.25497
29.8397, 10.0384, 0, 7.64719
29.8694, 10.0087, 0, 6.88908
29.7156, 10.0682, 0, 6.3427
29.7453, 10.0384, 0, 5.64039
29.775, 10.0087, 0, 4.77337
29.6507, 10.0682, 0, 5.15382
29.6804, 10.0384, 0, 4.38169
29.71, 10.0087, 0, 3.61171
29.5219, 10.0682, 0, 3.19513
29.5514, 10.0384, 0, 2.61805
29.581, 10.0087, 0, 2.03304
29.3931, 10.0682, 0, 1.80566
29.4226, 10.0384, 0, 1.42977
29.452, 10.0087, 0, 1.03477
29.3057, 10.0682, 0, 1.3162
29.3351, 10.0384, 0, 0.993771
29.3644, 10.0087, 0, 0.68845
29.1342, 10.0682, 0, 0.687842
29.1633, 10.0384, 0, 0.480936
29.1924, 10.0087, 0, 0.290492
28.9627, 10.0682, 0, 0.269474
28.9916, 10.0384, 0, 0.177795
29.0204, 10.0087, 0, 0.101643
28.848, 10.0682, 0, 0.169109
28.8766, 10.0384, 0, 0.118906
28.9053, 10.0087, 0, 0.0730148
28.6252, 10.0682, 0, 0.090687
28.6535, 10.0384, 0, 0.0604264
28.6818, 10.0087, 0, 0.0343604
28.4026, 10.0682, 0, 0.0365834
28.4304, 10.0384, 0, 0.0261137
28.4582, 10.0087, 0, 0.0192124
28.2558, 10.0682, 0, 0.0197823
28.2833, 10.0384, 0, 0.0176286
28.3108, 10.0087, 0, 0.0156905
27.974, 10.0682, 0, 0.0148169
28.0008, 10.0384, 0, 0.0131777
28.0276, 10.0087, 0, 0.0117095
27.6923, 10.0682, 0, 0.0104103
27.7184, 10.0384, 0, 0.00924899
27.7445, 10.0087, 0, 0.00824459
27.5093, 10.0682, 0, 0.00677038
27.5349, 10.0384, 0, 0.0061484
27.5605, 10.0087, 0, 0.00562253
27.1621, 10.0682, 0, 0.00403612
27.1868, 10.0384, 0, 0.0036339
27.2114, 10.0087, 0, 0.00330448
26.8151, 10.0682, 0, 0.00230581
26.8387, 10.0384, 0, 0.00209914
26.8623, 10.0087, 0, 0.00195235
26.593, 10.0682, 0, 0.00233205
26.6159, 10.0384, 0, 0.00199962
26.6388, 10.0087, 0, 0.00172595
26.1768, 10.0682, 0, 0.000843599
26.1983, 10.0384, 0, 0.000658708
26.2198, 10.0087, 0, 0.000524694
25.7608, 10.0682, 0, 0.000210089
25.7808, 10.0384, 0, 0.000139295
25.8009, 10.0087, 0, 0.000112718
25.4985, 10.0682, 0, 0
25.5177, 10.0384, 0, 0
25.5368, 10.0087, 0, 0
25.0132, 10.0682, 0, 0
25.0307, 10.0384, 0, 0
25.0481, 10.0087, 0, 0
24.528, 10.0682, 0, 0
24.5437, 10.0384, 0, 0
24.5594, 10.0087, 0, 0
24.2268, 10.0682, 0, 0
24.2414, 10.0384, 0, 0
24.256, 10.0087, 0, 0
23.6768, 10.0682, 0, 0
23.6895, 10.0384, 0, 0
23.7022, 10.0087, 0, 0
23.1268, 10.0682, 0, 5.64993e-05
23.1376, 10.0384, 0, 1.81823e-05
23.1483, 10.0087, 0, 1.00988e-05
22.7906, 10.0682, 0, 0.000143585
22.8002, 10.0384, 0, 9.93657e-05
22.8098, 10.0087, 0, 8.74512e-05
22.1852, 10.0682, 0, 0.000476663
22.1929, 10.0384, 0, 0.000429873
22.2005, 10.0087, 0, 0.000414536
21.5795, 10.0682, 0, 0.000817629
21.5853, 10.0384, 0, 0.000769299
21.5912, 10.0087, 0, 0.000752024
21.215, 10.0682, 0, 0.00116015
21.2199, 10.0384, 0, 0.00112028
21.2247, 10.0087, 0, 0.00111275
20.5681, 10.0682, 0, 0.00182231
20.5714, 10.0384, 0, 0.00178753
20.5746, 10.0087, 0, 0.00178693
19.9206, 10.0682, 0, 0.00250303
19.9226, 10.0384, 0, 0.00247515
19.9244, 10.0087, 0, 0.00248306
19.5372, 10.0682, 0, 0.0029269
19.5385, 10.0384, 0, 0.00289821
19.5397, 10.0087, 0, 0.00290215
18.8668, 10.0682, 0, 0.00374668
18.8673, 10.0384, 0, 0.00370416
18.8677, 10.0087, 0, 0.00369051
18.1955, 10.0682, 0, 0.00456126
18.1956, 10.0384, 0, 0.00450901
18.1956, 10.0087, 0, 0.00448218
29.8604, 8.0874, 0, 0
29.3805, 8.0874, 0, 0
28.9007, 8.0874, 0, 0
29.8705, 8.38776, 0, 8.55547e-05
29.4255, 8.38776, 0, 0
28.9807, 8.38776, 0, 0
29.8897, 8.68811, 0, 0.000696858
29.5111, 8.68811, 0, 0.000100796
29.1328, 8.68811, 0, 0
29.9037, 8.85263, 0, 0.00190135
29.5731, 8.85263, 0, 0.000800304
29.2428, 8.85263, 0, 0.000171614
29.9257, 9.11765, 0, 0.00420736
29.6705, 9.11765, 0, 0.00249206
29.4151, 9.11765, 0, 0.00143335
29.9464, 9.38267, 0, 0.00766818
29.7618, 9.38267, 0, 0.00503248
29.5766, 9.38267, 0, 0.00338455
29.9562, 9.52067, 0, 0.0140474
29.8053, 9.52067, 0, 0.0115727
29.6537, 9.52067, 0, 0.00930971
29.9667, 9.72989, 0, 0.0202693
29.8522, 9.72989, 0, 0.0186123
29.7373, 9.72989, 0, 0.0168639
29.972, 9.93912, 0, 0.025149
29.8757, 9.93912, 0, 0.0254907
29.7793, 9.93912, 0, 0.025524
28.6215, 8.0874, 0, 0
28.142, 8.0874, 0, 0
27.6625, 8.0874, 0, 0
28.7214, 8.38776, 0, 0
28.2751, 8.38776, 0, 0
27.8289, 8.38776, 0, 0
28.9103, 8.68811, 0, 0
28.5239, 8.68811, 0, 0
28.1379, 8.68811, 0, 0
29.0467, 8.85263, 0, 0
28.7031, 8.85263, 0, 0
28.3599, 8.85263, 0, 0
29.2603, 9.11765, 0, 0.0010462
28.9841, 9.11765, 0, 0.000489304
28.7077, 9.11765, 0, 0.000103344
29.4607, 9.38267, 0, 0.00278766
29.2478, 9.38267, 0, 0.00187884
29.0343, 9.38267, 0, 0.0012425
29.5565, 9.52067, 0, 0.00806244
29.3738, 9.52067, 0, 0.00651196
29.1905, 9.52067, 0, 0.00549579
29.6605, 9.72989, 0, 0.0152708
29.5112, 9.72989, 0, 0.0126144
29.3616, 9.72989, 0, 0.0105041
29.713, 9.93912, 0, 0.0258089
29.5817, 9.93912, 0, 0.0217614
29.4503, 9.93912, 0, 0.0181491
27.3836, 8.0874, 0, 0
26.9044, 8.0874, 0, 0
26.4253, 8.0874, 0, 0
27.5686, 8.38776, 0, 0
27.1202, 8.38776, 0, 0
26.672, 8.38776, 0, 0
27.9103, 8.68811, 0, 0
27.514, 8.68811, 0, 0
27.1182, 8.68811, 0, 0
28.1553, 8.85263, 0, 0
27.7956, 8.85263, 0, 0
27.4361, 8.85263, 0, 0
28.5394, 9.11765, 0, 0
28.2372, 9.11765, 0, 0
27.9348, 9.11765, 0, 0
28.9, 9.38267, 0, 0.00105712
28.6522, 9.38267, 0, 0.000748048
28.4037, 9.38267, 0, 0.000474474
29.0727, 9.52067, 0, 0.00489112
28.851, 9.52067, 0, 0.00363788
28.6287, 9.52067, 0, 0.00267221
29.2622, 9.72989, 0, 0.0094674
29.0702, 9.72989, 0, 0.00770627
28.8778, 9.72989, 0, 0.00627348
29.3612, 9.93912, 0, 0.0163388
29.1864, 9.93912, 0, 0.0139861
29.0116, 9.93912, 0, 0.011911
26.1465, 8.0874, 0, 0
25.6676, 8.0874, 0, 0
25.1887, 8.0874, 0, 0
26.4103, 8.38776, 0, 0
25.9592, 8.38776, 0, 0
25.5082, 8.38776, 0, 0
26.8841, 8.68811, 0, 0
26.4758, 8.68811, 0, 0
26.0678, 8.68811, 0, 0
27.2212, 8.85263, 0, 0
26.842, 8.85263, 0, 0
26.463, 8.85263, 0, 0
27.7499, 9.11765, 0, 0
27.4167, 9.11765, 0, 0
27.0833, 9.11765, 0, 0
28.2472, 9.38267, 0, 0.000262775
27.9577, 9.38267, 0, 7.80713e-05
27.6677, 9.38267, 0, 0
28.486, 9.52067, 0, 0.00223396
28.2177, 9.52067, 0, 0.0014938
27.9489, 9.52067, 0, 0.000710333
28.751, 9.72989, 0, 0.00566174
28.5079, 9.72989, 0, 0.00443514
28.2644, 9.72989, 0, 0.00316972
28.8947, 9.93912, 0, 0.0106963
28.6679, 9.93912, 0, 0.00910745
28.441, 9.93912, 0, 0.00746598
24.9101, 8.0874, 0, 0
24.4315, 8.0874, 0, 0
23.9529, 8.0874, 0, 0
25.2447, 8.38776, 0, 0
24.7901, 8.38776, 0, 0
24.3356, 8.38776, 0, 0
25.8261, 8.68811, 0, 0
25.4036, 8.68811, 0, 0
24.9814, 8.68811, 0, 0
26.2358, 8.85263, 0, 0
25.8339, 8.85263, 0, 0
25.4323, 8.85263, 0, 0
26.8789, 9.11765, 0, 0
26.5099, 9.11765, 0, 0
26.1408, 9.11765, 0, 0
27.4851, 9.38267, 0, 0
27.1477, 9.38267, 0, 0
26.8098, 9.38267, 0, 0
27.777, 9.52067, 0, 0.000440777
27.4553, 9.52067, 0, 0.000145929
27.133, 9.52067, 0, 0
28.1057, 9.72989, 0, 0.00285929
27.8037, 9.72989, 0, 0.00204387
27.5014, 9.72989, 0, 0.00112209
28.2915, 9.93912, 0, 0.00635132
28.0047, 9.93912, 0, 0.0051522
27.7178, 9.93912, 0, 0.00377558
23.6743, 8.0874, 0, 0
23.1958, 8.0874, 0, 0.000102031
22.7174, 8.0874, 0, 0.000269517
24.0699, 8.38776, 0, 0
23.6111, 8.38776, 0, 0
23.1525, 8.38776, 0, 0
24.731, 8.68811, 0, 0
24.2926, 8.68811, 0, 0
23.8543, 8.68811, 0, 0
25.1912, 8.85263, 0, 0
24.7642, 8.85263, 0, 0
24.3373, 8.85263, 0, 0
25.9144, 9.11765, 0, 0
25.5058, 9.11765, 0, 0
25.0971, 9.11765, 0, 0
26.5979, 9.38267, 0, 0
26.2077, 9.38267, 0, 0
25.8171, 9.38267, 0, 0
26.9283, 9.52067, 0, 0
26.5475, 9.52067, 0, 0
26.1663, 9.52067, 0, 0
27.3067, 9.72989, 0, 0.000695568
26.9398, 9.72989, 0, 0.000142844
26.5727, 9.72989, 0, 0
27.5314, 9.93912, 0, 0.0028571
27.1781, 9.93912, 0, 0.00166518
26.8248, 9.93912, 0, 0.000817344
22.4389, 8.0874, 0, 0.000635856
21.9604, 8.0874, 0, 0.000888756
21.4819, 8.0874, 0, 0.00114183
22.8841, 8.38776, 0, 0
22.4205, 8.38776, 0, 0
21.9569, 8.38776, 0, 0.000194177
23.5943, 8.68811, 0, 0
23.1386, 8.68811, 0, 0
22.6831, 8.68811, 0, 4.07085e-05
24.0811, 8.85263, 0, 0
23.6273, 8.85263, 0, 0
23.1735, 8.85263, 0, 0
24.8472, 9.11765, 0, 0
24.3969, 9.11765, 0, 0
23.9465, 9.11765, 0, 0
25.5737, 9.38267, 0, 0
25.1279, 9.38267, 0, 0
24.6819, 9.38267, 0, 0
25.9265, 9.52067, 0, 0
25.4837, 9.52067, 0, 0
25.0407, 9.52067, 0, 0
26.3392, 9.72989, 0, 0
25.9041, 9.72989, 0, 0
25.4689, 9.72989, 0, 0
26.5987, 9.93912, 0, 0.000537831
26.1752, 9.93912, 0, 9.29063e-05
25.7517, 9.93912, 0, 0
21.2034, 8.0874, 0, 0.00140701
20.7246, 8.0874, 0, 0.00182433
20.2459, 8.0874, 0, 0.00228747
21.6855, 8.38776, 0, 0.000416331
21.2163, 8.38776, 0, 0.000813014
20.7471, 8.38776, 0, 0.00126317
22.4128, 8.68811, 0, 0.000190975
21.9394, 8.68811, 0, 0.000543681
21.466, 8.68811, 0, 0.000977926
22.9016, 8.85263, 0, 0
22.4209, 8.85263, 0, 3.35734e-05
21.94, 8.85263, 0, 0.000318517
23.6723, 9.11765, 0, 0
23.1805, 9.11765, 0, 0
22.6888, 9.11765, 0, 0
24.4064, 9.38267, 0, 0
23.9056, 9.38267, 0, 0
23.405, 9.38267, 0, 0
24.7651, 9.52067, 0, 0
24.261, 9.52067, 0, 0
23.7571, 9.52067, 0, 0
25.1959, 9.72989, 0, 0
24.6932, 9.72989, 0, 0
24.1905, 9.72989, 0, 0
25.4849, 9.93912, 0, 0
24.9915, 9.93912, 0, 0
24.4981, 9.93912, 0, 0
19.9671, 8.0874, 0, 0.00256839
19.4877, 8.0874, 0, 0.00282579
19.0083, 8.0874, 0, 0.00298249
20.4722, 8.38776, 0, 0.00158452
19.9968, 8.38776, 0, 0.00200938
19.5211, 8.38776, 0, 0.00238218
21.1854, 8.68811, 0, 0.00127283
20.6946, 8.68811, 0, 0.00179675
20.2035, 8.68811, 0, 0.00231321
21.6528, 8.85263, 0, 0.000532048
21.1464, 8.85263, 0, 0.00101615
20.6399, 8.85263, 0, 0.00159357
22.3914, 9.11765, 0, 0
21.8612, 9.11765, 0, 8.98109e-05
21.3311, 9.11765, 0, 0.000549197
23.0988, 9.38267, 0, 0
22.5476, 9.38267, 0, 0
21.997, 9.38267, 0, 6.48573e-05
23.4473, 9.52067, 0, 0
22.8871, 9.52067, 0, 0
22.3275, 9.52067, 0, 0
23.8798, 9.72989, 0, 0
23.315, 9.72989, 0, 0
22.7504, 9.72989, 0, 0
24.192, 9.93912, 0, 0
23.6336, 9.93912, 0, 0
23.0753, 9.93912, 0, 0
18.7289, 8.0874, 0, 0.00297315
18.2484, 8.0874, 0, 0.00305886
17.7678, 8.0874, 0, 0.00318044
19.2423, 8.38776, 0, 0.00249526
18.7597, 8.38776, 0, 0.00280476
18.2768, 8.38776, 0, 0.00310964
19.9131, 8.68811, 0, 0.00255857
19.4062, 8.68811, 0, 0.00294827
18.8987, 8.68811, 0, 0.00330377
20.3387, 8.85263, 0, 0.0019441
19.81, 8.85263, 0, 0.00243676
19.2809, 8.85263, 0, 0.0029205
21.0132, 9.11765, 0, 0.000908368
20.4508, 9.11765, 0, 0.00148709
19.8888, 9.11765, 0, 0.00206854
21.6641, 9.38267, 0, 0.000370134
21.0714, 9.38267, 0, 0.000990013
20.4797, 9.38267, 0, 0.00163545
21.9881, 9.52067, 0, 0.000140181
21.3818, 9.52067, 0, 0.000653857
20.7767, 9.52067, 0, 0.0012954
22.4068, 9.72989, 0, 0
21.7906, 9.72989, 0, 0.000268486
21.1751, 9.72989, 0, 0.000793485
22.7344, 9.93912, 0, 0
22.1212, 9.93912, 0, 0.000233863
21.5082, 9.93912, 0, 0.000642372
17.4876, 8.0874, 0, 0.00307705
17.0054, 8.0874, 0, 0.00328957
16.523, 8.0874, 0, 0.00352054
17.9936, 8.38776, 0, 0.0031086
17.5034, 8.38776, 0, 0.00336348
17.0125, 8.38776, 0, 0.00364167
18.5996, 8.68811, 0, 0.00345164
18.0789, 8.68811, 0, 0.00369171
17.5572, 8.68811, 0, 0.00397334
18.9682, 8.85263, 0, 0.00319015
18.4224, 8.85263, 0, 0.00357422
17.8758, 8.85263, 0, 0.00390202
19.5549, 9.11765, 0, 0.00239018
18.9698, 9.11765, 0, 0.00291781
18.385, 9.11765, 0, 0.00338789
20.1267, 9.38267, 0, 0.00203064
19.5055, 9.38267, 0, 0.00271765
18.8859, 9.38267, 0, 0.00333104
20.415, 9.52067, 0, 0.00170023
19.7774, 9.52067, 0, 0.00235718
19.1416, 9.52067, 0, 0.00308401
20.8063, 9.72989, 0, 0.00120234
20.1547, 9.72989, 0, 0.00186749
19.5042, 9.72989, 0, 0.00257576
21.1398, 9.93912, 0, 0.00102844
20.4872, 9.93912, 0, 0.00170074
19.8348, 9.93912, 0, 0.00240353
16.2416, 8.0874, 0, 0.00371056
15.757, 8.0874, 0, 0.00419558
15.2722, 8.0874, 0, 0.00469588
16.7247, 8.38776, 0, 0.00384819
16.2263, 8.38776, 0, 0.00430452
15.727, 8.38776, 0, 0.00477704
17.251, 8.68811, 0, 0.00419578
16.7199, 8.68811, 0, 0.0045375
16.1874, 8.68811, 0, 0.00490719
17.555, 8.85263, 0, 0.00411292
16.9987, 8.85263, 0, 0.00449048
16.4413, 8.85263, 0, 0.00485102
18.0414, 9.11765, 0, 0.00362119
17.4452, 9.11765, 0, 0.00413047
16.8497, 9.11765, 0, 0.00462329
18.5213, 9.38267, 0, 0.00362917
17.8881, 9.38267, 0, 0.0042249
17.2572, 9.38267, 0, 0.00479355
18.7673, 9.52067, 0, 0.00347017
18.117, 9.52067, 0, 0.00411929
17.4691, 9.52067, 0, 0.00475309
19.1207, 9.72989, 0, 0.00298972
18.4538, 9.72989, 0, 0.00370604
17.7883, 9.72989, 0, 0.00439584
19.4492, 9.93912, 0, 0.00284048
18.7766, 9.93912, 0, 0.003645
18.1043, 9.93912, 0, 0.0043965
14.4774, 7.54919, 0, 0.00506658
15.0051, 7.54919, 0, 0.00472821
15.5329, 7.54919, 0, 0.00438126
12.1972, 6, 0, 0.00627272
12.875, 6, 0, 0.00631887
13.5528, 6, 0, 0.00632795
9.91709, 4.45081, 0, 0.00790177
10.7449, 4.45081, 0, 0.00801844
11.5726, 4.45081, 0, 0.00803893
15.8401, 7.54919, 0, 0.00409255
16.3678, 7.54919, 0, 0.00368798
16.8956, 7.54919, 0, 0.00326695
13.9472, 6, 0, 0.00586987
14.625, 6, 0, 0.00506576
15.3028, 6, 0, 0.00428102
12.0544, 4.45081, 0, 0.00759177
12.8822, 4.45081, 0, 0.00692291
13.7099, 4.45081, 0, 0.00624414
17.2028, 7.54919, 0, 0.00305573
17.7305, 7.54919, 0, 0.00281348
18.2583, 7.54919, 0, 0.00262571
15.6972, 6, 0, 0.00364248
16.375, 6, 0, 0.00311267
17.0528, 6, 0, 0.0026154
14.1917, 4.45081, 0, 0.00578081
15.0195, 4.45081, 0, 0.00501691
15.8472, 4.45081, 0, 0.00425209
18.5655, 7.54919, 0, 0.00257386
19.0932, 7.54919, 0, 0.00243221
19.621, 7.54919, 0, 0.00224013
17.4472, 6, 0, 0.00233615
18.125, 6, 0, 0.00213956
18.8028, 6, 0, 0.00198111
16.329, 4.45081, 0, 0.00359722
17.1568, 4.45081, 0, 0.00320033
17.9845, 4.45081, 0, 0.00299028
19.9282, 7.54919, 0, 0.00207864
20.4559, 7.54919, 0, 0.0016451
20.9837, 7.54919, 0, 0.00118432
19.1972, 6, 0, 0.00192205
19.875, 6, 0, 0.00146487
20.5528, 6, 0, 0.000942588
18.4663, 4.45081, 0, 0.00311819
19.2941, 4.45081, 0, 0.00277248
20.1218, 4.45081, 0, 0.00226465
21.2909, 7.54919, 0, 0.000846471
21.8186, 7.54919, 0, 0.000584492
22.3464, 7.54919, 0, 0.00036581
20.9472, 6, 0, 0.000459849
21.625, 6, 0, 0
22.3028, 6, 0, 0
20.6036, 4.45081, 0, 0.0016984
21.4314, 4.45081, 0, 0.00095008
22.2591, 4.45081, 0, 0.000245176
22.6536, 7.54919, 0, 0.000149802
23.1814, 7.54919, 0, 0
23.7091, 7.54919, 0, 0
22.6972, 6, 0, 0
23.375, 6, 0, 0
24.0528, 6, 0, 0
22.7409, 4.45081, 0, 0
23.5686, 4.45081, 0, 0
24.3964, 4.45081, 0, 0
24.0163, 7.54919, 0, 0
24.5441, 7.54919, 0, 0
25.0718, 7.54919, 0, 0
24.4472, 6, 0, 0
25.125, 6, 0, 0
25.8028, 6, 0, 0
24.8782, 4.45081, 0, 0
25.7059, 4.45081, 0, 0
26.5337, 4.45081, 0, 0
25.379, 7.54919, 0, 0
25.9068, 7.54919, 0, 0
26.4345, 7.54919, 0, 0
26.1972, 6, 0, 0
26.875, 6, 0, 0
27.5528, 6, 0, 0
27.0155, 4.45081, 0, 0
27.8432, 4.45081, 0, 0
28.671, 4.45081, 0, 0
26.7417, 7.54919, 0, 0
27.2695, 7.54919, 0, 0
27.7972, 7.54919, 0, 0
27.9472, 6, 0, 0
28.625, 6, 0, 0
29.3028, 6, 0, 0
29.1528, 4.45081, 0, 0
29.9805, 4.45081, 0, 0
30.8083, 4.45081, 0, 0
28.1044, 7.54919, 0, 0
28.6322, 7.54919, 0, 0
29.1599, 7.54919, 0, 0
29.6972, 6, 0, 0
30.375, 6, 0, 0
31.0528, 6, 0, 0
31.2901, 4.45081, 0, 0
32.1178, 4.45081, 0, 0
32.9456, 4.45081, 0, 0
29.4671, 7.54919, 0, 0
29.9949, 7.54919, 0, 0
30.5226, 7.54919, 0, 0
31.4472, 6, 0, 0
32.125, 6, 0, 0
32.8028, 6, 0, 0
33.4274, 4.45081, 0, 0
34.2551, 4.45081, 0, 0
35.0829, 4.45081, 0, 0
30.6762, 7.65215, 0, 0
30.6762, 8.00595, 0, 0
30.6762, 8.35975, 0, 0.000207028
33, 6.1564, 0, 0
33, 6.69388, 0, 0
33, 7.23135, 0, 0
35.3238, 4.66066, 0, 0
35.3238, 5.38181, 0, 0
35.3238, 6.10295, 0, 0
30.6762, 8.55654, 0, 0.000813595
30.6762, 8.87899, 0, 0.0021847
30.6762, 9.20143, 0, 0.00364052
33, 7.53902, 0, 0
33, 8.05882, 0, 0.000249282
33, 8.57863, 0, 0.000931927
35.3238, 6.5215, 0, 0
35.3238, 7.23866, 0, 0
35.3238, 7.95583, 0, 9.47296e-05
30.6762, 9.37469, 0, 0.00631944
30.6762, 9.64763, 0, 0.0102355
30.6762, 9.92058, 0, 0.0139845
33, 8.87304, 0, 0.00174765
33, 9.36495, 0, 0.00532259
33, 9.85686, 0, 0.00929267
35.3238, 8.37138, 0, 0.000235806
35.3238, 9.08226, 0, 0.00345649
35.3238, 9.79314, 0, 0.00731856
48.4222, 9.64126, 0, 0.00738046
48.4222, 8.40847, 0, 0.00327078
48.4222, 7.17567, 0, 0
43, 9.69946, 0, 0.00797524
43, 8.66667, 0, 0.00354087
43, 7.63387, 0, 0
37.5778, 9.75766, 0, 0.00711132
37.5778, 8.92487, 0, 0.00320676
37.5778, 8.09207, 0, 0
48.4222, 6.4582, 0, 0
48.4222, 5.2254, 0, 0
48.4222, 3.99261, 0, 0
43, 7.0328, 0, 0
43, 6, 0, 0
43, 4.9672, 0, 0
37.5778, 7.60739, 0, 0
37.5778, 6.7746, 0, 0
37.5778, 5.9418, 0, 0
48.4222, 3.27513, 0, 0
48.4222, 2.04234, 0, 0
48.4222, 0.809542, 0, 0
43, 4.36613, 0, 0
43, 3.33333, 0, 0
43, 2.30054, 0, 0
37.5778, 5.45712, 0, 0
37.5778, 4.62433, 0, 0
37.5778, 3.79153, 0, 0
1.45956, 0.450806, 0, 0.00805441
4.86158, 2, 0, 0.00654111
8.26361, 3.54919, 0, 0.00758789
2.98964, 0.450806, 0, 0.00770826
6.10417, 2, 0, 0.00646529
9.21869, 3.54919, 0, 0.00764593
4.51972, 0.450806, 0, 0.00717665
7.34675, 2, 0, 0.00626064
10.1738, 3.54919, 0, 0.00756241
5.41021, 0.450806, 0, 0.00687532
8.06992, 2, 0, 0.00604753
10.7296, 3.54919, 0, 0.00724487
6.9403, 0.450806, 0, 0.00638414
9.3125, 2, 0, 0.00522824
11.6847, 3.54919, 0, 0.00659201
8.47038, 0.450806, 0, 0.00593459
10.5551, 2, 0, 0.0044625
12.6398, 3.54919, 0, 0.0059524
9.36087, 0.450806, 0, 0.0055567
11.2783, 2, 0, 0.00419473
13.1956, 3.54919, 0, 0.00569577
10.891, 0.450806, 0, 0.00547524
12.5208, 2, 0, 0.00416302
14.1507, 3.54919, 0, 0.00523276
12.421, 0.450806, 0, 0.00556235
13.7634, 2, 0, 0.0041918
15.1058, 3.54919, 0, 0.00473508
13.3115, 0.450806, 0, 0.0057479
14.4866, 2, 0, 0.00425891
15.6616, 3.54919, 0, 0.00424687
14.8416, 0.450806, 0, 0.00458545
15.7292, 2, 0, 0.00368925
16.6167, 3.54919, 0, 0.0037628
16.3717, 0.450806, 0, 0.00322121
16.9717, 2, 0, 0.00310915
17.5718, 3.54919, 0, 0.00349095
17.2622, 0.450806, 0, 0.00259945
17.6949, 2, 0, 0.00312544
18.1277, 3.54919, 0, 0.00374865
18.7923, 0.450806, 0, 0.00247872
18.9375, 2, 0, 0.00323461
19.0827, 3.54919, 0, 0.00368025
20.3223, 0.450806, 0, 0.00240934
20.1801, 2, 0, 0.00329585
20.0378, 3.54919, 0, 0.00341285
21.2128, 0.450806, 0, 0.00189025
20.9033, 2, 0, 0.00286222
20.5937, 3.54919, 0, 0.0029032
22.7429, 0.450806, 0, 0.000779485
22.1458, 2, 0, 0.00160022
21.5487, 3.54919, 0, 0.00193679
24.273, 0.450806, 0, 0
23.3884, 2, 0, 0.000344348
22.5038, 3.54919, 0, 0.000997114
25.1635, 0.450806, 0, 0
24.1116, 2, 0, 0
23.0597, 3.54919, 0, 0.000418276
26.6936, 0.450806, 0, 0
25.3542, 2, 0, 0
24.0148, 3.54919, 0, 3.65194e-05
28.2237, 0.450806, 0, 0
26.5967, 2, 0, 0
24.9698, 3.54919, 0, 0
29.1141, 0.450806, 0, 0
27.3199, 2, 0, 0
25.5257, 3.54919, 0, 0
30.6442, 0.450806, 0, 0
28.5625, 2, 0, 0
26.4808, 3.54919, 0, 0
32.1743, 0.450806, 0, 0
29.8051, 2, 0, 0
27.4359, 3.54919, 0, 0
33.0648, 0.450806, 0, 0
30.5283, 2, 0, 0
27.9917, 3.54919, 0, 0
34.5949, 0.450806, 0, 0
31.7708, 2, 0, 0
28.9468, 3.54919, 0, 0
36.125, 0.450806, 0, 0
33.0134, 2, 0, 0
29.9019, 3.54919, 0, 0
37.0155, 0.450806, 0, 0
33.7366, 2, 0, 0
30.4577, 3.54919, 0, 0
38.5455, 0.450806, 0, 0
34.9792, 2, 0, 0
31.4128, 3.54919, 0, 0
40.0756, 0.450806, 0, 0
36.2217, 2, 0, 0
32.3679, 3.54919, 0, 0
40.9661, 0.450806, 0, 0
36.9449, 2, 0, 0
32.9237, 3.54919, 0, 0
42.4962, 0.450806, 0, 0
38.1875, 2, 0, 0
33.8788, 3.54919, 0, 0
44.0263, 0.450806, 0, 0
39.4301, 2, 0, 0
34.8339, 3.54919, 0, 0
44.9168, 0.450806, 0, 0
40.1533, 2, 0, 0
35.3897, 3.54919, 0, 0
46.4469, 0.450806, 0, 0
41.3958, 2, 0, 0
36.3448, 3.54919, 0, 0
47.9769, 0.450806, 0, 0
42.6384, 2, 0, 0
37.2999, 3.54919, 0, 0
