1 1640 1642 1693 1691 1641 1672 1692 1671
2 1584 1587 1642 1640 1585 1619 1641 1618
3 1642 1644 1695 1693 1643 1673 1694 1672
4 1587 1590 1644 1642 1589 1620 1643 1619
5 1644 1646 1697 1695 1645 1674 1696 1673
6 1590 1592 1646 1644 1591 1622 1645 1620
7 1646 1648 1699 1697 1647 1675 1698 1674
8 1592 1594 1648 1646 1593 1623 1647 1622
9 1648 1651 1701 1699 1650 1677 1700 1675
10 1594 1598 1651 1648 1595 1625 1650 1623
11 1651 1655 1703 1701 1652 1678 1702 1677
12 1598 1600 1655 1651 1599 1627 1652 1625
13 1655 1657 1705 1703 1656 1680 1704 1678
14 1600 1603 1657 1655 1601 1630 1656 1627
15 1657 1660 1708 1705 1658 1682 1706 1680
16 1603 1608 1660 1657 1606 1632 1658 1630
17 1660 1663 1711 1708 1661 1684 1710 1682
18 1608 1611 1663 1660 1610 1635 1661 1632
19 1663 1666 1714 1711 1665 1686 1713 1684
20 1611 1617 1666 1663 1615 1638 1665 1635
21 1666 1676 1718 1714 1670 1689 1716 1686
22 1617 1628 1676 1666 1624 1653 1670 1638
23 1676 1683 1721 1718 1679 1709 1719 1689
24 1628 1633 1683 1676 1631 1662 1679 1653
25 1683 1687 1723 1721 1685 1715 1722 1709
26 1633 1639 1687 1683 1637 1669 1685 1662
27 1687 1707 1726 1723 1690 1720 1725 1715
28 1639 1659 1707 1687 1654 1681 1690 1669
29 1707 1717 1728 1726 1712 1724 1727 1720
30 1659 1667 1717 1707 1664 1688 1712 1681
31 1303 1501 1498 1296 1423 1500 1419 1302
32 1310 1506 1501 1303 1426 1504 1423 1308
33 1319 1512 1506 1310 1434 1510 1426 1316
34 1332 1517 1512 1319 1439 1515 1434 1325
35 1343 1521 1517 1332 1450 1520 1439 1335
36 1358 1530 1521 1343 1461 1528 1450 1348
37 1380 1535 1530 1358 1470 1534 1461 1371
38 1402 1546 1535 1380 1486 1542 1470 1392
39 1429 1556 1546 1402 1502 1551 1486 1415
40 1456 1570 1556 1429 1527 1565 1502 1442
41 1482 1579 1570 1456 1543 1574 1527 1467
42 1514 1586 1579 1482 1562 1581 1543 1494
43 1540 1602 1586 1514 1577 1597 1562 1529
44 1560 1614 1602 1540 1588 1609 1577 1548
45 1578 1629 1614 1560 1605 1621 1588 1571
46 1501 1587 1584 1498 1558 1585 1557 1500
47 1506 1590 1587 1501 1559 1589 1558 1504
48 1512 1592 1590 1506 1564 1591 1559 1510
49 1517 1594 1592 1512 1567 1593 1564 1515
50 1521 1598 1594 1517 1569 1595 1567 1520
51 1530 1600 1598 1521 1573 1599 1569 1528
52 1535 1603 1600 1530 1576 1601 1573 1534
53 1546 1608 1603 1535 1580 1606 1576 1542
54 1556 1611 1608 1546 1583 1610 1580 1551
55 1570 1617 1611 1556 1596 1615 1583 1565
56 1579 1628 1617 1570 1604 1624 1596 1574
57 1586 1633 1628 1579 1613 1631 1604 1581
58 1602 1639 1633 1586 1626 1637 1613 1597
59 1614 1659 1639 1602 1634 1654 1626 1609
60 1629 1667 1659 1614 1649 1664 1634 1621
61 1110 1125 1118 1105 1115 1121 1112 1109
62 1113 1133 1125 1110 1123 1127 1115 1111
63 1122 1137 1133 1113 1132 1135 1123 1116
64 1134 1152 1137 1122 1141 1146 1132 1126
65 1148 1166 1152 1134 1157 1159 1141 1139
66 1165 1186 1166 1148 1172 1174 1157 1155
67 1188 1214 1186 1165 1201 1197 1172 1177
68 1224 1246 1214 1188 1235 1231 1201 1206
69 1256 1282 1246 1224 1270 1265 1235 1241
70 1300 1328 1282 1256 1314 1304 1270 1279
71 1342 1370 1328 1300 1352 1347 1314 1320
72 1388 1411 1370 1342 1400 1393 1352 1367
73 1432 1455 1411 1388 1443 1436 1400 1409
74 1468 1488 1455 1432 1480 1471 1443 1452
75 1503 1522 1488 1468 1516 1505 1480 1487
76 1125 1149 1142 1118 1136 1145 1130 1121
77 1133 1154 1149 1125 1143 1151 1136 1127
78 1137 1164 1154 1133 1153 1160 1143 1135
79 1152 1173 1164 1137 1163 1168 1153 1146
80 1166 1193 1173 1152 1180 1183 1163 1159
81 1186 1215 1193 1166 1199 1203 1180 1174
82 1214 1243 1215 1186 1227 1228 1199 1197
83 1246 1273 1243 1214 1261 1258 1227 1231
84 1282 1313 1273 1246 1297 1292 1261 1265
85 1328 1349 1313 1282 1336 1333 1297 1304
86 1370 1397 1349 1328 1383 1375 1336 1347
87 1411 1437 1397 1370 1425 1416 1383 1393
88 1455 1474 1437 1411 1464 1457 1425 1436
89 1488 1507 1474 1455 1495 1489 1464 1471
90 1522 1536 1507 1488 1531 1523 1495 1505
91 1149 1178 1170 1142 1162 1171 1156 1145
92 1154 1184 1178 1149 1167 1181 1162 1151
93 1164 1195 1184 1154 1179 1190 1167 1160
94 1173 1209 1195 1164 1192 1202 1179 1168
95 1193 1226 1209 1173 1212 1219 1192 1183
96 1215 1249 1226 1193 1234 1238 1212 1203
97 1243 1274 1249 1215 1259 1262 1234 1228
98 1273 1307 1274 1243 1289 1290 1259 1258
99 1313 1340 1307 1273 1329 1324 1289 1292
100 1349 1378 1340 1313 1368 1360 1329 1333
101 1397 1418 1378 1349 1405 1399 1368 1375
102 1437 1458 1418 1397 1447 1438 1405 1416
103 1474 1490 1458 1437 1481 1475 1447 1457
104 1507 1525 1490 1474 1518 1508 1481 1489
105 1536 1550 1525 1507 1545 1539 1518 1523
106 1178 1217 1211 1170 1196 1213 1189 1171
107 1184 1225 1217 1178 1204 1220 1196 1181
108 1195 1237 1225 1184 1216 1230 1204 1190
109 1209 1248 1237 1195 1229 1242 1216 1202
110 1226 1266 1248 1209 1247 1255 1229 1219
111 1249 1284 1266 1226 1268 1275 1247 1238
112 1274 1312 1284 1249 1291 1299 1268 1262
113 1307 1337 1312 1274 1322 1327 1291 1290
114 1340 1373 1337 1307 1353 1350 1322 1324
115 1378 1404 1373 1340 1395 1391 1353 1360
116 1418 1441 1404 1378 1431 1424 1395 1399
117 1458 1476 1441 1418 1465 1459 1431 1438
118 1490 1509 1476 1458 1497 1491 1465 1475
119 1525 1538 1509 1490 1532 1524 1497 1508
120 1550 1563 1538 1525 1555 1549 1532 1539
121 1217 1260 1252 1211 1239 1254 1233 1213
122 1225 1267 1260 1217 1245 1263 1239 1220
123 1237 1278 1267 1225 1253 1271 1245 1230
124 1248 1288 1278 1237 1269 1281 1253 1242
125 1266 1305 1288 1248 1283 1295 1269 1255
126 1284 1323 1305 1266 1306 1317 1283 1275
127 1312 1345 1323 1284 1331 1334 1306 1299
128 1337 1374 1345 1312 1351 1356 1331 1327
129 1373 1401 1374 1337 1386 1385 1351 1350
130 1404 1433 1401 1373 1420 1417 1386 1391
131 1441 1463 1433 1404 1453 1449 1420 1424
132 1476 1493 1463 1441 1483 1477 1453 1459
133 1509 1526 1493 1476 1519 1511 1483 1491
134 1538 1547 1526 1509 1544 1537 1519 1524
135 1563 1572 1547 1538 1568 1561 1544 1549
136 1260 1303 1296 1252 1280 1302 1276 1254
137 1267 1310 1303 1260 1286 1308 1280 1263
138 1278 1319 1310 1267 1298 1316 1286 1271
139 1288 1332 1319 1278 1311 1325 1298 1281
140 1305 1343 1332 1288 1326 1335 1311 1295
141 1323 1358 1343 1305 1341 1348 1326 1317
142 1345 1380 1358 1323 1363 1371 1341 1334
143 1374 1402 1380 1345 1387 1392 1363 1356
144 1401 1429 1402 1374 1413 1415 1387 1385
145 1433 1456 1429 1401 1444 1442 1413 1417
146 1463 1482 1456 1433 1473 1467 1444 1449
147 1493 1514 1482 1463 1499 1494 1473 1477
148 1526 1540 1514 1493 1533 1529 1499 1511
149 1547 1560 1540 1526 1554 1548 1533 1537
150 1572 1578 1560 1547 1575 1571 1554 1561
151 1361 1076 1073 1355 1194 1075 1191 1359
152 1366 1082 1076 1361 1200 1079 1194 1364
153 1372 1087 1082 1366 1210 1083 1200 1369
154 1377 1093 1087 1372 1221 1089 1210 1376
155 1384 1097 1093 1377 1236 1096 1221 1382
156 1396 1107 1097 1384 1251 1101 1236 1389
157 1403 1128 1107 1396 1272 1114 1251 1398
158 1412 1161 1128 1403 1301 1144 1272 1408
159 1428 1205 1161 1412 1330 1182 1301 1421
160 1440 1257 1205 1428 1357 1232 1330 1435
161 1454 1315 1257 1440 1394 1285 1357 1448
162 1466 1365 1315 1454 1422 1339 1394 1462
163 1478 1410 1365 1466 1451 1390 1422 1472
164 1492 1445 1410 1478 1469 1430 1451 1484
165 1503 1468 1445 1492 1487 1460 1469 1496
166 1076 951 949 1073 1020 950 1016 1075
167 1082 959 951 1076 1024 955 1020 1079
168 1087 967 959 1082 1029 962 1024 1083
169 1093 970 967 1087 1035 969 1029 1089
170 1097 983 970 1093 1041 977 1035 1096
171 1107 1000 983 1097 1052 991 1041 1101
172 1128 1015 1000 1107 1064 1005 1052 1114
173 1161 1038 1015 1128 1081 1027 1064 1144
174 1205 1057 1038 1161 1103 1045 1081 1182
175 1257 1088 1057 1205 1150 1071 1103 1232
176 1315 1129 1088 1257 1222 1102 1150 1285
177 1365 1218 1129 1315 1294 1169 1222 1339
178 1410 1309 1218 1365 1362 1264 1294 1390
179 1445 1379 1309 1410 1414 1346 1362 1430
180 1468 1432 1379 1445 1452 1406 1414 1460
181 951 841 836 949 898 838 894 950
182 959 845 841 951 903 844 898 955
183 967 856 845 959 914 851 903 962
184 970 863 856 967 920 859 914 969
185 983 881 863 970 928 872 920 977
186 1000 899 881 983 945 892 928 991
187 1015 918 899 1000 966 909 945 1005
188 1038 944 918 1015 990 929 966 1027
189 1057 973 944 1038 1017 958 990 1045
190 1088 1010 973 1057 1049 994 1017 1071
191 1129 1051 1010 1088 1084 1034 1049 1102
192 1218 1095 1051 1129 1140 1070 1084 1169
193 1309 1175 1095 1218 1244 1124 1140 1264
194 1379 1293 1175 1309 1338 1240 1244 1346
195 1432 1388 1293 1379 1409 1344 1338 1406
196 841 735 730 836 790 733 784 838
197 845 743 735 841 797 739 790 844
198 856 753 743 845 808 751 797 851
199 863 768 753 856 817 761 808 859
200 881 788 768 863 832 778 817 872
201 899 810 788 881 852 801 832 892
202 918 835 810 899 875 820 852 909
203 944 861 835 918 907 848 875 929
204 973 900 861 944 935 883 907 958
205 1010 941 900 973 974 921 935 994
206 1051 987 941 1010 1022 965 974 1034
207 1095 1039 987 1051 1065 1013 1022 1070
208 1175 1092 1039 1095 1120 1062 1065 1124
209 1293 1198 1092 1175 1250 1131 1120 1240
210 1388 1342 1198 1293 1367 1277 1250 1344
211 735 639 634 730 688 636 682 733
212 743 653 639 735 701 646 688 739
213 753 665 653 743 711 657 701 751
214 768 684 665 753 725 675 711 761
215 788 706 684 768 745 695 725 778
216 810 727 706 788 766 717 745 801
217 835 755 727 810 798 741 766 820
218 861 792 755 835 825 773 798 848
219 900 831 792 861 862 812 825 883
220 941 878 831 900 913 854 862 921
221 987 927 878 941 956 905 913 965
222 1039 985 927 987 1011 954 956 1013
223 1092 1048 985 1039 1069 1019 1011 1062
224 1198 1119 1048 1092 1158 1078 1069 1131
225 1342 1300 1119 1198 1320 1207 1158 1277
226 639 560 545 634 600 554 589 636
227 653 570 560 639 613 564 600 646
228 665 586 570 653 624 579 613 657
229 684 607 586 665 642 594 624 675
230 706 627 607 684 664 617 642 695
231 727 654 627 706 692 640 664 717
232 755 689 654 727 723 674 692 741
233 792 726 689 755 757 709 723 773
234 831 770 726 792 806 750 757 812
235 878 821 770 831 850 799 806 854
236 927 879 821 878 904 849 850 905
237 985 939 879 927 963 912 904 954
238 1048 1009 939 985 1032 971 963 1019
239 1119 1085 1009 1048 1098 1047 1032 1078
240 1300 1256 1085 1119 1279 1147 1098 1207
241 560 484 470 545 520 476 510 554
242 570 495 484 560 530 489 520 564
243 586 515 495 570 550 503 530 579
244 607 532 515 586 571 523 550 594
245 627 562 532 607 593 548 571 617
246 654 590 562 627 623 578 593 640
247 689 630 590 654 658 612 623 674
248 726 668 630 689 702 647 658 709
249 770 718 668 726 746 697 702 750
250 821 772 718 770 800 747 746 799
251 879 833 772 821 855 807 800 849
252 939 902 833 879 922 864 855 912
253 1009 976 902 939 995 937 922 971
254 1085 1060 976 1009 1072 1021 995 1047
255 1256 1224 1060 1085 1241 1108 1072 1147
256 484 415 401 470 448 410 437 476
257 495 430 415 484 459 420 448 489
258 515 449 430 495 485 442 459 503
259 532 474 449 515 502 457 485 523
260 562 499 474 532 529 487 502 548
261 590 534 499 562 566 519 529 578
262 630 575 534 590 603 558 566 612
263 668 620 575 630 644 597 603 647
264 718 670 620 668 698 645 644 697
265 772 732 670 718 752 705 698 747
266 833 796 732 772 814 760 752 807
267 902 865 796 833 888 830 814 864
268 976 947 865 902 964 910 888 937
269 1060 1043 947 976 1053 997 964 1021
270 1224 1188 1043 1060 1206 1091 1053 1108
271 415 355 341 401 385 348 371 410
272 430 372 355 415 399 361 385 420
273 449 392 372 430 419 384 399 442
274 474 418 392 449 447 406 419 457
275 499 450 418 474 478 434 447 487
276 534 486 450 499 512 466 478 519
277 575 525 486 534 553 506 512 558
278 620 577 525 575 598 555 553 597
279 670 633 577 620 652 606 598 645
280 732 696 633 670 712 659 652 705
281 796 762 696 732 779 729 712 760
282 865 842 762 796 853 805 779 830
283 947 925 842 865 938 886 853 910
284 1043 1030 925 947 1036 975 938 997
285 1188 1165 1030 1043 1177 1074 1036 1091
286 355 306 291 341 332 299 316 348
287 372 323 306 355 346 312 332 361
288 392 344 323 372 366 335 346 384
289 418 370 344 392 395 359 366 406
290 450 404 370 418 427 388 395 434
291 486 445 404 450 463 423 427 466
292 525 488 445 486 508 464 463 506
293 577 538 488 525 561 516 508 555
294 633 596 538 577 615 567 561 606
295 696 660 596 633 680 632 615 659
296 762 736 660 696 749 703 680 729
297 842 818 736 762 827 775 749 805
298 925 915 818 842 919 860 827 886
299 1030 1014 915 925 1023 960 919 975
300 1165 1148 1014 1030 1155 1067 1023 1074
301 306 260 247 291 282 252 270 299
302 323 281 260 306 303 274 282 312
303 344 305 281 323 325 292 303 335
304 370 333 305 344 352 319 325 359
305 404 362 333 370 386 347 352 388
306 445 407 362 404 425 387 386 423
307 488 453 407 445 471 431 425 464
308 538 507 453 488 522 482 471 516
309 596 568 507 538 584 536 522 567
310 660 637 568 596 648 604 584 632
311 736 716 637 660 724 677 648 703
312 818 803 716 736 811 754 724 775
313 915 897 803 818 906 847 811 860
314 1014 1004 897 915 1008 946 906 960
315 1148 1134 1004 1014 1139 1059 1008 1067
316 260 222 212 247 243 219 227 252
317 281 244 222 260 261 237 243 274
318 305 269 244 281 286 256 261 292
319 333 300 269 305 314 283 286 319
320 362 334 300 333 349 315 314 347
321 407 376 334 362 390 354 349 387
322 453 424 376 407 441 397 390 431
323 507 483 424 453 493 452 441 482
324 568 543 483 507 559 514 493 536
325 637 618 543 568 626 581 559 604
326 716 700 618 637 707 655 626 677
327 803 789 700 716 794 740 707 754
328 897 891 789 803 893 837 794 847
329 1004 998 891 897 1003 940 893 946
330 1134 1122 998 1004 1126 1056 1003 1059
331 222 197 181 212 213 190 196 219
332 244 217 197 222 231 207 213 237
333 269 242 217 244 253 225 231 256
334 300 272 242 269 284 254 253 283
335 334 308 272 300 321 287 284 315
336 376 350 308 334 360 330 321 354
337 424 398 350 376 414 377 360 397
338 483 456 398 424 469 432 414 452
339 543 524 456 483 533 491 469 514
340 618 602 524 543 610 563 533 581
341 700 685 602 618 690 638 610 655
342 789 774 685 700 783 731 690 740
343 891 880 774 789 885 824 783 837
344 998 992 880 891 996 933 885 940
345 1122 1113 992 998 1116 1050 996 1056
346 197 177 161 181 187 172 173 190
347 217 193 177 197 205 184 187 207
348 242 218 193 217 226 206 205 225
349 272 248 218 242 257 236 226 254
350 308 285 248 272 296 264 257 287
351 350 331 285 308 338 309 296 330
352 398 383 331 350 391 356 338 377
353 456 443 383 398 451 413 391 432
354 524 511 443 456 518 477 451 491
355 602 587 511 524 591 549 518 563
356 685 672 587 602 679 631 591 638
357 774 767 672 685 771 719 679 731
358 880 871 767 774 874 819 771 824
359 992 986 871 880 989 926 874 933
360 1113 1110 986 992 1111 1046 989 1050
361 177 158 146 161 170 149 150 172
362 193 179 158 177 185 171 170 184
363 218 200 179 193 208 189 185 206
364 248 229 200 218 241 215 208 236
365 285 268 229 248 277 249 241 264
366 331 310 268 285 322 290 277 309
367 383 363 310 331 375 339 322 356
368 443 428 363 383 435 396 375 413
369 511 496 428 443 501 460 435 477
370 587 576 496 511 583 535 501 549
371 672 661 576 587 667 619 583 631
372 767 759 661 672 764 713 667 719
373 871 867 759 767 868 815 764 819
374 986 982 867 871 984 924 868 926
375 1110 1105 982 986 1109 1044 984 1046
376 158 154 141 146 156 147 144 149
377 179 175 154 158 176 164 156 171
378 200 199 175 179 198 188 176 189
379 229 234 199 200 228 216 198 215
380 268 273 234 229 267 250 228 249
381 310 317 273 268 311 294 267 290
382 363 369 317 310 365 343 311 339
383 428 433 369 363 429 403 365 396
384 496 504 433 428 498 468 429 460
385 576 585 504 496 580 542 498 535
386 661 673 585 576 666 629 580 619
387 759 769 673 661 765 720 666 713
388 867 876 769 759 870 822 765 815
389 982 993 876 867 988 934 870 924
390 1105 1118 993 982 1112 1054 988 1044
391 154 151 135 141 152 145 136 147
392 175 180 151 154 178 169 152 164
393 199 209 180 175 202 192 178 188
394 234 245 209 199 239 223 202 216
395 273 288 245 234 279 266 239 250
396 317 337 288 273 329 313 279 294
397 369 393 337 317 382 364 329 343
398 433 455 393 369 446 426 382 403
399 504 527 455 433 517 492 446 468
400 585 609 527 504 592 569 517 542
401 673 699 609 585 683 651 592 629
402 769 791 699 673 780 742 683 720
403 876 895 791 769 889 843 780 822
404 993 1007 895 876 1002 948 889 934
405 1118 1142 1007 993 1130 1063 1002 1054
406 151 155 132 135 153 143 133 145
407 180 191 155 151 183 174 153 169
408 209 232 191 180 220 211 183 192
409 245 276 232 209 258 251 220 223
410 288 328 276 245 307 301 258 266
411 337 380 328 288 357 353 307 313
412 393 440 380 337 416 411 357 364
413 455 500 440 393 481 472 416 426
414 527 574 500 455 551 537 481 492
415 609 650 574 527 628 614 551 569
416 699 734 650 609 715 694 628 651
417 791 823 734 699 809 781 715 742
418 895 923 823 791 911 873 809 843
419 1007 1031 923 895 1018 972 911 948
420 1142 1170 1031 1007 1156 1080 1018 1063
421 155 160 130 132 159 140 131 143
422 191 210 160 155 201 186 159 174
423 232 262 210 191 246 238 201 211
424 276 320 262 232 298 289 246 251
425 328 378 320 276 351 345 298 301
426 380 436 378 328 408 405 351 353
427 440 497 436 380 467 465 408 411
428 500 565 497 440 531 528 467 472
429 574 635 565 500 605 599 531 537
430 650 708 635 574 681 669 605 614
431 734 787 708 650 758 748 681 694
432 823 869 787 734 846 826 758 781
433 923 957 869 823 942 916 846 873
434 1031 1055 957 923 1042 1006 942 972
435 1170 1211 1055 1031 1189 1099 1042 1080
436 160 168 127 130 163 137 129 140
437 210 224 168 160 221 194 163 186
438 262 293 224 210 280 259 221 238
439 320 358 293 262 340 327 280 289
440 378 422 358 320 400 389 340 345
441 436 490 422 378 462 454 400 405
442 497 557 490 436 526 521 462 465
443 565 621 557 497 595 588 526 528
444 635 693 621 565 663 656 595 599
445 708 763 693 635 737 728 663 669
446 787 839 763 708 816 804 737 748
447 869 917 839 787 896 877 816 826
448 957 999 917 869 978 953 896 916
449 1055 1077 999 957 1066 1040 978 1006
450 1211 1252 1077 1055 1233 1138 1066 1099
451 168 162 125 127 166 134 126 137
452 224 233 162 168 235 195 166 194
453 293 304 233 224 302 265 235 259
454 358 373 304 293 367 336 302 327
455 422 444 373 358 439 409 367 389
456 490 513 444 422 505 479 439 454
457 557 582 513 490 572 544 505 521
458 621 649 582 557 641 616 572 588
459 693 721 649 621 714 687 641 656
460 763 795 721 693 785 756 714 728
461 839 866 795 763 858 829 785 804
462 917 943 866 839 932 908 858 877
463 999 1026 943 917 1012 981 932 953
464 1077 1100 1026 999 1094 1061 1012 1040
465 1252 1296 1100 1077 1276 1187 1094 1138
466 43 85 82 34 65 84 60 38
467 48 88 85 43 69 86 65 46
468 54 94 88 48 75 90 69 53
469 63 97 94 54 78 96 75 57
470 70 99 97 63 83 98 78 67
471 76 105 99 70 87 103 83 74
472 85 127 125 82 107 126 106 84
473 88 130 127 85 111 129 107 86
474 94 132 130 88 112 131 111 90
475 97 135 132 94 114 133 112 96
476 99 141 135 97 116 136 114 98
477 105 146 141 99 118 144 116 103
478 4 14 10 1 7 12 5 2
479 8 21 14 4 13 19 7 6
480 16 29 21 8 20 24 13 11
481 28 37 29 16 30 33 20 22
482 42 52 37 28 44 45 30 32
483 58 64 52 42 62 55 44 50
484 14 43 34 10 26 38 23 12
485 21 48 43 14 31 46 26 19
486 29 54 48 21 40 53 31 24
487 37 63 54 29 49 57 40 33
488 52 70 63 37 61 67 49 45
489 64 76 70 52 71 74 61 55
490 1485 1318 1498 1584 1407 1427 1557 1553
491 1223 1086 1318 1485 1117 1176 1407 1381
492 1028 980 1086 1223 1001 1037 1117 1090
493 901 884 980 1028 890 931 1001 961
494 782 786 884 901 777 834 890 840
495 662 691 786 782 676 738 777 722
496 552 601 691 662 573 643 676 608
497 438 509 601 552 475 556 573 494
498 324 417 509 438 374 461 475 381
499 204 326 417 324 271 368 374 263
500 123 230 326 204 167 278 271 148
501 104 142 230 123 120 182 167 113
502 81 117 142 104 101 124 120 92
503 56 100 117 81 80 110 101 72
504 34 82 100 56 60 91 80 47
505 1318 1100 1296 1498 1208 1187 1419 1427
506 1086 1026 1100 1318 1058 1061 1208 1176
507 980 943 1026 1086 968 981 1058 1037
508 884 866 943 980 882 908 968 931
509 786 795 866 884 793 829 882 834
510 691 721 795 786 710 756 793 738
511 601 649 721 691 625 687 710 643
512 509 582 649 601 539 616 625 556
513 417 513 582 509 458 544 539 461
514 326 444 513 417 379 479 458 368
515 230 373 444 326 297 409 379 278
516 142 304 373 230 214 336 297 182
517 117 233 304 142 139 265 214 124
518 100 162 233 117 119 195 139 110
519 82 125 162 100 106 134 119 91
520 1636 1582 1640 1691 1612 1616 1671 1668
521 1566 1446 1582 1636 1513 1541 1612 1607
522 1321 1104 1446 1566 1185 1287 1513 1479
523 1025 952 1104 1321 979 1033 1185 1106
524 857 813 952 1025 828 887 979 936
525 704 678 813 857 686 744 828 776
526 547 541 678 704 540 611 686 622
527 394 412 541 547 402 480 540 473
528 240 275 412 394 255 342 402 318
529 122 138 275 240 128 203 255 157
530 93 108 138 122 102 121 128 109
531 59 79 108 93 73 95 102 77
532 27 51 79 59 36 68 73 41
533 9 25 51 27 15 35 36 17
534 1 10 25 9 5 18 15 3
535 1582 1485 1584 1640 1552 1553 1618 1616
536 1446 1223 1485 1582 1354 1381 1552 1541
537 1104 1028 1223 1446 1068 1090 1354 1287
538 952 901 1028 1104 930 961 1068 1033
539 813 782 901 952 802 840 930 887
540 678 662 782 813 671 722 802 744
541 541 552 662 678 546 608 671 611
542 412 438 552 541 421 494 546 480
543 275 324 438 412 295 381 421 342
544 138 204 324 275 165 263 295 203
545 108 123 204 138 115 148 165 121
546 79 104 123 108 89 113 115 95
547 51 81 104 79 66 92 89 68
548 25 56 81 51 39 72 66 35
549 10 34 56 25 23 47 39 18
