1 3382 3384 3431 3429 3383 3411 3430 3410
2 3333 3335 3384 3382 3334 3363 3383 3362
3 3284 3286 3335 3333 3285 3313 3334 3312
4 3235 3237 3286 3284 3236 3264 3285 3263
5 3181 3184 3237 3235 3182 3215 3236 3213
6 3131 3133 3184 3181 3132 3161 3182 3160
7 3077 3080 3133 3131 3078 3110 3132 3108
8 3017 3022 3080 3077 3020 3053 3078 3051
9 2952 2956 3022 3017 2953 2991 3020 2990
10 2876 2879 2956 2952 2877 2920 2953 2919
11 3384 3386 3433 3431 3385 3412 3432 3411
12 3335 3337 3386 3384 3336 3364 3385 3363
13 3286 3289 3337 3335 3288 3314 3336 3313
14 3237 3239 3289 3286 3238 3265 3288 3264
15 3184 3188 3239 3237 3186 3216 3238 3215
16 3133 3135 3188 3184 3134 3163 3186 3161
17 3080 3083 3135 3133 3082 3111 3134 3110
18 3022 3024 3083 3080 3023 3056 3082 3053
19 2956 2959 3024 3022 2957 2994 3023 2991
20 2879 2885 2959 2956 2881 2921 2957 2920
21 3386 3388 3435 3433 3387 3413 3434 3412
22 3337 3339 3388 3386 3338 3366 3387 3364
23 3289 3291 3339 3337 3290 3316 3338 3314
24 3239 3241 3291 3289 3240 3267 3290 3265
25 3188 3191 3241 3239 3190 3217 3240 3216
26 3135 3139 3191 3188 3137 3166 3190 3163
27 3083 3085 3139 3135 3084 3113 3137 3111
28 3024 3027 3085 3083 3026 3058 3084 3056
29 2959 2961 3027 3024 2960 2996 3026 2994
30 2885 2893 2961 2959 2890 2926 2960 2921
31 3388 3390 3438 3435 3389 3414 3437 3413
32 3339 3343 3390 3388 3341 3367 3389 3366
33 3291 3293 3343 3339 3292 3318 3341 3316
34 3241 3245 3293 3291 3244 3269 3292 3267
35 3191 3193 3245 3241 3192 3219 3244 3217
36 3139 3142 3193 3191 3140 3168 3192 3166
37 3085 3089 3142 3139 3087 3116 3140 3113
38 3027 3031 3089 3085 3029 3060 3087 3058
39 2961 2964 3031 3027 2962 2999 3029 2996
40 2893 2897 2964 2961 2896 2935 2962 2926
41 3390 3393 3442 3438 3392 3417 3440 3414
42 3343 3345 3393 3390 3344 3369 3392 3367
43 3293 3297 3345 3343 3295 3320 3344 3318
44 3245 3247 3297 3293 3246 3271 3295 3269
45 3193 3197 3247 3245 3195 3221 3246 3219
46 3142 3145 3197 3193 3144 3171 3195 3168
47 3089 3092 3145 3142 3091 3118 3144 3116
48 3031 3035 3092 3089 3033 3063 3091 3060
49 2964 2974 3035 3031 2970 3003 3033 2999
50 2897 2903 2974 2964 2899 2939 2970 2935
51 3393 3398 3446 3442 3395 3419 3444 3417
52 3345 3349 3398 3393 3347 3371 3395 3369
53 3297 3300 3349 3345 3299 3322 3347 3320
54 3247 3252 3300 3297 3250 3274 3299 3271
55 3197 3202 3252 3247 3199 3225 3250 3221
56 3145 3150 3202 3197 3147 3173 3199 3171
57 3092 3097 3150 3145 3094 3121 3147 3118
58 3035 3041 3097 3092 3036 3066 3094 3063
59 2974 2979 3041 3035 2977 3010 3036 3003
60 2903 2908 2979 2974 2905 2944 2977 2939
61 3398 3401 3449 3446 3400 3422 3447 3419
62 3349 3354 3401 3398 3352 3375 3400 3371
63 3300 3306 3354 3349 3302 3327 3352 3322
64 3252 3256 3306 3300 3253 3279 3302 3274
65 3202 3205 3256 3252 3203 3227 3253 3225
66 3150 3154 3205 3202 3153 3176 3203 3173
67 3097 3102 3154 3150 3101 3125 3153 3121
68 3041 3049 3102 3097 3045 3072 3101 3066
69 2979 2987 3049 3041 2983 3014 3045 3010
70 2908 2917 2987 2979 2915 2951 2983 2944
71 3401 3406 3453 3449 3403 3426 3450 3422
72 3354 3358 3406 3401 3356 3379 3403 3375
73 3306 3310 3358 3354 3307 3330 3356 3327
74 3256 3262 3310 3306 3259 3282 3307 3279
75 3205 3211 3262 3256 3209 3234 3259 3227
76 3154 3162 3211 3205 3159 3183 3209 3176
77 3102 3112 3162 3154 3106 3136 3159 3125
78 3049 3059 3112 3102 3052 3086 3106 3072
79 2987 2998 3059 3049 2993 3030 3052 3014
80 2917 2936 2998 2987 2923 2966 2993 2951
81 3406 3415 3457 3453 3408 3436 3455 3426
82 3358 3368 3415 3406 3361 3391 3408 3379
83 3310 3321 3368 3358 3315 3346 3361 3330
84 3262 3273 3321 3310 3268 3298 3315 3282
85 3211 3224 3273 3262 3220 3251 3268 3234
86 3162 3174 3224 3211 3169 3201 3220 3183
87 3112 3122 3174 3162 3117 3151 3169 3136
88 3059 3067 3122 3112 3064 3099 3117 3086
89 2998 3012 3067 3059 3007 3044 3064 3030
90 2936 2948 3012 2998 2942 2982 3007 2966
91 3415 3424 3463 3457 3421 3451 3461 3436
92 3368 3377 3424 3415 3374 3404 3421 3391
93 3321 3329 3377 3368 3326 3357 3374 3346
94 3273 3281 3329 3321 3277 3309 3326 3298
95 3224 3231 3281 3273 3228 3261 3277 3251
96 3174 3185 3231 3224 3178 3212 3228 3201
97 3122 3138 3185 3174 3127 3164 3178 3151
98 3067 3088 3138 3122 3074 3114 3127 3099
99 3012 3032 3088 3067 3018 3061 3074 3044
100 2948 2973 3032 3012 2958 3000 3018 2982
101 3424 3445 3470 3463 3428 3460 3466 3451
102 3377 3399 3445 3424 3380 3420 3428 3404
103 3329 3353 3399 3377 3340 3373 3380 3357
104 3281 3305 3353 3329 3294 3325 3340 3309
105 3231 3257 3305 3281 3248 3278 3294 3261
106 3185 3207 3257 3231 3198 3229 3248 3212
107 3138 3157 3207 3185 3149 3179 3198 3164
108 3088 3105 3157 3138 3098 3129 3149 3114
109 3032 3054 3105 3088 3043 3076 3098 3061
110 2973 2995 3054 3032 2981 3025 3043 3000
111 3445 3458 3475 3470 3452 3467 3472 3460
112 3399 3416 3458 3445 3405 3439 3452 3420
113 3353 3370 3416 3399 3359 3394 3405 3373
114 3305 3323 3370 3353 3311 3348 3359 3325
115 3257 3275 3323 3305 3266 3301 3311 3278
116 3207 3226 3275 3257 3218 3254 3266 3229
117 3157 3177 3226 3207 3170 3204 3218 3179
118 3105 3126 3177 3157 3120 3155 3170 3129
119 3054 3075 3126 3105 3065 3103 3120 3076
120 2995 3021 3075 3054 3009 3050 3065 3025
121 3458 3469 3481 3475 3464 3476 3478 3467
122 3416 3443 3469 3458 3425 3459 3464 3439
123 3370 3397 3443 3416 3378 3418 3425 3394
124 3323 3351 3397 3370 3331 3372 3378 3348
125 3275 3304 3351 3323 3283 3324 3331 3301
126 3226 3258 3304 3275 3242 3276 3283 3254
127 3177 3208 3258 3226 3194 3230 3242 3204
128 3126 3158 3208 3177 3146 3180 3194 3155
129 3075 3107 3158 3126 3093 3130 3146 3103
130 3021 3055 3107 3075 3039 3079 3093 3050
131 3469 3477 3485 3481 3473 3482 3483 3476
132 3443 3462 3477 3469 3454 3471 3473 3459
133 3397 3423 3462 3443 3407 3448 3454 3418
134 3351 3376 3423 3397 3360 3402 3407 3372
135 3304 3328 3376 3351 3317 3355 3360 3324
136 3258 3280 3328 3304 3270 3308 3317 3276
137 3208 3232 3280 3258 3222 3260 3270 3230
138 3158 3189 3232 3208 3172 3214 3222 3180
139 3107 3141 3189 3158 3123 3165 3172 3130
140 3055 3090 3141 3107 3068 3115 3123 3079
141 3477 3484 3488 3485 3480 3486 3487 3482
142 3462 3474 3484 3477 3468 3479 3480 3471
143 3423 3456 3474 3462 3441 3465 3468 3448
144 3376 3409 3456 3423 3396 3427 3441 3402
145 3328 3365 3409 3376 3350 3381 3396 3355
146 3280 3319 3365 3328 3303 3342 3350 3308
147 3232 3272 3319 3280 3255 3296 3303 3260
148 3189 3223 3272 3232 3206 3249 3255 3214
149 3141 3175 3223 3189 3156 3200 3206 3165
150 3090 3124 3175 3141 3104 3152 3156 3115
151 2234 2323 2315 2224 2284 2317 2278 2229
152 2245 2331 2323 2234 2292 2328 2284 2239
153 2255 2339 2331 2245 2300 2337 2292 2250
154 2273 2354 2339 2255 2311 2350 2300 2266
155 2288 2368 2354 2273 2330 2360 2311 2279
156 2307 2386 2368 2288 2351 2376 2330 2299
157 2335 2409 2386 2307 2372 2396 2351 2316
158 2364 2439 2409 2335 2400 2423 2372 2352
159 2398 2468 2439 2364 2435 2455 2400 2380
160 2444 2509 2468 2398 2476 2493 2435 2420
161 2490 2552 2509 2444 2521 2529 2476 2463
162 2538 2600 2552 2490 2569 2577 2521 2513
163 2594 2650 2600 2538 2622 2625 2569 2564
164 2647 2703 2650 2594 2677 2679 2622 2620
165 2704 2759 2703 2647 2732 2729 2677 2676
166 2323 2402 2397 2315 2365 2399 2359 2317
167 2331 2410 2402 2323 2371 2407 2365 2328
168 2339 2418 2410 2331 2377 2414 2371 2337
169 2354 2427 2418 2339 2390 2421 2377 2350
170 2368 2445 2427 2354 2406 2434 2390 2360
171 2386 2459 2445 2368 2422 2451 2406 2376
172 2409 2483 2459 2386 2446 2466 2422 2396
173 2439 2505 2483 2409 2471 2494 2446 2423
174 2468 2535 2505 2439 2503 2520 2471 2455
175 2509 2571 2535 2468 2540 2554 2503 2493
176 2552 2612 2571 2509 2584 2593 2540 2529
177 2600 2657 2612 2552 2628 2634 2584 2577
178 2650 2705 2657 2600 2680 2682 2628 2625
179 2703 2756 2705 2650 2728 2731 2680 2679
180 2759 2811 2756 2703 2784 2783 2728 2729
181 2402 2478 2472 2397 2441 2474 2436 2399
182 2410 2484 2478 2402 2448 2482 2441 2407
183 2418 2491 2484 2410 2456 2486 2448 2414
184 2427 2499 2491 2418 2462 2496 2456 2421
185 2445 2510 2499 2427 2480 2504 2462 2434
186 2459 2526 2510 2445 2495 2517 2480 2451
187 2483 2546 2526 2459 2512 2534 2495 2466
188 2505 2567 2546 2483 2536 2557 2512 2494
189 2535 2596 2567 2505 2566 2582 2536 2520
190 2571 2630 2596 2535 2601 2613 2566 2554
191 2612 2667 2630 2571 2638 2649 2601 2593
192 2657 2711 2667 2612 2686 2690 2638 2634
193 2705 2758 2711 2657 2733 2735 2686 2682
194 2756 2809 2758 2705 2780 2779 2733 2731
195 2811 2863 2809 2756 2839 2835 2780 2783
196 2478 2545 2539 2472 2511 2542 2506 2474
197 2484 2549 2545 2478 2516 2547 2511 2482
198 2491 2555 2549 2484 2523 2551 2516 2486
199 2499 2562 2555 2491 2532 2561 2523 2496
200 2510 2574 2562 2499 2543 2568 2532 2504
201 2526 2588 2574 2510 2559 2581 2543 2517
202 2546 2605 2588 2526 2578 2597 2559 2534
203 2567 2627 2605 2546 2598 2616 2578 2557
204 2596 2651 2627 2567 2626 2639 2598 2582
205 2630 2687 2651 2596 2659 2668 2626 2613
206 2667 2719 2687 2630 2695 2700 2659 2649
207 2711 2761 2719 2667 2737 2743 2695 2690
208 2758 2807 2761 2711 2781 2785 2737 2735
209 2809 2858 2807 2758 2832 2829 2781 2779
210 2863 2913 2858 2809 2891 2888 2832 2835
211 2545 2606 2602 2539 2576 2603 2572 2542
212 2549 2610 2606 2545 2580 2609 2576 2547
213 2555 2618 2610 2549 2586 2614 2580 2551
214 2562 2623 2618 2555 2595 2621 2586 2561
215 2574 2635 2623 2562 2604 2631 2595 2568
216 2588 2648 2635 2574 2619 2641 2604 2581
217 2605 2662 2648 2588 2636 2654 2619 2597
218 2627 2685 2662 2605 2656 2673 2636 2616
219 2651 2706 2685 2627 2683 2696 2656 2639
220 2687 2740 2706 2651 2712 2721 2683 2668
221 2719 2769 2740 2687 2747 2753 2712 2700
222 2761 2813 2769 2719 2788 2793 2747 2743
223 2807 2856 2813 2761 2828 2834 2788 2785
224 2858 2907 2856 2807 2884 2882 2828 2829
225 2913 2950 2907 2858 2937 2933 2884 2888
226 2606 2664 2660 2602 2637 2663 2633 2603
227 2610 2669 2664 2606 2640 2666 2637 2609
228 2618 2674 2669 2610 2646 2671 2640 2614
229 2623 2684 2674 2618 2652 2681 2646 2621
230 2635 2693 2684 2623 2661 2688 2652 2631
231 2648 2702 2693 2635 2675 2697 2661 2641
232 2662 2714 2702 2648 2691 2709 2675 2654
233 2685 2739 2714 2662 2710 2724 2691 2673
234 2706 2760 2739 2685 2736 2748 2710 2696
235 2740 2789 2760 2706 2763 2771 2736 2721
236 2769 2819 2789 2740 2797 2805 2763 2753
237 2813 2861 2819 2769 2840 2844 2797 2793
238 2856 2906 2861 2813 2880 2883 2840 2834
239 2907 2946 2906 2856 2928 2925 2880 2882
240 2950 2992 2946 2907 2976 2972 2928 2933
241 2664 2720 2716 2660 2694 2717 2692 2663
242 2669 2723 2720 2664 2698 2722 2694 2666
243 2674 2727 2723 2669 2701 2725 2698 2671
244 2684 2738 2727 2674 2708 2734 2701 2681
245 2693 2745 2738 2684 2715 2742 2708 2688
246 2702 2755 2745 2693 2726 2750 2715 2697
247 2714 2766 2755 2702 2744 2764 2726 2709
248 2739 2790 2766 2714 2762 2776 2744 2724
249 2760 2812 2790 2739 2786 2799 2762 2748
250 2789 2841 2812 2760 2814 2821 2786 2771
251 2819 2871 2841 2789 2848 2854 2814 2805
252 2861 2910 2871 2819 2889 2895 2848 2844
253 2906 2945 2910 2861 2924 2927 2889 2883
254 2946 2985 2945 2906 2968 2965 2924 2925
255 2992 3028 2985 2946 3011 3008 2968 2972
256 2720 2773 2770 2716 2749 2772 2746 2717
257 2723 2775 2773 2720 2751 2774 2749 2722
258 2727 2782 2775 2723 2757 2777 2751 2725
259 2738 2792 2782 2727 2765 2787 2757 2734
260 2745 2798 2792 2738 2768 2794 2765 2742
261 2755 2808 2798 2745 2778 2804 2768 2750
262 2766 2818 2808 2755 2796 2816 2778 2764
263 2790 2843 2818 2766 2815 2825 2796 2776
264 2812 2860 2843 2790 2837 2851 2815 2799
265 2841 2892 2860 2812 2864 2874 2837 2821
266 2871 2916 2892 2841 2898 2904 2864 2854
267 2910 2947 2916 2871 2931 2938 2898 2895
268 2945 2984 2947 2910 2963 2967 2931 2927
269 2985 3016 2984 2945 3005 3002 2963 2965
270 3028 3062 3016 2985 3046 3042 3005 3008
271 2773 2824 2822 2770 2803 2823 2800 2772
272 2775 2827 2824 2773 2806 2826 2803 2774
273 2782 2838 2827 2775 2810 2833 2806 2777
274 2792 2845 2838 2782 2817 2842 2810 2787
275 2798 2850 2845 2792 2820 2847 2817 2794
276 2808 2859 2850 2798 2831 2853 2820 2804
277 2818 2872 2859 2808 2849 2867 2831 2816
278 2843 2894 2872 2818 2865 2878 2849 2825
279 2860 2909 2894 2843 2887 2901 2865 2851
280 2892 2934 2909 2860 2912 2918 2887 2874
281 2916 2954 2934 2892 2940 2943 2912 2904
282 2947 2988 2954 2916 2969 2975 2940 2938
283 2984 3015 2988 2947 3001 3004 2969 2967
284 3016 3057 3015 2984 3040 3038 3001 3002
285 3062 3095 3057 3016 3073 3071 3040 3042
286 2824 2879 2876 2822 2855 2877 2852 2823
287 2827 2885 2879 2824 2857 2881 2855 2826
288 2838 2893 2885 2827 2862 2890 2857 2833
289 2845 2897 2893 2838 2869 2896 2862 2842
290 2850 2903 2897 2845 2875 2899 2869 2847
291 2859 2908 2903 2850 2886 2905 2875 2853
292 2872 2917 2908 2859 2900 2915 2886 2867
293 2894 2936 2917 2872 2914 2923 2900 2878
294 2909 2948 2936 2894 2932 2942 2914 2901
295 2934 2973 2948 2909 2949 2958 2932 2918
296 2954 2995 2973 2934 2978 2981 2949 2943
297 2988 3021 2995 2954 3006 3009 2978 2975
298 3015 3055 3021 2988 3037 3039 3006 3004
299 3057 3090 3055 3015 3070 3068 3037 3038
300 3095 3124 3090 3057 3109 3104 3070 3071
301 2008 2033 2027 2001 2017 2030 2015 2004
302 2011 2038 2033 2008 2020 2036 2017 2009
303 2016 2048 2038 2011 2032 2044 2020 2014
304 2024 2059 2048 2016 2043 2053 2032 2018
305 2040 2073 2059 2024 2056 2066 2043 2034
306 2058 2093 2073 2040 2076 2085 2056 2049
307 2083 2118 2093 2058 2098 2105 2076 2068
308 2111 2147 2118 2083 2129 2133 2098 2096
309 2146 2188 2147 2111 2165 2167 2129 2128
310 2192 2236 2188 2146 2212 2208 2165 2168
311 2249 2297 2236 2192 2275 2271 2212 2217
312 2310 2356 2297 2249 2332 2322 2275 2282
313 2373 2415 2356 2310 2394 2384 2332 2341
314 2437 2479 2415 2373 2458 2447 2394 2405
315 2501 2537 2479 2437 2519 2508 2458 2465
316 2033 2067 2061 2027 2050 2063 2045 2030
317 2038 2074 2067 2033 2055 2069 2050 2036
318 2048 2086 2074 2038 2064 2080 2055 2044
319 2059 2097 2086 2048 2077 2090 2064 2053
320 2073 2112 2097 2059 2092 2104 2077 2066
321 2093 2132 2112 2073 2113 2124 2092 2085
322 2118 2158 2132 2093 2136 2144 2113 2105
323 2147 2191 2158 2118 2169 2174 2136 2133
324 2188 2228 2191 2147 2205 2207 2169 2167
325 2236 2286 2228 2188 2264 2261 2205 2208
326 2297 2338 2286 2236 2314 2309 2264 2271
327 2356 2392 2338 2297 2374 2366 2314 2322
328 2415 2454 2392 2356 2432 2425 2374 2384
329 2479 2515 2454 2415 2497 2485 2432 2447
330 2537 2573 2515 2479 2556 2544 2497 2508
331 2067 2106 2099 2061 2087 2101 2081 2063
332 2074 2114 2106 2067 2094 2109 2087 2069
333 2086 2125 2114 2074 2102 2119 2094 2080
334 2097 2135 2125 2086 2116 2130 2102 2090
335 2112 2151 2135 2097 2131 2143 2116 2104
336 2132 2173 2151 2112 2152 2163 2131 2124
337 2158 2200 2173 2132 2180 2187 2152 2144
338 2191 2235 2200 2158 2210 2214 2180 2174
339 2228 2280 2235 2191 2258 2260 2210 2207
340 2286 2326 2280 2228 2305 2303 2258 2261
341 2338 2375 2326 2286 2357 2353 2305 2309
342 2392 2429 2375 2338 2413 2403 2357 2366
343 2454 2492 2429 2392 2470 2461 2413 2425
344 2515 2548 2492 2454 2531 2518 2470 2485
345 2573 2608 2548 2515 2591 2579 2531 2544
346 2106 2145 2138 2099 2127 2141 2121 2101
347 2114 2154 2145 2106 2134 2148 2127 2109
348 2125 2164 2154 2114 2142 2161 2134 2119
349 2135 2179 2164 2125 2157 2171 2142 2130
350 2151 2194 2179 2135 2172 2186 2157 2143
351 2173 2216 2194 2151 2195 2203 2172 2163
352 2200 2248 2216 2173 2221 2230 2195 2187
353 2235 2285 2248 2200 2263 2268 2221 2214
354 2280 2318 2285 2235 2301 2302 2263 2260
355 2326 2367 2318 2280 2348 2346 2301 2303
356 2375 2416 2367 2326 2395 2389 2348 2353
357 2429 2464 2416 2375 2450 2442 2395 2403
358 2492 2524 2464 2429 2507 2498 2450 2461
359 2548 2583 2524 2492 2565 2553 2507 2518
360 2608 2642 2583 2548 2624 2611 2565 2579
361 2145 2189 2182 2138 2166 2183 2162 2141
362 2154 2197 2189 2145 2177 2193 2166 2148
363 2164 2204 2197 2154 2184 2201 2177 2161
364 2179 2220 2204 2164 2198 2213 2184 2171
365 2194 2241 2220 2179 2215 2227 2198 2186
366 2216 2269 2241 2194 2242 2254 2215 2203
367 2248 2295 2269 2216 2274 2281 2242 2230
368 2285 2325 2295 2248 2304 2308 2274 2268
369 2318 2362 2325 2285 2342 2345 2304 2302
370 2367 2404 2362 2318 2385 2382 2342 2346
371 2416 2452 2404 2367 2431 2426 2385 2389
372 2464 2502 2452 2416 2487 2481 2431 2442
373 2524 2560 2502 2464 2541 2530 2487 2498
374 2583 2615 2560 2524 2599 2585 2541 2553
375 2642 2672 2615 2583 2658 2644 2599 2611
376 2189 2234 2224 2182 2209 2229 2202 2183
377 2197 2245 2234 2189 2218 2239 2209 2193
378 2204 2255 2245 2197 2225 2250 2218 2201
379 2220 2273 2255 2204 2247 2266 2225 2213
380 2241 2288 2273 2220 2267 2279 2247 2227
381 2269 2307 2288 2241 2289 2299 2267 2254
382 2295 2335 2307 2269 2312 2316 2289 2281
383 2325 2364 2335 2295 2347 2352 2312 2308
384 2362 2398 2364 2325 2378 2380 2347 2345
385 2404 2444 2398 2362 2424 2420 2378 2382
386 2452 2490 2444 2404 2467 2463 2424 2426
387 2502 2538 2490 2452 2522 2513 2467 2481
388 2560 2594 2538 2502 2575 2564 2522 2530
389 2615 2647 2594 2560 2632 2620 2575 2585
390 2672 2704 2647 2615 2689 2676 2632 2644
391 2232 1936 1932 2223 2035 1934 2031 2226
392 2240 1942 1936 2232 2042 1940 2035 2238
393 2251 1947 1942 2240 2051 1945 2042 2246
394 2265 1955 1947 2251 2060 1952 2051 2256
395 2277 1965 1955 2265 2075 1960 2060 2272
396 2291 1976 1965 2277 2095 1971 2075 2283
397 2306 1988 1976 2291 2120 1981 2095 2298
398 2324 2010 1988 2306 2150 1996 2120 2313
399 2349 2052 2010 2324 2190 2028 2150 2336
400 2369 2108 2052 2349 2237 2078 2190 2358
401 2393 2176 2108 2369 2294 2137 2237 2379
402 2419 2253 2176 2393 2344 2211 2294 2408
403 2449 2329 2253 2419 2391 2296 2344 2430
404 2473 2388 2329 2449 2433 2361 2391 2460
405 2501 2437 2388 2473 2465 2417 2433 2489
406 1936 1765 1758 1932 1850 1762 1842 1934
407 1942 1772 1765 1936 1857 1769 1850 1940
408 1947 1780 1772 1942 1863 1776 1857 1945
409 1955 1794 1780 1947 1874 1789 1863 1952
410 1965 1805 1794 1955 1883 1799 1874 1960
411 1976 1822 1805 1965 1897 1813 1883 1971
412 1988 1845 1822 1976 1913 1829 1897 1981
413 2010 1878 1845 1988 1944 1865 1913 1996
414 2052 1909 1878 2010 1973 1895 1944 2028
415 2108 1954 1909 2052 2006 1928 1973 2078
416 2176 1991 1954 2108 2071 1974 2006 2137
417 2253 2072 1991 2176 2159 2023 2071 2211
418 2329 2178 2072 2253 2257 2126 2159 2296
419 2388 2290 2178 2329 2340 2231 2257 2361
420 2437 2373 2290 2388 2405 2334 2340 2417
421 1765 1608 1602 1758 1681 1605 1675 1762
422 1772 1615 1608 1765 1689 1610 1681 1769
423 1780 1627 1615 1772 1701 1619 1689 1776
424 1794 1644 1627 1780 1720 1632 1701 1789
425 1805 1661 1644 1794 1736 1654 1720 1799
426 1822 1684 1661 1805 1755 1671 1736 1813
427 1845 1724 1684 1822 1785 1700 1755 1829
428 1878 1753 1724 1845 1814 1739 1785 1865
429 1909 1800 1753 1878 1854 1777 1814 1895
430 1954 1846 1800 1909 1901 1821 1854 1928
431 1991 1903 1846 1954 1953 1879 1901 1974
432 2072 1969 1903 1991 2002 1935 1953 2023
433 2178 2039 1969 2072 2107 1993 2002 2126
434 2290 2170 2039 2178 2222 2103 2107 2231
435 2373 2310 2170 2290 2341 2243 2222 2334
436 1608 1461 1450 1602 1532 1456 1525 1605
437 1615 1476 1461 1608 1541 1470 1532 1610
438 1627 1492 1476 1615 1550 1483 1541 1619
439 1644 1510 1492 1627 1582 1503 1550 1632
440 1661 1533 1510 1644 1600 1523 1582 1654
441 1684 1563 1533 1661 1625 1546 1600 1671
442 1724 1603 1563 1684 1656 1587 1625 1700
443 1753 1646 1603 1724 1696 1622 1656 1739
444 1800 1693 1646 1753 1746 1666 1696 1777
445 1846 1751 1693 1800 1801 1729 1746 1821
446 1903 1816 1751 1846 1864 1790 1801 1879
447 1969 1892 1816 1903 1925 1856 1864 1935
448 2039 1970 1892 1969 1994 1926 1925 1993
449 2170 2070 1970 2039 2122 2003 1994 2103
450 2310 2249 2070 2170 2282 2156 2122 2243
451 1461 1326 1315 1450 1389 1321 1380 1456
452 1476 1344 1326 1461 1405 1336 1389 1470
453 1492 1365 1344 1476 1425 1354 1405 1483
454 1510 1384 1365 1492 1446 1375 1425 1503
455 1533 1417 1384 1510 1479 1399 1446 1523
456 1563 1454 1417 1533 1509 1435 1479 1546
457 1603 1500 1454 1563 1545 1478 1509 1587
458 1646 1543 1500 1603 1598 1522 1545 1622
459 1693 1607 1543 1646 1653 1580 1598 1666
460 1751 1665 1607 1693 1714 1633 1653 1729
461 1816 1742 1665 1751 1781 1703 1714 1790
462 1892 1820 1742 1816 1858 1783 1781 1856
463 1970 1906 1820 1892 1937 1869 1858 1926
464 2070 1998 1906 1970 2029 1958 1937 2003
465 2249 2192 1998 2070 2217 2084 2029 2156
466 1326 1202 1188 1315 1277 1198 1261 1321
467 1344 1219 1202 1326 1292 1209 1277 1336
468 1365 1256 1219 1344 1306 1236 1292 1354
469 1384 1282 1256 1365 1332 1272 1306 1375
470 1417 1312 1282 1384 1367 1299 1332 1399
471 1454 1355 1312 1417 1401 1334 1367 1435
472 1500 1398 1355 1454 1448 1376 1401 1478
473 1543 1458 1398 1500 1505 1429 1448 1522
474 1607 1521 1458 1543 1555 1493 1505 1580
475 1665 1595 1521 1607 1629 1549 1555 1633
476 1742 1668 1595 1665 1706 1630 1629 1703
477 1820 1759 1668 1742 1793 1719 1706 1783
478 1906 1859 1759 1820 1886 1809 1793 1869
479 1998 1966 1859 1906 1982 1908 1886 1958
480 2192 2146 1966 1998 2168 2025 1982 2084
481 1202 1104 1087 1188 1159 1096 1142 1198
482 1219 1121 1104 1202 1176 1111 1159 1209
483 1256 1150 1121 1219 1196 1135 1176 1236
484 1282 1181 1150 1256 1222 1168 1196 1272
485 1312 1211 1181 1282 1275 1197 1222 1299
486 1355 1274 1211 1312 1309 1244 1275 1334
487 1398 1316 1274 1355 1361 1297 1309 1376
488 1458 1377 1316 1398 1419 1351 1361 1429
489 1521 1445 1377 1458 1488 1410 1419 1493
490 1595 1529 1445 1521 1551 1490 1488 1549
491 1668 1612 1529 1595 1642 1568 1551 1630
492 1759 1710 1612 1668 1737 1657 1642 1719
493 1859 1812 1710 1759 1831 1760 1737 1809
494 1966 1931 1812 1859 1950 1875 1831 1908
495 2146 2111 1931 1966 2128 1992 1950 2025
496 1104 1007 986 1087 1061 993 1041 1096
497 1121 1031 1007 1104 1081 1018 1061 1111
498 1150 1066 1031 1121 1106 1049 1081 1135
499 1181 1097 1066 1150 1138 1082 1106 1168
500 1211 1136 1097 1181 1178 1113 1138 1197
501 1274 1185 1136 1211 1217 1163 1178 1244
502 1316 1247 1185 1274 1287 1207 1217 1297
503 1377 1308 1247 1316 1345 1281 1287 1351
504 1445 1381 1308 1377 1414 1348 1345 1410
505 1529 1471 1381 1445 1499 1423 1414 1490
506 1612 1553 1471 1529 1589 1513 1499 1568
507 1710 1662 1553 1612 1682 1611 1589 1657
508 1812 1779 1662 1710 1797 1727 1682 1760
509 1931 1905 1779 1812 1916 1837 1797 1875
510 2111 2083 1905 1931 2096 1977 1916 1992
511 1007 929 909 986 967 919 949 993
512 1031 953 929 1007 989 941 967 1018
513 1066 981 953 1031 1020 966 989 1049
514 1097 1016 981 1066 1063 995 1020 1082
515 1136 1069 1016 1097 1101 1044 1063 1113
516 1185 1115 1069 1136 1154 1091 1101 1163
517 1247 1180 1115 1185 1203 1148 1154 1207
518 1308 1255 1180 1247 1283 1205 1203 1281
519 1381 1327 1255 1308 1357 1293 1283 1348
520 1471 1415 1327 1381 1441 1370 1357 1423
521 1553 1516 1415 1471 1537 1469 1441 1513
522 1662 1626 1516 1553 1645 1572 1537 1611
523 1779 1747 1626 1662 1763 1683 1645 1727
524 1905 1889 1747 1779 1896 1815 1763 1837
525 2083 2058 1889 1905 2068 1963 1896 1977
526 929 858 838 909 893 849 873 919
527 953 886 858 929 918 869 893 941
528 981 915 886 953 947 899 918 966
529 1016 954 915 981 984 935 947 995
530 1069 997 954 1016 1036 978 984 1044
531 1115 1064 997 1069 1089 1030 1036 1091
532 1180 1119 1064 1115 1152 1090 1089 1148
533 1255 1192 1119 1180 1213 1161 1152 1205
534 1327 1286 1192 1255 1305 1237 1213 1293
535 1415 1373 1286 1327 1391 1325 1305 1370
536 1516 1482 1373 1415 1502 1428 1391 1469
537 1626 1599 1482 1516 1614 1538 1502 1572
538 1747 1730 1599 1626 1740 1659 1614 1683
539 1889 1873 1730 1747 1880 1798 1740 1815
540 2058 2040 1873 1889 2049 1949 1880 1963
541 858 800 780 838 829 788 808 849
542 886 825 800 858 857 811 829 869
543 915 859 825 886 890 845 857 899
544 954 900 859 915 928 881 890 935
545 997 946 900 954 971 924 928 978
546 1064 1004 946 997 1033 976 971 1030
547 1119 1079 1004 1064 1100 1042 1033 1090
548 1192 1157 1079 1119 1175 1112 1100 1161
549 1286 1241 1157 1192 1267 1193 1175 1237
550 1373 1339 1241 1286 1360 1296 1267 1325
551 1482 1451 1339 1373 1467 1390 1360 1428
552 1599 1576 1451 1482 1588 1511 1467 1538
553 1730 1711 1576 1599 1723 1641 1588 1659
554 1873 1860 1711 1730 1868 1786 1723 1798
555 2040 2024 1860 1873 2034 1939 1868 1949
556 800 747 730 780 774 737 749 788
557 825 777 747 800 804 763 774 811
558 859 809 777 825 836 797 804 845
559 900 856 809 859 877 834 836 881
560 946 906 856 900 927 880 877 924
561 1004 962 906 946 983 934 927 976
562 1079 1038 962 1004 1059 994 983 1042
563 1157 1114 1038 1079 1133 1080 1059 1112
564 1241 1201 1114 1157 1215 1165 1133 1193
565 1339 1311 1201 1241 1324 1265 1215 1296
566 1451 1427 1311 1339 1437 1369 1324 1390
567 1576 1548 1427 1451 1562 1495 1437 1511
568 1711 1692 1548 1576 1699 1624 1562 1641
569 1860 1848 1692 1711 1851 1771 1699 1786
570 2024 2016 1848 1860 2018 1927 1851 1939
571 747 711 693 730 732 701 709 737
572 777 736 711 747 756 724 732 763
573 809 770 736 777 791 752 756 797
574 856 817 770 809 835 796 791 834
575 906 867 817 856 889 843 835 880
576 962 932 867 906 945 898 889 934
577 1038 999 932 962 1014 965 945 994
578 1114 1088 999 1038 1102 1047 1014 1080
579 1201 1182 1088 1114 1190 1132 1102 1165
580 1311 1295 1182 1201 1301 1228 1190 1265
581 1427 1406 1295 1311 1418 1350 1301 1369
582 1548 1539 1406 1427 1544 1477 1418 1495
583 1692 1680 1539 1548 1687 1613 1544 1624
584 1848 1838 1680 1692 1841 1761 1687 1771
585 2016 2011 1838 1848 2014 1922 1841 1927
586 711 683 663 693 699 671 677 701
587 736 708 683 711 722 696 699 724
588 770 744 708 736 755 725 722 752
589 817 786 744 770 803 764 755 796
590 867 841 786 817 853 812 803 843
591 932 902 841 867 916 868 853 898
592 999 972 902 932 985 940 916 965
593 1088 1068 972 999 1078 1015 985 1047
594 1182 1162 1068 1088 1172 1109 1078 1132
595 1295 1279 1162 1182 1284 1208 1172 1228
596 1406 1388 1279 1295 1396 1331 1284 1350
597 1539 1530 1388 1406 1534 1463 1396 1477
598 1680 1673 1530 1539 1678 1604 1534 1613
599 1838 1833 1673 1680 1835 1756 1678 1761
600 2011 2008 1833 1838 2009 1918 1835 1922
601 683 660 640 663 669 650 651 671
602 708 688 660 683 698 672 669 696
603 744 717 688 708 731 702 698 725
604 786 761 717 744 773 738 731 764
605 841 815 761 786 827 789 773 812
606 902 882 815 841 891 850 827 868
607 972 955 882 902 964 917 891 940
608 1068 1046 955 972 1057 992 964 1015
609 1162 1146 1046 1068 1155 1094 1057 1109
610 1279 1263 1146 1162 1270 1195 1155 1208
611 1388 1379 1263 1279 1385 1318 1270 1331
612 1530 1520 1379 1388 1526 1452 1385 1463
613 1673 1667 1520 1530 1670 1597 1526 1604
614 1833 1827 1667 1673 1828 1749 1670 1756
615 2008 2001 1827 1833 2004 1914 1828 1918
616 660 655 633 640 656 647 638 650
617 688 690 655 660 686 670 656 672
618 717 723 690 688 716 707 686 702
619 761 769 723 717 762 746 716 738
620 815 831 769 761 818 805 762 789
621 882 897 831 815 887 864 818 850
622 955 973 897 882 957 938 887 917
623 1046 1071 973 955 1051 1021 957 992
624 1146 1171 1071 1046 1153 1116 1051 1094
625 1263 1289 1171 1146 1273 1216 1153 1195
626 1379 1404 1289 1263 1386 1346 1273 1318
627 1520 1542 1404 1379 1531 1480 1386 1452
628 1667 1691 1542 1520 1677 1617 1531 1597
629 1827 1855 1691 1667 1839 1774 1677 1749
630 2001 2027 1855 1827 2015 1938 1839 1914
631 655 661 630 633 657 644 632 647
632 690 703 661 655 694 682 657 670
633 723 750 703 690 735 729 694 707
634 769 810 750 723 790 785 735 746
635 831 878 810 769 852 846 790 805
636 897 952 878 831 922 914 852 864
637 973 1037 952 897 998 990 922 938
638 1071 1124 1037 973 1092 1083 998 1021
639 1171 1218 1124 1071 1189 1177 1092 1116
640 1289 1337 1218 1171 1307 1290 1189 1216
641 1404 1460 1337 1289 1432 1392 1307 1346
642 1542 1593 1460 1404 1566 1527 1432 1480
643 1691 1735 1593 1542 1716 1660 1566 1617
644 1855 1885 1735 1691 1871 1808 1716 1774
645 2027 2061 1885 1855 2045 1964 1871 1938
646 661 668 623 630 665 643 628 644
647 703 728 668 661 713 700 665 682
648 750 794 728 703 771 760 713 729
649 810 865 794 750 839 830 771 785
650 878 942 865 810 910 904 839 846
651 952 1023 942 878 982 980 910 914
652 1037 1107 1023 952 1074 1070 982 990
653 1124 1199 1107 1037 1167 1160 1074 1083
654 1218 1303 1199 1124 1269 1258 1167 1177
655 1337 1409 1303 1218 1371 1358 1269 1290
656 1460 1528 1409 1337 1496 1472 1371 1392
657 1593 1649 1528 1460 1616 1591 1496 1527
658 1735 1778 1649 1593 1754 1717 1616 1660
659 1885 1912 1778 1735 1899 1844 1754 1808
660 2061 2099 1912 1885 2081 1986 1899 1964
661 668 678 616 623 673 646 619 643
662 728 751 678 668 740 714 673 700
663 794 837 751 728 816 798 740 760
664 865 920 837 794 894 879 816 830
665 942 1003 920 865 969 960 894 904
666 1023 1095 1003 942 1065 1052 969 980
667 1107 1184 1095 1023 1149 1141 1065 1070
668 1199 1285 1184 1107 1245 1225 1149 1160
669 1303 1378 1285 1199 1342 1330 1245 1258
670 1409 1486 1378 1303 1444 1433 1342 1358
671 1528 1594 1486 1409 1552 1536 1444 1472
672 1649 1705 1594 1528 1674 1651 1552 1591
673 1778 1823 1705 1649 1802 1766 1674 1717
674 1912 1951 1823 1778 1930 1890 1802 1844
675 2099 2138 1951 1912 2121 2013 1930 1986
676 678 684 610 616 679 642 611 646
677 751 772 684 678 765 726 679 714
678 837 866 772 751 855 822 765 798
679 920 958 866 837 943 913 855 879
680 1003 1058 958 920 1035 1006 943 960
681 1095 1151 1058 1003 1123 1103 1035 1052
682 1184 1249 1151 1095 1210 1194 1123 1141
683 1285 1343 1249 1184 1314 1298 1210 1225
684 1378 1440 1343 1285 1412 1387 1314 1330
685 1486 1540 1440 1378 1515 1497 1412 1433
686 1594 1648 1540 1486 1620 1596 1515 1536
687 1705 1752 1648 1594 1734 1697 1620 1651
688 1823 1870 1752 1705 1843 1810 1734 1766
689 1951 1980 1870 1823 1967 1920 1843 1890
690 2138 2182 1980 1951 2162 2057 1967 2013
691 684 680 606 610 685 637 608 642
692 772 776 680 684 778 727 685 726
693 866 876 776 772 875 826 778 822
694 958 970 876 866 968 926 875 913
695 1058 1076 970 958 1073 1024 968 1006
696 1151 1173 1076 1058 1169 1118 1073 1103
697 1249 1278 1173 1151 1268 1212 1169 1194
698 1343 1368 1278 1249 1362 1319 1268 1298
699 1440 1474 1368 1343 1462 1420 1362 1387
700 1540 1573 1474 1440 1557 1519 1462 1497
701 1648 1672 1573 1540 1664 1623 1557 1596
702 1752 1787 1672 1648 1773 1733 1664 1697
703 1870 1894 1787 1752 1881 1832 1773 1810
704 1980 1999 1894 1870 1989 1948 1881 1920
705 2182 2224 1999 1980 2202 2100 1989 2057
706 633 596 603 640 612 598 622 638
707 630 586 596 633 607 591 612 632
708 623 578 586 630 601 583 607 628
709 616 571 578 623 593 576 601 619
710 610 566 571 616 587 569 593 611
711 606 558 566 610 581 562 587 608
712 596 552 565 603 574 560 584 598
713 586 546 552 596 568 551 574 591
714 578 536 546 586 554 540 568 583
715 571 528 536 578 550 533 554 576
716 566 519 528 571 541 523 550 569
717 558 515 519 566 534 517 541 562
718 552 518 527 565 535 522 545 560
719 546 507 518 552 525 512 535 551
720 536 496 507 546 516 503 525 540
721 528 488 496 536 508 490 516 533
722 519 480 488 528 501 484 508 523
723 515 472 480 519 491 474 501 517
724 518 483 493 527 500 487 509 522
725 507 470 483 518 489 475 500 512
726 496 456 470 507 479 464 489 503
727 488 449 456 496 468 454 479 490
728 480 439 449 488 457 442 468 484
729 472 431 439 480 450 436 457 474
730 483 446 461 493 463 455 478 487
731 470 435 446 483 451 441 463 475
732 456 422 435 470 440 426 451 464
733 449 410 422 456 427 416 440 454
734 439 402 410 449 420 405 427 442
735 431 389 402 439 409 395 420 436
736 446 412 428 461 430 421 444 455
737 435 400 412 446 417 406 430 441
738 422 386 400 435 404 391 417 426
739 410 374 386 422 390 379 404 416
740 402 363 374 410 380 368 390 405
741 389 352 363 402 371 356 380 395
742 412 381 401 428 399 388 414 421
743 400 365 381 412 382 373 399 406
744 386 350 365 400 369 358 382 391
745 374 340 350 386 355 347 369 379
746 363 328 340 374 344 331 355 368
747 352 314 328 363 332 322 344 356
748 381 351 372 401 366 361 385 388
749 365 334 351 381 349 342 366 373
750 350 317 334 365 336 327 349 358
751 340 304 317 350 323 311 336 347
752 328 291 304 340 309 298 323 331
753 314 279 291 328 297 284 309 322
754 351 324 346 372 338 333 357 361
755 334 302 324 351 318 312 338 342
756 317 287 302 334 301 293 318 327
757 304 267 287 317 288 277 301 311
758 291 255 267 304 272 263 288 298
759 279 242 255 291 261 249 272 284
760 324 295 321 346 310 306 330 333
761 302 274 295 324 289 285 310 312
762 287 252 274 302 269 264 289 293
763 267 234 252 287 250 243 269 277
764 255 220 234 267 236 226 250 263
765 242 203 220 255 225 213 236 249
766 7 11 4 1 8 5 2 3
767 20 25 11 7 21 16 8 12
768 43 48 25 20 46 36 21 31
769 75 81 48 43 78 66 46 58
770 120 123 81 75 122 100 78 96
771 173 179 123 120 177 151 122 147
772 11 18 10 4 14 13 6 5
773 25 33 18 11 30 24 14 16
774 48 57 33 25 53 45 30 36
775 81 89 57 48 86 72 53 66
776 123 132 89 81 125 107 86 100
777 179 185 132 123 181 155 125 151
778 18 29 19 10 22 23 15 13
779 33 47 29 18 39 37 22 24
780 57 68 47 33 65 56 39 45
781 89 101 68 57 94 84 65 72
782 132 141 101 89 134 118 94 107
783 185 195 141 132 189 165 134 155
784 29 44 32 19 35 38 26 23
785 47 61 44 29 54 51 35 37
786 68 88 61 47 76 73 54 56
787 101 116 88 68 108 99 76 84
788 141 158 116 101 150 136 108 118
789 195 204 158 141 197 182 150 165
790 44 64 49 32 52 55 40 38
791 61 80 64 44 69 70 52 51
792 88 106 80 61 95 92 69 73
793 116 138 106 88 126 119 95 99
794 158 175 138 116 166 156 126 136
795 204 221 175 158 214 196 166 182
796 64 87 71 49 74 77 60 55
797 80 103 87 64 91 93 74 70
798 106 131 103 80 115 114 91 92
799 138 160 131 106 149 145 115 119
800 175 198 160 138 188 180 149 156
801 221 235 198 175 227 217 188 196
802 87 111 98 71 97 104 85 77
803 103 133 111 87 117 121 97 93
804 131 159 133 103 142 144 117 114
805 160 190 159 131 172 169 142 145
806 198 222 190 160 210 206 172 180
807 235 253 222 198 244 237 210 217
808 111 143 130 98 127 135 112 104
809 133 163 143 111 148 153 127 121
810 159 192 163 133 170 176 148 144
811 190 218 192 159 201 202 170 169
812 222 246 218 190 232 230 201 206
813 253 275 246 222 265 262 232 237
814 143 183 164 130 161 167 146 135
815 163 200 183 143 184 193 161 153
816 192 223 200 163 209 211 184 176
817 218 245 223 192 231 233 209 202
818 246 270 245 218 258 257 231 230
819 275 296 270 246 286 281 258 262
820 183 220 203 164 199 213 187 167
821 200 234 220 183 219 226 199 193
822 223 252 234 200 238 243 219 211
823 245 274 252 223 260 264 238 233
824 270 295 274 245 280 285 260 257
825 296 321 295 270 307 306 280 281
826 680 626 558 606 649 592 581 637
827 776 712 626 680 745 666 649 727
828 876 821 712 776 848 766 745 826
829 970 925 821 876 950 871 848 926
830 1076 1032 925 970 1054 979 950 1024
831 1173 1139 1032 1076 1158 1086 1054 1118
832 1278 1251 1139 1173 1264 1186 1158 1212
833 1368 1356 1251 1278 1363 1302 1264 1319
834 1474 1466 1356 1368 1473 1408 1363 1420
835 1573 1583 1466 1474 1579 1518 1473 1519
836 1672 1686 1583 1573 1679 1631 1579 1623
837 1787 1803 1686 1672 1795 1745 1679 1733
838 1894 1915 1803 1787 1904 1862 1795 1832
839 1999 2054 1915 1894 2021 1979 1904 1948
840 2224 2315 2054 1999 2278 2181 2021 2100
841 626 582 515 558 604 548 534 592
842 712 659 582 626 689 618 604 666
843 821 767 659 712 792 710 689 766
844 925 884 767 821 903 823 792 871
845 1032 991 884 925 1010 937 903 979
846 1139 1108 991 1032 1122 1055 1010 1086
847 1251 1214 1108 1139 1229 1170 1122 1186
848 1356 1341 1214 1251 1349 1291 1229 1302
849 1466 1459 1341 1356 1465 1393 1349 1408
850 1583 1586 1459 1466 1585 1517 1465 1518
851 1686 1695 1586 1583 1690 1634 1585 1631
852 1803 1817 1695 1686 1811 1757 1690 1745
853 1915 1946 1817 1803 1929 1882 1811 1862
854 2054 2123 1946 1915 2088 2005 1929 1979
855 2315 2397 2123 2054 2359 2270 2088 2181
856 582 539 472 515 561 506 491 548
857 659 617 539 582 636 577 561 618
858 767 715 617 659 742 662 636 710
859 884 842 715 767 860 779 742 823
860 991 956 842 884 974 901 860 937
861 1108 1084 956 991 1098 1019 974 1055
862 1214 1200 1084 1108 1206 1143 1098 1170
863 1341 1323 1200 1214 1333 1271 1206 1291
864 1459 1449 1323 1341 1455 1383 1333 1393
865 1586 1581 1449 1459 1584 1512 1455 1517
866 1695 1702 1581 1586 1698 1638 1584 1634
867 1817 1826 1702 1695 1824 1768 1698 1757
868 1946 1968 1826 1817 1957 1898 1824 1882
869 2123 2185 1968 1946 2153 2046 1957 2005
870 2397 2472 2185 2123 2436 2343 2153 2270
871 539 504 431 472 521 467 450 506
872 617 579 504 539 599 538 521 577
873 715 674 579 617 697 624 599 662
874 842 801 674 715 820 733 697 779
875 956 930 801 842 944 862 820 901
876 1084 1060 930 956 1072 988 944 1019
877 1200 1183 1060 1084 1187 1117 1072 1143
878 1323 1310 1183 1200 1317 1252 1187 1271
879 1449 1439 1310 1323 1443 1374 1317 1383
880 1581 1574 1439 1449 1578 1508 1443 1512
881 1702 1707 1574 1581 1704 1639 1578 1638
882 1826 1840 1707 1702 1834 1775 1704 1768
883 1968 1984 1840 1826 1975 1911 1834 1898
884 2185 2259 1984 1968 2219 2091 1975 2046
885 2472 2539 2259 2185 2506 2411 2219 2343
886 504 466 389 431 485 425 409 467
887 579 547 466 504 564 505 485 538
888 674 635 547 579 653 590 564 624
889 801 758 635 674 783 695 653 733
890 930 896 758 801 911 828 783 862
891 1060 1028 896 930 1045 961 911 988
892 1183 1166 1028 1060 1174 1099 1045 1117
893 1310 1300 1166 1183 1304 1220 1174 1252
894 1439 1431 1300 1310 1436 1364 1304 1374
895 1574 1570 1431 1439 1571 1504 1436 1508
896 1707 1712 1570 1574 1709 1636 1571 1639
897 1840 1852 1712 1707 1847 1782 1709 1775
898 1984 2000 1852 1840 1990 1924 1847 1911
899 2259 2321 2000 1984 2293 2140 1990 2091
900 2539 2602 2321 2259 2572 2475 2293 2411
901 466 429 352 389 447 387 371 425
902 547 513 429 466 531 471 447 505
903 635 605 513 547 620 556 531 590
904 758 721 605 635 741 654 620 695
905 896 863 721 758 883 793 741 828
906 1028 1001 863 896 1012 933 883 961
907 1166 1145 1001 1028 1156 1077 1012 1099
908 1300 1288 1145 1166 1294 1204 1156 1220
909 1431 1422 1288 1300 1426 1353 1294 1364
910 1570 1564 1422 1431 1567 1498 1426 1504
911 1712 1715 1564 1570 1713 1635 1567 1636
912 1852 1867 1715 1712 1861 1791 1713 1782
913 2000 2026 1867 1852 2012 1943 1861 1924
914 2321 2381 2026 2000 2355 2196 2012 2140
915 2602 2660 2381 2321 2633 2533 2355 2475
916 429 393 314 352 411 354 332 387
917 513 482 393 429 497 438 411 471
918 605 573 482 513 589 524 497 556
919 721 687 573 605 704 625 589 654
920 863 833 687 721 851 754 704 793
921 1001 977 833 863 987 907 851 933
922 1145 1120 977 1001 1130 1053 987 1077
923 1288 1276 1120 1145 1280 1191 1130 1204
924 1422 1411 1276 1288 1416 1338 1280 1353
925 1564 1559 1411 1422 1561 1491 1416 1498
926 1715 1721 1559 1564 1718 1637 1561 1635
927 1867 1877 1721 1715 1872 1796 1718 1791
928 2026 2065 1877 1867 2047 1961 1872 1943
929 2381 2443 2065 2026 2412 2262 2047 2196
930 2660 2716 2443 2381 2692 2592 2412 2533
931 393 360 279 314 376 319 297 354
932 482 448 360 393 465 403 376 438
933 573 542 448 482 559 495 465 524
934 687 648 542 573 667 595 559 625
935 833 799 648 687 814 718 667 754
936 977 951 799 833 963 874 814 907
937 1120 1105 951 977 1110 1027 963 1053
938 1276 1260 1105 1120 1266 1179 1110 1191
939 1411 1402 1260 1276 1407 1329 1266 1338
940 1559 1558 1402 1411 1556 1487 1407 1491
941 1721 1728 1558 1559 1725 1643 1556 1637
942 1877 1893 1728 1721 1884 1807 1725 1796
943 2065 2115 1893 1877 2089 1978 1884 1961
944 2443 2500 2115 2065 2469 2319 2089 2262
945 2716 2770 2500 2443 2746 2645 2469 2592
946 360 326 242 279 343 282 261 319
947 448 415 326 360 432 370 343 403
948 542 510 415 448 526 462 432 495
949 648 615 510 542 631 563 526 595
950 799 759 615 648 781 681 631 718
951 951 923 759 799 936 844 781 874
952 1105 1085 923 951 1093 1000 936 1027
953 1260 1242 1085 1105 1253 1164 1093 1179
954 1402 1397 1242 1260 1400 1320 1253 1329
955 1558 1565 1397 1402 1560 1485 1400 1487
956 1728 1738 1565 1558 1732 1652 1560 1643
957 1893 1907 1738 1728 1900 1819 1732 1807
958 2115 2175 1907 1893 2139 1995 1900 1978
959 2500 2558 2175 2115 2527 2387 2139 2319
960 2770 2822 2558 2500 2800 2699 2527 2645
961 326 290 203 242 308 248 225 282
962 415 378 290 326 398 335 308 370
963 510 476 378 415 494 424 398 462
964 615 585 476 510 600 529 494 563
965 759 720 585 615 739 641 600 681
966 923 892 720 759 908 807 739 844
967 1085 1067 892 923 1075 975 908 1000
968 1242 1221 1067 1085 1231 1147 1075 1164
969 1397 1394 1221 1242 1395 1313 1231 1320
970 1565 1575 1394 1397 1569 1489 1395 1485
971 1738 1748 1575 1565 1743 1658 1569 1652
972 1907 1933 1748 1738 1919 1836 1743 1819
973 2175 2252 1933 1907 2206 2041 1919 1995
974 2558 2617 2252 2175 2587 2457 2206 2387
975 2822 2876 2617 2558 2852 2752 2587 2699
976 3233 3187 3382 3429 3210 3287 3410 3332
977 3013 2955 3187 3233 2986 3081 3210 3128
978 2670 2589 2955 3013 2629 2791 2986 2866
979 2110 2022 2589 2670 2062 2333 2629 2428
980 1784 1750 2022 2110 1767 1887 2062 1917
981 1514 1501 1750 1784 1506 1621 1767 1647
982 1262 1257 1501 1514 1259 1372 1506 1382
983 996 1005 1257 1262 1002 1126 1259 1125
984 743 757 1005 996 748 888 1002 872
985 537 555 757 743 549 639 748 627
986 384 408 555 537 397 481 549 458
987 247 271 408 384 259 339 397 313
988 110 137 271 247 124 207 259 174
989 27 41 137 110 34 82 124 63
990 1 4 41 27 2 17 34 9
991 3187 3143 3333 3382 3167 3243 3362 3287
992 2955 2902 3143 3187 2929 3034 3167 3081
993 2589 2514 2902 2955 2550 2718 2929 2791
994 2022 1985 2514 2589 1997 2233 2550 2333
995 1750 1731 1985 2022 1741 1853 1997 1887
996 1501 1484 1731 1750 1494 1606 1741 1621
997 1257 1250 1484 1501 1254 1366 1494 1372
998 1005 1009 1250 1257 1008 1127 1254 1126
999 757 775 1009 1005 768 895 1008 888
1000 555 572 775 757 567 658 768 639
1001 408 423 572 555 418 498 567 481
1002 271 294 423 408 283 359 418 339
1003 137 162 294 271 152 229 283 207
1004 41 59 162 137 50 105 152 82
1005 4 10 59 41 6 28 50 17
1006 3143 3096 3284 3333 3119 3196 3312 3243
1007 2902 2830 3096 3143 2868 2980 3119 3034
1008 2514 2440 2830 2902 2477 2655 2868 2718
1009 1985 1956 2440 2514 1972 2149 2477 2233
1010 1731 1708 1956 1985 1722 1825 1972 1853
1011 1484 1475 1708 1731 1481 1592 1722 1606
1012 1250 1246 1475 1484 1248 1359 1481 1366
1013 1009 1013 1246 1250 1011 1128 1248 1127
1014 775 787 1013 1009 784 905 1011 895
1015 572 588 787 775 580 675 784 658
1016 423 443 588 572 437 514 580 498
1017 294 315 443 423 305 377 437 359
1018 162 194 315 294 178 254 305 229
1019 59 79 194 162 67 129 178 105
1020 10 19 79 59 15 42 67 28
1021 3096 3048 3235 3284 3069 3148 3263 3196
1022 2830 2767 3048 3096 2802 2930 3069 2980
1023 2440 2363 2767 2830 2401 2590 2802 2655
1024 1956 1923 2363 2440 1941 2082 2401 2149
1025 1708 1685 1923 1956 1694 1806 1941 1825
1026 1475 1464 1685 1708 1468 1577 1694 1592
1027 1246 1240 1464 1475 1243 1352 1468 1359
1028 1013 1022 1240 1246 1017 1129 1243 1128
1029 787 802 1022 1013 795 912 1017 905
1030 588 602 802 787 597 692 795 675
1031 443 460 602 588 453 530 597 514
1032 315 337 460 443 325 396 453 377
1033 194 216 337 315 205 276 325 254
1034 79 102 216 194 90 154 205 129
1035 19 32 102 79 26 62 90 42
1036 3048 2997 3181 3235 3019 3100 3213 3148
1037 2767 2707 2997 3048 2741 2870 3019 2930
1038 2363 2287 2707 2767 2327 2525 2741 2590
1039 1923 1902 2287 2363 1910 2019 2327 2082
1040 1685 1669 1902 1923 1676 1788 1910 1806
1041 1464 1453 1669 1685 1457 1554 1676 1577
1042 1240 1238 1453 1464 1239 1347 1457 1352
1043 1022 1026 1238 1240 1025 1131 1239 1129
1044 802 813 1026 1022 806 921 1025 912
1045 602 613 813 802 609 706 806 692
1046 460 477 613 602 469 544 609 530
1047 337 353 477 460 345 413 469 396
1048 216 241 353 337 228 299 345 276
1049 102 128 241 216 113 186 228 154
1050 32 49 128 102 40 83 113 62
1051 2997 2941 3131 3181 2971 3047 3160 3100
1052 2707 2643 2941 2997 2678 2801 2971 2870
1053 2287 2199 2643 2707 2244 2453 2678 2525
1054 1902 1876 2199 2287 1891 1987 2244 2019
1055 1669 1655 1876 1902 1663 1764 1891 1788
1056 1453 1442 1655 1669 1447 1547 1663 1554
1057 1238 1234 1442 1453 1235 1340 1447 1347
1058 1026 1034 1234 1238 1029 1134 1235 1131
1059 813 824 1034 1026 819 931 1029 921
1060 613 629 824 813 621 719 819 706
1061 477 492 629 613 486 557 621 544
1062 353 375 492 477 364 434 486 413
1063 241 266 375 353 251 320 364 299
1064 128 157 266 241 140 215 251 186
1065 49 71 157 128 60 109 140 83
1066 2941 2873 3077 3131 2911 2989 3108 3047
1067 2643 2570 2873 2941 2607 2730 2911 2801
1068 2199 2117 2570 2643 2160 2370 2607 2453
1069 1876 1849 2117 2199 1866 1959 2160 1987
1070 1655 1640 1849 1876 1650 1744 1866 1764
1071 1442 1434 1640 1655 1438 1535 1650 1547
1072 1234 1232 1434 1442 1233 1335 1438 1340
1073 1034 1040 1232 1234 1039 1137 1233 1134
1074 824 840 1040 1034 832 939 1039 931
1075 629 645 840 824 634 734 832 719
1076 492 511 645 629 502 575 634 557
1077 375 394 511 492 383 452 502 434
1078 266 292 394 375 278 341 383 320
1079 157 191 292 266 168 240 278 215
1080 71 98 191 157 85 139 168 109
1081 2873 2795 3017 3077 2836 2922 3051 2989
1082 2570 2488 2795 2873 2528 2653 2836 2730
1083 2117 2037 2488 2570 2079 2276 2528 2370
1084 1849 1818 2037 2117 1830 1921 2079 1959
1085 1640 1618 1818 1849 1628 1726 1830 1744
1086 1434 1424 1618 1640 1430 1524 1628 1535
1087 1232 1227 1424 1434 1230 1328 1430 1335
1088 1040 1048 1227 1232 1043 1140 1230 1137
1089 840 854 1048 1040 847 948 1043 939
1090 645 664 854 840 652 753 847 734
1091 511 532 664 645 520 594 652 575
1092 394 419 532 511 407 473 520 452
1093 292 316 419 394 303 367 407 341
1094 191 224 316 292 208 268 303 240
1095 98 130 224 191 112 171 208 139
1096 2795 2713 2952 3017 2754 2846 2990 2922
1097 2488 2383 2713 2795 2438 2563 2754 2653
1098 2037 1983 2383 2488 2007 2155 2438 2276
1099 1818 1792 1983 2037 1804 1888 2007 1921
1100 1618 1601 1792 1818 1609 1688 1804 1726
1101 1424 1413 1601 1618 1421 1507 1609 1524
1102 1227 1224 1413 1424 1226 1322 1421 1328
1103 1048 1056 1224 1227 1050 1144 1226 1140
1104 854 870 1056 1048 861 959 1050 948
1105 664 691 870 854 676 782 861 753
1106 532 553 691 664 543 614 676 594
1107 419 445 553 532 433 499 543 473
1108 316 348 445 419 329 392 433 367
1109 224 256 348 316 239 300 329 268
1110 130 164 256 224 146 212 239 171
1111 2713 2617 2876 2952 2665 2752 2919 2846
1112 2383 2252 2617 2713 2320 2457 2665 2563
1113 1983 1933 2252 2383 1962 2041 2320 2155
1114 1792 1748 1933 1983 1770 1836 1962 1888
1115 1601 1575 1748 1792 1590 1658 1770 1688
1116 1413 1394 1575 1601 1403 1489 1590 1507
1117 1224 1221 1394 1413 1223 1313 1403 1322
1118 1056 1067 1221 1224 1062 1147 1223 1144
1119 870 892 1067 1056 885 975 1062 959
1120 691 720 892 870 705 807 885 782
1121 553 585 720 691 570 641 705 614
1122 445 476 585 553 459 529 570 499
1123 348 378 476 445 362 424 459 392
1124 256 290 378 348 273 335 362 300
1125 164 203 290 256 187 248 273 212
