1 1647 1649 1698 1696 1648 1678 1697 1677
2 1588 1590 1649 1647 1589 1626 1648 1625
3 1649 1651 1700 1698 1650 1679 1699 1678
4 1590 1593 1651 1649 1591 1628 1650 1626
5 1651 1653 1702 1700 1652 1680 1701 1679
6 1593 1595 1653 1651 1594 1629 1652 1628
7 1653 1655 1704 1702 1654 1682 1703 1680
8 1595 1597 1655 1653 1596 1630 1654 1629
9 1655 1657 1706 1704 1656 1683 1705 1682
10 1597 1600 1657 1655 1599 1631 1656 1630
11 1657 1659 1708 1706 1658 1684 1707 1683
12 1600 1603 1659 1657 1601 1632 1658 1631
13 1659 1661 1711 1708 1660 1685 1709 1684
14 1603 1605 1661 1659 1604 1634 1660 1632
15 1661 1663 1713 1711 1662 1687 1712 1685
16 1605 1609 1663 1661 1606 1635 1662 1634
17 1663 1666 1715 1713 1665 1689 1714 1687
18 1609 1611 1666 1663 1610 1637 1665 1635
19 1666 1668 1717 1715 1667 1691 1716 1689
20 1611 1615 1668 1666 1613 1640 1667 1637
21 1668 1672 1720 1717 1670 1693 1719 1691
22 1615 1617 1672 1668 1616 1644 1670 1640
23 1672 1674 1722 1720 1673 1694 1721 1693
24 1617 1622 1674 1672 1620 1645 1673 1644
25 1674 1676 1724 1722 1675 1695 1723 1694
26 1622 1627 1676 1674 1623 1646 1675 1645
27 1676 1686 1726 1724 1681 1710 1725 1695
28 1627 1636 1686 1676 1633 1664 1681 1646
29 1686 1692 1728 1726 1690 1718 1727 1710
30 1636 1642 1692 1686 1639 1671 1690 1664
31 1311 1525 1523 1302 1452 1524 1450 1307
32 1321 1528 1525 1311 1456 1527 1452 1316
33 1331 1533 1528 1321 1461 1530 1456 1326
34 1346 1536 1533 1331 1466 1535 1461 1340
35 1358 1540 1536 1346 1477 1538 1466 1350
36 1374 1546 1540 1358 1484 1542 1477 1367
37 1391 1549 1546 1374 1491 1547 1484 1381
38 1410 1554 1549 1391 1502 1552 1491 1403
39 1430 1559 1554 1410 1513 1557 1502 1419
40 1454 1563 1559 1430 1522 1561 1513 1440
41 1482 1572 1563 1454 1541 1568 1522 1467
42 1504 1577 1572 1482 1555 1575 1541 1492
43 1520 1583 1577 1504 1562 1579 1555 1511
44 1545 1602 1583 1520 1574 1592 1562 1534
45 1558 1612 1602 1545 1582 1608 1574 1553
46 1525 1590 1588 1523 1565 1589 1564 1524
47 1528 1593 1590 1525 1566 1591 1565 1527
48 1533 1595 1593 1528 1569 1594 1566 1530
49 1536 1597 1595 1533 1570 1596 1569 1535
50 1540 1600 1597 1536 1571 1599 1570 1538
51 1546 1603 1600 1540 1573 1601 1571 1542
52 1549 1605 1603 1546 1576 1604 1573 1547
53 1554 1609 1605 1549 1578 1606 1576 1552
54 1559 1611 1609 1554 1581 1610 1578 1557
55 1563 1615 1611 1559 1584 1613 1581 1561
56 1572 1617 1615 1563 1598 1616 1584 1568
57 1577 1622 1617 1572 1607 1620 1598 1575
58 1583 1627 1622 1577 1614 1623 1607 1579
59 1602 1636 1627 1583 1619 1633 1614 1592
60 1612 1642 1636 1602 1624 1639 1619 1608
61 1113 1134 1128 1108 1121 1131 1119 1111
62 1116 1138 1134 1113 1124 1137 1121 1114
63 1120 1146 1138 1116 1133 1144 1124 1118
64 1126 1156 1146 1120 1143 1151 1133 1122
65 1140 1168 1156 1126 1153 1161 1143 1135
66 1155 1185 1168 1140 1171 1179 1153 1147
67 1177 1208 1185 1155 1190 1197 1171 1163
68 1203 1235 1208 1177 1218 1222 1190 1188
69 1234 1270 1235 1203 1250 1252 1218 1217
70 1274 1313 1270 1234 1291 1287 1250 1253
71 1325 1365 1313 1274 1348 1344 1291 1296
72 1377 1405 1365 1325 1389 1384 1348 1353
73 1414 1436 1405 1377 1428 1421 1389 1395
74 1451 1476 1436 1414 1463 1455 1428 1433
75 1487 1503 1476 1451 1495 1490 1463 1469
76 1134 1162 1158 1128 1148 1159 1145 1131
77 1138 1169 1162 1134 1152 1164 1148 1137
78 1146 1180 1169 1138 1160 1175 1152 1144
79 1156 1189 1180 1146 1172 1183 1160 1151
80 1168 1204 1189 1156 1184 1196 1172 1161
81 1185 1221 1204 1168 1205 1213 1184 1179
82 1208 1244 1221 1185 1225 1232 1205 1197
83 1235 1273 1244 1208 1254 1259 1225 1222
84 1270 1306 1273 1235 1285 1286 1254 1252
85 1313 1356 1306 1270 1338 1336 1285 1287
86 1365 1393 1356 1313 1380 1376 1338 1344
87 1405 1426 1393 1365 1415 1411 1380 1384
88 1436 1460 1426 1405 1448 1442 1415 1421
89 1476 1493 1460 1436 1485 1479 1448 1455
90 1503 1514 1493 1476 1509 1506 1485 1490
91 1162 1198 1191 1158 1181 1193 1176 1159
92 1169 1206 1198 1162 1186 1201 1181 1164
93 1180 1214 1206 1169 1194 1209 1186 1175
94 1189 1224 1214 1180 1207 1219 1194 1183
95 1204 1238 1224 1189 1220 1231 1207 1196
96 1221 1258 1238 1204 1239 1248 1220 1213
97 1244 1280 1258 1221 1264 1269 1239 1232
98 1273 1312 1280 1244 1289 1293 1264 1259
99 1306 1351 1312 1273 1334 1335 1289 1286
100 1356 1387 1351 1306 1372 1370 1334 1336
101 1393 1416 1387 1356 1406 1404 1372 1376
102 1426 1445 1416 1393 1435 1431 1406 1411
103 1460 1483 1445 1426 1472 1465 1435 1442
104 1493 1507 1483 1460 1501 1494 1472 1479
105 1514 1526 1507 1493 1519 1516 1501 1506
106 1198 1233 1227 1191 1216 1229 1211 1193
107 1206 1241 1233 1198 1223 1236 1216 1201
108 1214 1249 1241 1206 1230 1246 1223 1209
109 1224 1263 1249 1214 1243 1256 1230 1219
110 1238 1276 1263 1224 1257 1268 1243 1231
111 1258 1295 1276 1238 1277 1283 1257 1248
112 1280 1324 1295 1258 1299 1308 1277 1269
113 1312 1355 1324 1280 1337 1342 1299 1293
114 1351 1382 1355 1312 1368 1369 1337 1335
115 1387 1412 1382 1351 1401 1399 1368 1370
116 1416 1437 1412 1387 1429 1424 1401 1404
117 1445 1468 1437 1416 1458 1453 1429 1431
118 1483 1497 1468 1445 1489 1486 1458 1465
119 1507 1517 1497 1483 1512 1508 1489 1494
120 1526 1543 1517 1507 1537 1529 1512 1516
121 1233 1271 1265 1227 1251 1266 1247 1229
122 1241 1278 1271 1233 1261 1275 1251 1236
123 1249 1284 1278 1241 1267 1281 1261 1246
124 1263 1298 1284 1249 1279 1292 1267 1256
125 1276 1318 1298 1263 1294 1305 1279 1268
126 1295 1343 1318 1276 1319 1330 1294 1283
127 1324 1363 1343 1295 1347 1352 1319 1308
128 1355 1386 1363 1324 1371 1375 1347 1342
129 1382 1409 1386 1355 1396 1398 1371 1369
130 1412 1432 1409 1382 1422 1420 1396 1399
131 1437 1459 1432 1412 1447 1443 1422 1424
132 1468 1488 1459 1437 1480 1478 1447 1453
133 1497 1510 1488 1468 1505 1500 1480 1486
134 1517 1531 1510 1497 1521 1518 1505 1508
135 1543 1551 1531 1517 1548 1544 1521 1529
136 1271 1311 1302 1265 1288 1307 1282 1266
137 1278 1321 1311 1271 1297 1316 1288 1275
138 1284 1331 1321 1278 1303 1326 1297 1281
139 1298 1346 1331 1284 1323 1340 1303 1292
140 1318 1358 1346 1298 1341 1350 1323 1305
141 1343 1374 1358 1318 1359 1367 1341 1330
142 1363 1391 1374 1343 1378 1381 1359 1352
143 1386 1410 1391 1363 1400 1403 1378 1375
144 1409 1430 1410 1386 1417 1419 1400 1398
145 1432 1454 1430 1409 1441 1440 1417 1420
146 1459 1482 1454 1432 1470 1467 1441 1443
147 1488 1504 1482 1459 1496 1492 1470 1478
148 1510 1520 1504 1488 1515 1511 1496 1500
149 1531 1545 1520 1510 1539 1534 1515 1518
150 1551 1558 1545 1531 1556 1553 1539 1544
151 1310 1061 1057 1301 1136 1059 1132 1304
152 1317 1066 1061 1310 1142 1065 1136 1315
153 1327 1069 1066 1317 1149 1068 1142 1322
154 1339 1077 1069 1327 1157 1074 1149 1332
155 1349 1083 1077 1339 1170 1080 1157 1345
156 1361 1092 1083 1349 1187 1088 1170 1354
157 1373 1098 1092 1361 1210 1095 1187 1366
158 1385 1115 1098 1373 1237 1104 1210 1379
159 1402 1150 1115 1385 1272 1129 1237 1392
160 1413 1200 1150 1402 1314 1173 1272 1407
161 1427 1260 1200 1413 1362 1226 1314 1418
162 1439 1329 1260 1427 1397 1290 1362 1434
163 1457 1388 1329 1439 1425 1364 1397 1446
164 1473 1423 1388 1457 1449 1408 1425 1464
165 1487 1451 1423 1473 1469 1438 1449 1481
166 1061 936 930 1057 999 934 993 1059
167 1066 940 936 1061 1005 938 999 1065
168 1069 947 940 1066 1009 943 1005 1068
169 1077 959 947 1069 1017 956 1009 1074
170 1083 966 959 1077 1023 962 1017 1080
171 1092 977 966 1083 1033 971 1023 1088
172 1098 996 977 1092 1043 982 1033 1095
173 1115 1019 996 1098 1067 1011 1043 1104
174 1150 1041 1019 1115 1090 1031 1067 1129
175 1200 1076 1041 1150 1112 1054 1090 1173
176 1260 1100 1076 1200 1166 1091 1112 1226
177 1329 1167 1100 1260 1245 1125 1166 1290
178 1388 1262 1167 1329 1333 1215 1245 1364
179 1423 1360 1262 1388 1394 1309 1333 1408
180 1451 1414 1360 1423 1433 1390 1394 1438
181 936 823 818 930 879 821 875 934
182 940 829 823 936 884 824 879 938
183 947 839 829 940 893 832 884 943
184 959 848 839 947 904 843 893 956
185 966 862 848 959 915 856 904 962
186 977 882 862 966 928 871 915 971
187 996 907 882 977 952 892 928 982
188 1019 926 907 996 972 917 952 1011
189 1041 963 926 1019 1002 944 972 1031
190 1076 997 963 1041 1035 976 1002 1054
191 1100 1037 997 1076 1075 1020 1035 1091
192 1167 1086 1037 1100 1109 1060 1075 1125
193 1262 1139 1086 1167 1199 1102 1109 1215
194 1360 1255 1139 1262 1300 1195 1199 1309
195 1414 1377 1255 1360 1395 1320 1300 1390
196 823 719 710 818 770 716 763 821
197 829 728 719 823 778 724 770 824
198 839 740 728 829 786 735 778 832
199 848 752 740 839 804 748 786 843
200 862 771 752 848 817 762 804 856
201 882 795 771 862 837 783 817 871
202 907 819 795 882 857 806 837 892
203 926 850 819 907 888 834 857 917
204 963 887 850 926 920 866 888 944
205 997 924 887 963 964 910 920 976
206 1037 974 924 997 1010 957 964 1020
207 1086 1029 974 1037 1051 1004 1010 1060
208 1139 1087 1029 1086 1103 1052 1051 1102
209 1255 1165 1087 1139 1212 1110 1103 1195
210 1377 1325 1165 1255 1353 1242 1212 1320
211 719 624 617 710 671 621 663 716
212 728 636 624 719 681 631 671 724
213 740 651 636 728 694 643 681 735
214 752 666 651 740 708 658 694 748
215 771 689 666 752 731 678 708 762
216 795 714 689 771 751 702 731 783
217 819 746 714 795 782 730 751 806
218 850 780 746 819 815 761 782 834
219 887 822 780 850 855 803 815 866
220 924 865 822 887 900 844 855 910
221 974 919 865 924 948 894 900 957
222 1029 975 919 974 1006 950 948 1004
223 1087 1039 975 1029 1062 1013 1006 1052
224 1165 1105 1039 1087 1130 1079 1062 1110
225 1325 1274 1105 1165 1296 1178 1130 1242
226 624 539 527 617 586 536 573 621
227 636 554 539 624 598 545 586 631
228 651 571 554 636 609 561 598 643
229 666 590 571 651 628 582 609 658
230 689 614 590 666 652 604 628 678
231 714 644 614 689 679 630 652 702
232 746 677 644 714 709 659 679 730
233 780 717 677 746 750 697 709 761
234 822 760 717 780 791 741 750 803
235 865 812 760 822 841 785 791 844
236 919 868 812 865 896 842 841 894
237 975 931 868 919 958 903 896 950
238 1039 1007 931 975 1026 968 958 1013
239 1105 1084 1007 1039 1096 1040 1026 1079
240 1274 1234 1084 1105 1253 1127 1096 1178
241 539 469 453 527 505 461 493 536
242 554 482 469 539 519 474 505 545
243 571 498 482 554 534 489 519 561
244 590 523 498 571 557 513 534 582
245 614 547 523 590 585 535 557 604
246 644 584 547 614 612 565 585 630
247 677 618 584 644 648 602 612 659
248 717 660 618 677 691 642 648 697
249 760 707 660 717 737 685 691 741
250 812 767 707 760 787 739 737 785
251 868 826 767 812 847 797 787 842
252 931 897 826 868 916 858 847 903
253 1007 970 897 931 984 932 916 968
254 1084 1056 970 1007 1072 1018 984 1040
255 1234 1203 1056 1084 1217 1101 1072 1127
256 469 403 389 453 434 393 422 461
257 482 416 403 469 450 408 434 474
258 498 438 416 482 470 428 450 489
259 523 462 438 498 491 451 470 513
260 547 490 462 523 521 476 491 535
261 584 526 490 547 552 509 521 565
262 618 567 526 584 595 543 552 602
263 660 611 567 618 637 589 595 642
264 707 664 611 660 687 640 637 685
265 767 725 664 707 745 693 687 739
266 826 789 725 767 808 754 745 797
267 897 863 789 826 880 825 808 858
268 970 946 863 897 960 909 880 932
269 1056 1038 946 970 1045 989 960 1018
270 1203 1177 1038 1056 1188 1093 1045 1101
271 403 346 330 389 372 338 358 393
272 416 360 346 403 390 352 372 408
273 438 384 360 416 409 371 390 428
274 462 407 384 438 435 395 409 451
275 490 441 407 462 466 425 435 476
276 526 478 441 490 502 457 466 509
277 567 522 478 526 540 496 502 543
278 611 570 522 567 591 541 540 589
279 664 625 570 611 645 599 591 640
280 725 688 625 664 705 655 645 693
281 789 757 688 725 774 723 705 754
282 863 838 757 789 849 799 774 825
283 946 921 838 863 935 881 849 909
284 1038 1027 921 946 1032 973 935 989
285 1177 1155 1027 1038 1163 1081 1032 1093
286 346 295 281 330 320 288 305 338
287 360 314 295 346 337 303 320 352
288 384 334 314 360 357 325 337 371
289 407 361 334 384 387 349 357 395
290 441 397 361 407 419 382 387 425
291 478 436 397 441 455 415 419 457
292 522 481 436 478 500 456 455 496
293 570 530 481 522 549 507 500 541
294 625 594 530 570 608 562 549 599
295 688 657 594 625 673 623 608 655
296 757 734 657 688 747 696 673 723
297 838 816 734 757 828 775 747 799
298 921 911 816 838 918 860 828 881
299 1027 1016 911 921 1021 961 918 973
300 1155 1140 1016 1027 1147 1071 1021 1081
301 295 253 241 281 274 245 258 288
302 314 270 253 295 294 261 274 303
303 334 296 270 314 317 285 294 325
304 361 326 296 334 345 312 317 349
305 397 356 326 361 376 342 345 382
306 436 401 356 397 417 381 376 415
307 481 448 401 436 465 423 417 456
308 530 504 448 481 518 475 465 507
309 594 564 504 530 578 531 518 562
310 657 633 564 594 647 601 578 623
311 734 711 633 657 722 672 647 696
312 816 802 711 734 807 753 722 775
313 911 898 802 816 906 846 807 860
314 1016 1008 898 911 1012 953 906 961
315 1140 1126 1008 1016 1135 1064 1012 1071
316 253 218 206 241 237 211 219 245
317 270 239 218 253 255 229 237 261
318 296 259 239 270 279 251 255 285
319 326 293 259 296 308 277 279 312
320 356 329 293 326 344 311 308 342
321 401 367 329 356 386 348 344 381
322 448 421 367 401 433 394 386 423
323 504 477 421 448 488 449 433 475
324 564 538 477 504 550 510 488 531
325 633 613 538 564 622 576 550 601
326 711 695 613 633 703 654 622 672
327 802 784 695 711 794 742 703 753
328 898 886 784 802 891 836 794 846
329 1008 998 886 898 1000 939 891 953
330 1126 1120 998 1008 1122 1053 1000 1064
331 218 192 178 206 208 185 191 211
332 239 210 192 218 224 200 208 229
333 259 233 210 239 248 222 224 251
334 293 267 233 259 278 250 248 277
335 329 301 267 293 316 284 278 311
336 367 347 301 329 355 324 316 348
337 421 399 347 367 405 370 355 394
338 477 454 399 421 467 427 405 449
339 538 524 454 477 529 487 467 510
340 613 600 524 538 606 559 529 576
341 695 682 600 613 690 641 606 654
342 784 776 682 695 781 729 690 742
343 886 878 776 784 883 827 781 836
344 998 990 878 886 992 933 883 939
345 1120 1116 990 998 1118 1049 992 1053
346 192 172 158 178 183 164 167 185
347 210 190 172 192 198 181 183 200
348 233 216 190 210 223 201 198 222
349 267 244 216 233 254 230 223 250
350 301 283 244 267 291 262 254 284
351 347 327 283 301 335 302 291 324
352 399 377 327 347 388 351 335 370
353 454 440 377 399 447 406 388 427
354 524 508 440 454 516 472 447 487
355 600 588 508 524 592 544 516 559
356 682 670 588 600 676 627 592 641
357 776 768 670 682 772 721 676 729
358 878 873 768 776 877 820 772 827
359 990 986 873 878 987 929 877 933
360 1116 1113 986 990 1114 1047 987 1049
361 172 156 143 158 162 150 151 164
362 190 176 156 172 182 165 162 181
363 216 196 176 190 207 186 182 201
364 244 227 196 216 236 212 207 230
365 283 265 227 244 272 246 236 262
366 327 313 265 283 318 289 272 302
367 377 362 313 327 369 336 318 351
368 440 426 362 377 431 392 369 406
369 508 494 426 440 503 459 431 472
370 588 575 494 508 581 533 503 544
371 670 662 575 588 667 619 581 627
372 768 759 662 670 764 712 667 721
373 873 867 759 768 870 814 764 820
374 986 980 867 873 981 923 870 929
375 1113 1108 980 986 1111 1044 981 1047
376 156 153 138 143 154 149 142 150
377 176 177 153 156 175 163 154 165
378 196 199 177 176 195 189 175 186
379 227 232 199 196 228 217 195 212
380 265 276 232 227 268 256 228 246
381 313 323 276 265 315 298 268 289
382 362 378 323 313 363 350 315 336
383 426 443 378 362 429 410 363 392
384 494 515 443 426 501 479 429 459
385 575 596 515 494 583 551 501 533
386 662 680 596 575 668 638 583 619
387 759 779 680 662 769 732 668 712
388 867 885 779 759 876 831 769 814
389 980 1003 885 867 991 942 876 923
390 1108 1128 1003 980 1119 1063 991 1044
391 153 157 136 138 155 147 137 149
392 177 187 157 153 179 171 155 163
393 199 220 187 177 209 205 179 189
394 232 260 220 199 247 243 209 217
395 276 309 260 232 290 286 247 256
396 323 359 309 276 341 333 290 298
397 378 420 359 323 398 391 341 350
398 443 484 420 378 458 452 398 410
399 515 553 484 443 528 520 458 479
400 596 632 553 515 610 597 528 551
401 680 718 632 596 700 674 610 638
402 779 810 718 680 796 765 700 732
403 885 914 810 779 901 861 796 831
404 1003 1025 914 885 1015 967 901 942
405 1128 1158 1025 1003 1145 1082 1015 1063
406 157 161 133 136 159 146 135 147
407 187 204 161 157 193 184 159 171
408 220 249 204 187 234 226 193 205
409 260 299 249 220 282 275 234 243
410 309 353 299 260 331 328 282 286
411 359 411 353 309 385 383 331 333
412 420 471 411 359 445 442 385 391
413 484 537 471 420 512 506 445 452
414 553 607 537 484 580 572 512 520
415 632 684 607 553 656 646 580 597
416 718 766 684 632 743 726 656 674
417 810 853 766 718 830 809 743 765
418 914 945 853 810 927 902 830 861
419 1025 1042 945 914 1034 995 927 967
420 1158 1191 1042 1025 1176 1097 1034 1082
421 161 168 131 133 166 148 132 146
422 204 221 168 161 213 194 166 184
423 249 280 221 204 266 252 213 226
424 299 339 280 249 321 310 266 275
425 353 400 339 299 374 365 321 328
426 411 460 400 353 437 430 374 383
427 471 525 460 411 497 492 437 442
428 537 593 525 471 566 558 497 506
429 607 661 593 537 634 626 566 572
430 684 736 661 607 706 701 634 646
431 766 811 736 684 788 773 706 726
432 853 895 811 766 874 854 788 809
433 945 978 895 853 965 937 874 902
434 1042 1073 978 945 1055 1028 965 995
435 1191 1227 1073 1042 1211 1117 1055 1097
436 168 173 128 131 169 145 129 148
437 221 235 173 168 231 202 169 194
438 280 300 235 221 292 269 231 252
439 339 364 300 280 354 332 292 310
440 400 432 364 339 418 402 354 365
441 460 499 432 400 483 468 418 430
442 525 569 499 460 546 532 483 492
443 593 635 569 525 616 603 546 558
444 661 704 635 593 686 669 616 626
445 736 777 704 661 756 744 686 701
446 811 852 777 736 833 813 756 773
447 895 925 852 811 913 889 833 854
448 978 1014 925 895 994 969 913 937
449 1073 1094 1014 978 1085 1048 994 1028
450 1227 1265 1094 1073 1247 1154 1085 1117
451 173 170 126 128 174 141 127 145
452 235 238 170 173 240 203 174 202
453 300 307 238 235 306 271 240 269
454 364 375 307 300 373 343 306 332
455 432 446 375 364 444 412 373 402
456 499 517 446 432 514 480 444 468
457 569 587 517 499 579 548 514 532
458 635 653 587 569 649 620 579 603
459 704 727 653 635 720 692 649 669
460 777 800 727 704 793 758 720 744
461 852 872 800 777 864 835 793 813
462 925 954 872 852 941 912 864 889
463 1014 1030 954 925 1022 985 941 969
464 1094 1106 1030 1014 1099 1070 1022 1048
465 1265 1302 1106 1094 1282 1192 1099 1154
466 138 100 103 143 116 101 119 142
467 136 97 100 138 114 99 116 137
468 133 93 97 136 112 96 114 135
469 131 90 93 133 111 92 112 132
470 128 87 90 131 109 88 111 129
471 126 85 87 128 108 86 109 127
472 100 66 74 103 80 71 84 101
473 97 63 66 100 78 64 80 99
474 93 60 63 97 77 61 78 96
475 90 55 60 93 75 57 77 92
476 87 51 55 90 72 53 75 88
477 85 48 51 87 67 50 72 86
478 3 17 13 1 8 14 6 2
479 7 22 17 3 11 20 8 5
480 12 27 22 7 18 24 11 10
481 21 35 27 12 25 30 18 15
482 31 42 35 21 34 38 25 26
483 40 52 42 31 45 46 34 36
484 17 51 48 13 32 50 29 14
485 22 55 51 17 37 53 32 20
486 27 60 55 22 39 57 37 24
487 35 63 60 27 47 61 39 30
488 42 66 63 35 54 64 47 38
489 52 74 66 42 62 71 54 46
490 170 105 85 126 122 95 108 141
491 238 120 105 170 140 110 122 203
492 307 139 120 238 214 125 140 271
493 375 225 139 307 297 180 214 343
494 446 322 225 375 379 273 297 412
495 517 414 322 446 463 366 379 480
496 587 511 414 517 542 464 463 548
497 653 605 511 587 629 555 542 620
498 727 699 605 653 715 650 629 692
499 800 798 699 727 805 749 715 758
500 872 899 798 800 890 845 805 835
501 954 1001 899 872 979 949 890 912
502 1030 1107 1001 954 1078 1050 979 985
503 1106 1383 1107 1030 1240 1228 1078 1070
504 1302 1523 1383 1106 1450 1474 1240 1192
505 105 65 48 85 81 59 67 95
506 120 82 65 105 104 76 81 110
507 139 106 82 120 121 94 104 125
508 225 124 106 139 160 115 121 180
509 322 197 124 225 264 144 160 273
510 414 319 197 322 368 257 264 366
511 511 439 319 414 473 380 368 464
512 605 556 439 511 577 495 473 555
513 699 675 556 605 683 615 577 650
514 798 801 675 699 792 738 683 749
515 899 922 801 798 908 859 792 845
516 1001 1058 922 899 1024 988 908 949
517 1107 1328 1058 1001 1182 1141 1024 1050
518 1383 1532 1328 1107 1471 1462 1182 1228
519 1523 1588 1532 1383 1564 1567 1471 1474
520 1669 1618 1647 1696 1641 1638 1677 1688
521 1621 1560 1618 1669 1586 1587 1641 1643
522 1550 1357 1560 1621 1475 1498 1586 1585
523 1202 1036 1357 1550 1089 1123 1475 1444
524 951 869 1036 1202 905 955 1089 1046
525 755 713 869 951 733 790 905 851
526 574 563 713 755 568 639 733 665
527 396 413 563 574 404 486 568 485
528 215 263 413 396 242 340 404 304
529 117 130 263 215 123 188 242 134
530 83 107 130 117 98 118 123 102
531 58 79 107 83 70 91 98 73
532 28 56 79 58 43 68 70 41
533 9 33 56 28 19 44 43 16
534 1 13 33 9 6 23 19 4
535 1618 1532 1588 1647 1580 1567 1625 1638
536 1560 1328 1532 1618 1499 1462 1580 1587
537 1357 1058 1328 1560 1174 1141 1499 1498
538 1036 922 1058 1357 983 988 1174 1123
539 869 801 922 1036 840 859 983 955
540 713 675 801 869 698 738 840 790
541 563 556 675 713 560 615 698 639
542 413 439 556 563 424 495 560 486
543 263 319 439 413 287 380 424 340
544 130 197 319 263 152 257 287 188
545 107 124 197 130 113 144 152 118
546 79 106 124 107 89 115 113 91
547 56 82 106 79 69 94 89 68
548 33 65 82 56 49 76 69 44
549 13 48 65 33 29 59 49 23
