    1              75               0               0
    2      72.7313193               0               0
    3              75      2.87761227               0
    4      72.7313193      2.87761227               0
    5      70.4626385               0               0
    6              75      5.75522454               0
    7      69.1297144      2.76858377               0
    8      71.3983951      5.64619604               0
    9      67.7967903               0               0
   10      66.4638662      2.76858377               0
   11      67.7967903      5.53716754               0
   12      65.1309421               0               0
   13              75      10.0559973               0
   14      71.3983951       9.9469688               0
   15      64.1388843      5.59309496               0
   16      62.8059601      2.82451119               0
   17      61.9732102               0               0
   18      65.1420189      9.57659496               0
   19              75      14.3567701               0
   20      68.7436238      13.9863962               0
   21      60.4809782      5.64902239               0
   22      59.6482283      2.82451119               0
   23      58.8154783               0               0
   24      61.4841129      9.63252238               0
   25      70.0059736      17.4581296               0
   26      62.4872475      13.6160224               0
   27              75      19.0847048               0
   28      55.9474208      2.82451119               0
   29      57.5878954      9.24679329               0
   30      55.1146709               0               0
   31      63.7495974      17.0877557               0
   32      58.5910301      13.2302933               0
   33      59.9863227      16.6284421               0
   34      70.0059736      22.1860644               0
   35      65.0119472      20.5594891               0
   36       53.054338       6.4222821               0
   37      51.4138634               0               0
   38              75      23.8126396               0
   39      54.6948127      12.8445642               0
   40      61.2486726      20.1001754               0
   41      56.0901053       16.242713               0
   42      62.4606887      22.9044319               0
   43       57.485398      19.6408618               0
   44      66.8283852      25.2797445               0
   45              75      26.9063198               0
   46      53.4125722      16.3009724               0
   47      71.8224116      26.9063198               0
   48       48.340109      5.41028695               0
   49      49.9805837      11.8325691               0
   50      51.4721839      14.6349726               0
   51      58.6974141      22.4451182               0
   52      47.1300941               0               0
   53      54.8078649      19.6991212               0
   54      55.8928285      21.7940687               0
   55      59.9094301      25.2493746               0
   56      64.2771266      27.6246873               0
   57              75              30               0
   58      71.8224116              30               0
   59      52.1303318      19.7573807               0
   60      57.1048446      24.5983252               0
   61      68.6448231              30               0
   62      50.1899434      18.0913808               0
   63      53.2152954      21.8523282               0
   64      46.7579549      13.6229774               0
   65      48.2495551       16.425381               0
   66      44.0563397      5.41028695               0
   67      57.5041817      26.2989979               0
   68      45.2663546      10.8205739               0
   69      54.3002591      23.9472757               0
   70       59.412325      27.6246873               0
   71      63.7800215              30               0
   72      42.8463248               0               0
   73      50.7359852      21.6604699               0
   74      54.6995962      25.6479484               0
   75      51.8209488      23.7554175               0
   76      48.6149899      20.2310478               0
   77      45.5971164      16.5777686               0
   78      55.0989333      27.3486211               0
   79      44.1055161      13.7753651               0
   80      57.0070767      28.6743106               0
   81      52.8269844      25.5814032               0
   82      46.6746016      18.5650479               0
   83        58.91522              30               0
   84      49.3416386      23.5635592               0
   85      53.2263216      27.2820759               0
   86      50.3476742      25.3895449               0
   87      47.2206433       22.134137               0
   88      55.2553384              30               0
   89      53.3471951      28.6743106               0
   90      49.1208257       25.017033               0
   91      51.3537098      27.2155307               0
   92      47.6597099      23.6086726               0
   93      42.9446776      16.7301562               0
   94      44.0221628      18.7174355               0
   95      48.2907291       24.591632               0
   96       45.099648      20.7047148               0
   97      39.6559399      9.47119934               0
   98      50.1268613      26.8430187               0
   99       38.445925      4.06091238               0
  100      40.6178577      13.1153637               0
  101      45.5387146      22.1792504               0
  102      51.4745833      28.6077653               0
  103      37.9582657               0               0
  104      48.9000129      26.4705068               0
  105      50.2782107       27.913545               0
  106      45.9777813       23.653786               0
  107      48.0699162      26.0451057               0
  108      46.6088004      24.6367453               0
  109      47.2398196      25.6197047               0
  110      44.2517062      21.9884708               0
  111      49.0513623      27.5410331               0
  112      42.1824104      19.1485605               0
  113      51.5954569              30               0
  114      43.2598956      21.1358398               0
  115      47.7459243      26.8320156               0
  116      50.3990843      29.3057797               0
  117      48.2532305       27.382073               0
  118      44.6907728      23.4630063               0
  119      49.2027117      28.6115594               0
  120      46.9158276      26.4066145               0
  121      45.3060624      24.6093947               0
  122      46.5121704      26.0609807               0
  123      45.9370816      25.5923541               0
  124      48.4045799      28.4525993               0
  125      39.4570192      16.0701548               0
  126      49.7402306              30               0
  127      43.4037644      23.2722267               0
  128      46.5918357      27.1935243               0
  129      47.0991419      27.7435818               0
  130      46.1881785      26.8478905               0
  131      47.6064481      28.2936393               0
  132      45.7845213      26.5022568               0
  133       44.019054      24.4186151               0
  134       48.543858      29.3057797               0
  135      40.1328666      18.5991312               0
  136      42.4119538      22.4195958               0
  137      45.2094324      26.0336301               0
  138      44.6343436      25.5650034               0
  139      46.3932227       27.772228               0
  140       46.900529      28.3222855               0
  141      47.7457263      29.1468196               0
  142      46.0353947      27.4479225               0
  143      41.4201431      21.5669648               0
  144      47.2354812      28.7144765               0
  145      45.6317375      27.1022887               0
  146      45.2287615       26.775226               0
  147      44.6536726      26.3065994               0
  148      42.4208703      23.7644171               0
  149      46.1946098      28.3509316               0
  150      47.8850044              30               0
  151      45.8367817      28.0266261               0
  152      46.5295621      28.7431226               0
  153      47.3747594      29.5676568               0
  154      45.4789537      27.7023206               0
  155      46.8645143      29.1353137               0
  156      43.0361599      24.9108054               0
  157      45.0759777      27.3752579               0
  158      44.6730017      27.0481953               0
  159      41.4290596      22.9117861               0
  160      44.0273168      26.5204944               0
  161      45.7809184      28.4685013               0
  162      46.0138073      28.7411542               0
  163      45.4230903      28.1441958               0
  164      46.3487596      29.1333452               0
  165      44.9794778      27.9182005               0
  166      47.0119884              30               0
  167      46.5017433      29.5676568               0
  168      44.5765018      27.5911378               0
  169       45.367227       28.586071               0
  170      45.6001159      28.8587239               0
  171      45.8330048      29.1313768               0
  172      44.0466458      27.2620903               0
  173      43.1332862      26.2088211               0
  174      44.9236144      28.3600757               0
  175      39.3705993      21.0175355               0
  176      41.4379761      24.2566074               0
  177      45.9859886      29.5656884               0
  178      45.3127868      28.9404904               0
  179      45.5456758      29.2131433               0
  180      45.6895276      29.3776853               0
  181      44.4800019      28.1340804               0
  182       45.032423      28.7367937               0
  183      46.1389723              30               0
  184      33.5578659      4.06091238               0
  185      43.9501459      27.8050328               0
  186      44.5888104      28.5107984               0
  187       35.007443      11.7659891               0
  188      45.8425114      29.8119969               0
  189      45.2583467      29.2949099               0
  190      34.0455252      8.12182476               0
  191      45.4021986      29.4594518               0
  192      45.5460504      29.6239937               0
  193      44.9779829      29.0912131               0
  194      44.3255781      28.4218417               0
  195        43.42029      27.4759853               0
  196       44.697619      28.8875164               0
  197      39.8669401      22.7684711               0
  198      45.7442245              30               0
  199      45.2043992      29.4942959               0
  200      33.0702067               0               0
  201      45.3482511      29.6588378               0
  202      35.9693608      15.4101534               0
  203      45.4477635      29.8119969               0
  204      44.0158847      28.3314756               0
  205      45.0234188      29.3981027               0
  206      44.4343867      28.7985597               0
  207      44.7430549      29.1944059               0
  208      45.1504517      29.6936819               0
  209      41.5351025      25.5546231               0
  210      44.1711543      28.7096031               0
  211      45.2499642      29.8468409               0
  212      44.5245934      29.1188975               0
  213      43.4860287      28.0024281               0
  214      44.9694713      29.5974887               0
  215      45.3494766              30               0
  216      45.0283918      29.7345665               0
  217      44.7884908      29.5012955               0
  218      45.0752258      29.8468409               0
  219      44.2613611      29.0299409               0
  220      44.8474113      29.6383734               0
  221      43.8614609       28.619237               0
  222      45.1747383              30               0
  223      44.5700293      29.4257871               0
  224      44.9063318      29.7754512               0
  225      42.5262595       27.164312               0
  226      36.6452082      17.9391298               0
  227      44.7481413      29.6423345               0
  228      44.9531659      29.8877256               0
  229      43.1568594      27.9865883               0
  230      44.8070619      29.7794124               0
  231      44.6399266      29.6113278               0
  232              45              30               0
  233      44.3515678      29.3502787               0
  234       44.847775      29.8820817               0
  235      43.5517675      28.5288708               0
  236      43.9486889      28.9837707               0
  237      44.7077919      29.7833736               0
  238      44.8946276      29.9940094               0
  239       44.421465      29.5358193               0
  240       44.748505      29.8860429               0
  241      44.5995771      29.7523668               0
  242      44.9175779      30.0824221               0
  243      44.7892181      29.9887122               0
  244      44.4913623        29.72136               0
  245      44.6352188      29.8815259               0
  246      39.8758566      24.1132924               0
  247       44.812187      30.0767782               0
  248      44.2849877      29.5451337               0
  249      44.0388956      29.3041085               0
  250      43.6389955      28.8934046               0
  251      42.6969971      27.8370535               0
  252      44.6759479      29.9837948               0
  253       44.527004      29.8505191               0
  254      44.8351558      30.1648442               0
  255      43.2225981       28.513031               0
  256       44.354885      29.7306744               0
  257      44.1336967      29.5157333               0
  258      44.5626457      29.9796782               0
  259      44.4053161      29.8474528               0
  260       44.706252      30.1827132               0
  261      44.2184077      29.7399887               0
  262      44.4409694      29.9761501               0
  263      44.7292208      30.2707792               0
  264      43.7262235      29.2579384               0
  265      43.3449815      28.8505021               0
  266      41.6322289      26.8526387               0
  267      44.5929658      30.1781962               0
  268      44.2688388      29.8567671               0
  269      44.4986173      30.1045226               0
  270      37.3210555      20.4681063               0
  271      44.0671166      29.7105883               0
  272      44.3192698      29.9735456               0
  273      43.8210245      29.4695631               0
  274      42.8934288      28.4971912               0
  275      44.1382281      29.8555316               0
  276      44.3769293      30.1014562               0
  277      44.6232858      30.3767142               0
  278      40.2833737      25.3185159               0
  279      44.5289373      30.3030405               0
  280      43.9158256      29.6811879               0
  281      44.1886642      29.9717782               0
  282      44.4345888      30.2293669               0
  283        43.68952       29.483478               0
  284      43.4322095      29.2150359               0
  285      44.2680379      30.0952772               0
  286      43.9869371      29.8261312               0
  287      44.3256974      30.2231879               0
  288      43.0158121      28.8346623               0
  289      44.0580486      29.9710745               0
  290       43.784321      29.6951028               0
  291      43.5425358      29.4467814               0
  292      44.1374273      30.0940417               0
  293      41.8029665      27.5253803               0
  294      43.8468721      29.8271702               0
  295       44.216806      30.2170089               0
  296      44.4876336      30.5123664               0
  297      44.3932851      30.4386927               0
  298      42.4335665      28.3476565               0
  299       43.917979      29.9715018               0
  300      43.6528164      29.7090176               0
  301      43.1381954      29.1721334               0
  302      43.9890951      30.1170567               0
  303      43.7153675       29.841085               0
  304      44.2843938      30.4325137               0
  305      44.0684738      30.2400239               0
  306      43.5058323       29.672321               0
  307      43.2485218      29.4038789               0
  308      43.7779186      29.9731524               0
  309      37.8173963      22.2190418               0
  310      43.8490301      30.1180957               0
  311      44.3519815      30.6480185               0
  312      43.5653109      29.8449137               0
  313      43.3588482      29.6356245               0
  314      44.1360615      30.4555287               0
  315      42.6009166       28.821292               0
  316      43.9201416      30.2630389               0
  317      43.6278441      29.9762789               0
  318      41.9737041      28.1981218               0
  319      43.4183268      29.8082172               0
  320      43.0698039      29.4353719               0
  321      43.7068666      30.1309062               0
  322        41.36325      27.5540593               0
  323      43.7779781      30.2758495               0
  324         42.7233      29.1587631               0
  325      43.4778054      29.9808099               0
  326      43.1801303      29.6671174               0
  327       43.257742      29.8154309               0
  328        43.55681      30.1347349               0
  329      42.8674174      29.4127678               0
  330       44.036403      30.6644038               0
  331      44.1790923      30.8209077               0
  332      43.8204831       30.471914               0
  333      43.6358146        30.28866               0
  334      42.1410543      28.6717572               0
  335      43.3171845      29.9872189               0
  336      43.0014124      29.6986104               0
  337      43.4273873      30.1635372               0
  338      40.3805001      26.6165316               0
  339      43.0790241      29.8469239               0
  340      43.6783196      30.4847246               0
  341      43.5063919      30.3174622               0
  342      43.1566358      29.9952373               0
  343      41.5339876      28.2268008               0
  344      43.2668025      30.1707509               0
  345      42.7990259      29.6760063               0
  346      42.3084045      29.1453927               0
  347      43.7208245      30.6807891               0
  348      43.5488969      30.5135268               0
  349      43.8635138       30.837293               0
  350      38.3137371      23.9699774               0
  351      43.3769692      30.3462645               0
  352      44.0062031      30.9937969               0
  353      42.9073833      29.8582064               0
  354      34.9322037      17.8136501               0
  355       42.452522      29.3993974               0
  356      42.9849345      30.0055994               0
  357      40.7340526       27.437849               0
  358      43.0980334      30.1543827               0
  359      42.5966395      29.6534021               0
  360         43.2082      30.3298962               0
  361      41.6980273       28.668973               0
  362      42.7049968      29.8356022               0
  363      42.2814519       29.432604               0
  364      42.8133542      30.0178023               0
  365      32.5181339      11.5674445               0
  366      42.9263926      30.1656652               0
  367      43.4760641      30.7496757               0
  368      43.3041364      30.5824134               0
  369      43.0394309       30.313528               0
  370      42.4255694      29.6866087               0
  371      42.5217908      29.8517348               0
  372      41.8653774      29.1426084               0
  373      43.6444739      31.0563329               0
  374      41.0942711      28.2554798               0
  375      43.7871632      31.2128368               0
  376      43.1353673      30.5660452               0
  377      42.6300556      30.0328845               0
  378      38.7212541      25.1752009               0
  379      42.0488456      29.4181728               0
  380      42.7385055       30.216135               0
  381      33.4800517      15.2116088               0
  382      42.8515439      30.3639979               0
  383      42.2544994      29.7198152               0
  384      43.2313037      30.8185624               0
  385      42.3507207      29.8849414               0
  386      41.2583108       28.697652               0
  387      42.4469421      30.0500676               0
  388      36.6272315      22.1505859               0
  389      42.9474803      30.6165151               0
  390       35.608051      20.3426265               0
  391      42.5552994      30.2322676               0
  392      43.3997135      31.1252195               0
  393       42.021893      29.7053841               0
  394      42.6636568      30.4144677               0
  395      42.1554707      29.9068119               0
  396      43.5681233      31.4318767               0
  397      41.4223504      29.1398241               0
  398       42.251558      30.0707421               0
  399      42.3883366      30.2349956               0
  400      41.6058185      29.4153885               0
  401      42.4966939      30.4171957               0
  402      39.1287712      26.3804244               0
  403      40.4650737      28.1392695               0
  404      41.7892866       29.690953               0
  405      42.9023885      30.9029752               0
  406      41.9228643      29.8923808               0
  407      42.0564419      30.0938086               0
  408       42.618565      30.7009279               0
  409      42.1930865      30.2568661               0
  410        40.80537      28.6864633               0
  411      42.3297311      30.4199236               0
  412      41.4126333       29.463535               0
  413      41.5961014      29.7390994               0
  414      39.4823237      27.2017418               0
  415      43.1242707      31.4006624               0
  416      42.4516022      30.7036558               0
  417      41.7151363      29.9209918               0
  418      37.1235723      23.9015214               0
  419      41.8485269      30.1210617               0
  420      40.9694096      29.1286355               0
  421      41.9822916      30.3238475               0
  422       41.187253      29.4451976               0
  423      42.1189362       30.486905               0
  424      43.2926804      31.7073196               0
  425      42.5734733       30.987388               0
  426      37.8522636      25.1555895               0
  427      41.4029162      29.7872459               0
  428      41.5219511      29.9691383               0
  429      42.2408073      30.7706372               0
  430      39.8358762      28.0230593               0
  431       41.640986      30.1510307               0
  432      41.7745636      30.3524585               0
  433      42.7953554      31.4850752               0
  434      41.9081413      30.5538863               0
  435      40.1761725      28.5702531               0
  436      41.1775359      29.7689085               0
  437      41.3013729      30.0056152               0
  438      40.5164688      29.1174469               0
  439      41.5853061      30.3650219               0
  440      41.4201535      30.1859702               0
  441      40.7343122       29.434009               0
  442      41.7188838      30.5664498               0
  443      42.2059143      31.0992589               0
  444      29.9487544        3.763589               0
  445      40.9521556      29.7505712               0
  446      38.2597806       26.360813               0
  447      43.0172376      31.9827624               0
  448      30.4364136      7.82450138               0
  449      38.8246853      27.2213129               0
  450      41.0759926      29.9872778               0
  451      41.8732484      30.8825081               0
  452      41.5296262      30.5790132               0
  453      41.3647279      30.4014989               0
  454      41.1998296      30.2239845               0
  455      42.4277965      31.5969462               0
  456      40.4777233      29.5185968               0
  457      41.6839908      30.8950715               0
  458      40.6955667      29.8351589               0
  459      40.8422732      30.0328751               0
  460      39.1782378      28.0426303               0
  461      41.8383554      31.2111299               0
  462      40.9657717      30.2678466               0
  463      41.2952226      30.6670239               0
  464      41.1303243      30.4895095               0
  465      39.5300901       28.655636               0
  466      40.1764008      29.5360175               0
  467      41.4495872      30.9830822               0
  468      39.8703864      29.2028298               0
  469      40.4389778      29.9197467               0
  470      42.6740825      32.3259175               0
  471      40.5856843      30.1174628               0
  472       34.914227      22.0251062               0
  473      40.7323908      30.3151789               0
  474      35.9334075      23.8330655               0
  475      40.8966049      30.5351067               0
  476       41.060819      30.7550345               0
  477      33.8950465      20.2171468               0
  478      36.6620988      25.0871336               0
  479      42.0846414      31.9401012               0
  480        37.39079      26.3412016               0
  481      41.4313547      31.3577268               0
  482      40.6837203      30.5614292               0
  483      40.1376553      29.9371674               0
  484      40.3386365      30.1735686               0
  485      37.9556947      27.2017015               0
  486      40.4848999      30.3693335               0
  487      40.8479344       30.781357               0
  488      38.5205994      28.0622014               0
  489      32.4428946      17.6151055               0
  490      41.0425865      31.1296791               0
  491      38.8724517      28.6752071               0
  492      40.6350498      30.8076794               0
  493      40.4366725       30.617535               0
  494      39.8363328      29.9545881               0
  495       40.037314      30.1909893               0
  496      40.2382953      30.4273905               0
  497      42.3309274      32.6690726               0
  498      39.5303184      29.6214004               0
  499      39.2243039      29.2882128               0
  500      40.8297019      31.1560015               0
  501      41.6776407      32.0866981               0
  502      28.6720239               0               0
  503       41.024354      31.5043236               0
  504      40.3772199      30.9220746               0
  505      39.7768801      30.2591277               0
  506      39.9772895      30.4933431               0
  507      40.1788426      30.7319301               0
  508       39.581087      30.0535836               0
  509      39.2750725      29.7203959               0
  510      30.9907426      15.0130642               0
  511       40.571872      31.2703966               0
  512      39.7174275      30.5636673               0
  513      39.9184087      30.8000685               0
  514      40.1193899      31.0364697               0
  515      39.5216343      30.3581232               0
  516      39.3258411      30.1525791               0
  517      37.1051002      27.3301195               0
  518      38.2132772      28.8081671               0
  519      38.9527289      29.7586569               0
  520      37.6700049      28.1906195               0
  521      41.9083161      33.0916839               0
  522      35.5868653      25.2414639               0
  523      38.5651295      29.4211728               0
  524      41.2550293      32.5093095               0
  525      40.4495833        31.65485               0
  526      36.3155566       26.495532               0
  527      39.6655506      30.8888506               0
  528      39.8665318      31.1252518               0
  529      39.4429786      30.6430588               0
  530      39.2479143      30.4399528               0
  531      39.0034975      30.1908401               0
  532      39.9971013      31.4209231               0
  533      34.4426743      24.0462652               0
  534      33.4234937      22.2383059               0
  535      39.6136737      31.2140339               0
  536      39.3918305      30.9706802               0
  537      39.1699874      30.7273264               0
  538      38.9255707      30.4782138               0
  539      40.6303763       32.396218               0
  540      38.6811539      30.2291011               0
  541      39.7442431      31.5097052               0
  542      38.2935545       29.891617               0
  543      39.8748126      31.8053765               0
  544      41.4857047      33.5142953               0
  545       37.905955      29.5541328               0
  546      28.9090224      11.2701211               0
  547        39.34953      31.3171009               0
  548      39.1276869      31.0737471               0
  549      37.3626827      28.9365851               0
  550      38.8823516      30.8219279               0
  551      38.6388534      30.5755219               0
  552      36.8194104      28.3190375               0
  553      39.4800995      31.6127722               0
  554      38.3701401      30.3221337               0
  555      37.9825406      29.9846495               0
  556      36.0298667      27.4844499               0
  557      39.0853864      31.4201679               0
  558      38.8409697      31.1710552               0
  559      40.0556056      32.5467444               0
  560      40.8610517      33.4012038               0
  561      38.5965529      30.9219426               0
  562      38.3278396      30.6685544               0
  563      39.4243644      31.9929885               0
  564      31.7776763      20.5197309               0
  565      38.0591262      30.4151662               0
  566      35.2403231      26.6498623               0
  567      37.6573421      30.0968658               0
  568      38.8104795      31.5391351               0
  569      39.0296513      31.8003842               0
  570      38.5660628      31.2900225               0
  571      38.2962037      31.0336451               0
  572      38.0286361       30.783246               0
  573      40.9725343      34.0274657               0
  574      37.1872455      29.7689558               0
  575      40.2363987      33.2881124               0
  576      30.3255243      17.9176896               0
  577      37.7339277      30.5273825               0
  578      36.6439732      29.1514082               0
  579       34.096132      25.4546636               0
  580      39.6051574      32.7343565               0
  581      38.5355727      31.6581024               0
  582      38.7547444      31.9193515               0
  583      38.9739161      32.1806006               0
  584      38.2668593      31.4047141               0
  585       37.998146      31.1513259               0
  586      37.7034376      30.8954624               0
  587      35.9198641      28.6280473               0
  588      40.3478813      33.9143742               0
  589      37.4087291      30.6395989               0
  590       32.951941      24.2594649               0
  591      38.2506462      31.7946582               0
  592      38.4698179      32.0559073               0
  593      35.1303205      27.7934597               0
  594      37.9819329      31.5412699               0
  595      36.9386326      30.3116889               0
  596       37.685809      31.2821241               0
  597       37.392516      31.0295429               0
  598      26.8273021        7.527178               0
  599      39.1910027      33.1343715               0
  600       36.468536      29.9837788               0
  601      37.0701819      30.7733455               0
  602       40.459364       34.540636               0
  603      38.5597614      32.5806156               0
  604      37.9657197       31.931214               0
  605      37.6710113      31.6753504               0
  606      36.6000854      30.4454355               0
  607      37.3763028      31.4194869               0
  608      35.7444269       29.460418               0
  609      37.0539688      31.1632895               0
  610      39.3024853      33.7606334               0
  611      31.3061235        22.54089               0
  612      38.0556632      32.4559223               0
  613      37.6823756      32.0314917               0
  614      36.7316347      30.9070922               0
  615      33.9369316      27.1015784               0
  616      37.3876672      31.7756282               0
  617      35.0203178      28.9370572               0
  618       37.052991      31.5714551               0
  619      36.2493697      30.6031532               0
  620      36.7323894      31.3188394               0
  621      37.7723191         32.5562               0
  622      38.1456066      32.9806307               0
  623      37.3990316      32.1317694               0
  624      27.9586897      15.4462497               0
  625      32.7927406      25.9063797               0
  626       36.380919      31.0648099               0
  627      37.0660878       31.931178               0
  628      25.5505717        3.763589               0
  629        35.82535      30.4191185               0
  630       39.852172       35.147828               0
  631      36.7331441      31.7305866               0
  632      36.3816737      31.4765571               0
  633      37.4599956      32.7887798               0
  634      37.0867081      32.3643492               0
  635      35.1012409      29.8957576               0
  636      29.6603061      20.8223151               0
  637       33.826929      28.2451758               0
  638      36.0302033      31.2225276               0
  639      36.7537644      32.1637578               0
  640      38.6952933      34.3678253               0
  641      36.4001925      31.9058472               0
  642      35.6061836      31.0384929               0
  643      36.0508235      31.6556988               0
  644      36.7743847      32.5969289               0
  645      37.3766746      33.3180872               0
  646      35.7393072      31.4355973               0
  647      36.4229143      32.3428994               0
  648      35.1821639      30.8544581               0
  649      37.8060337      34.0565559               0
  650      36.0714438      32.0888699               0
  651      31.0771367      24.9093874               0
  652      25.8769694      11.7033066               0
  653      35.3152875      31.2515626               0
  654      32.6335402      27.5532945               0
  655      35.7599275      31.8687685               0
  656        39.24498        35.75502               0
  657      36.4664765      32.7967426               0
  658      36.6910637      33.1262363               0
  659      34.2793094      30.1219466               0
  660      35.4484111       31.648667               0
  661       36.115006      32.5427131               0
  662      24.2738412               0               0
  663       35.730542       32.289552               0
  664      35.4215521      32.0736237               0
  665      36.1585682      32.9965563               0
  666      34.8846891      31.4411701               0
  667      38.3557204      35.4437505               0
  668      36.3831554        33.32605               0
  669      36.6077426      33.6555437               0
  670      35.7766307      32.7475684               0
  671      35.0178127      31.8382746               0
  672      27.2934714      18.3508751               0
  673      29.4313192      23.1908125               0
  674      33.3825267      29.7442025               0
  675      34.3602325       31.080647               0
  676      37.0371017      34.3940124               0
  677      35.3946931      32.4985804               0
  678      35.8444511      33.2099482               0
  679      38.6669899      36.3330101               0
  680      36.0690383      33.5394419               0
  681      34.9909537      32.2632313               0
  682      37.4664608      35.1324811               0
  683      30.9179363      26.5563022               0
  684      35.4625135      32.9609602               0
  685      34.5872144      32.0278821               0
  686      35.0559042      32.7213646               0
  687       35.530334        33.42334               0
  688      32.1891378      29.0523212               0
  689      34.0627577      31.6673591               0
  690      37.7777303      36.0217406               0
  691      34.6550348      32.4902619               0
  692      36.0894221      34.2294346               0
  693      35.1265946      33.1879909               0
  694       33.538301       31.306836               0
  695      34.2437756      32.2774936               0
  696      36.5187812      34.9679032               0
  697      34.7228552      32.9526418               0
  698      35.2167563      33.6421664               0
  699      35.5507177      34.1133327               0
  700      33.7193189      31.9169706               0
  701      38.0889998      36.9110002               0
  702       34.311596      32.7398735               0
  703      34.8130169      33.4068172               0
  704      33.9003368      32.5271052               0
  705      30.9985309      28.5039205               0
  706       34.398734       33.190027               0
  707      29.2023324      25.5593099               0
  708      32.6415182      30.9290919               0
  709      34.9031786      33.8609927               0
  710      24.9266367      15.8794352               0
  711        35.23714      34.3321591               0
  712      35.5711015      34.8033254               0
  713      33.9904985      32.9812806               0
  714      34.4919194      33.6482244               0
  715      26.9641679      21.7569698               0
  716      34.0806601      33.4354561               0
  717      32.8450471      31.8806621               0
  718      34.6035315      34.0930635               0
  719      36.4595734      36.1792679               0
  720       33.572887      32.8606781               0
  721       34.937493      34.5642299               0
  722      31.7447355      30.5513479               0
  723      37.5415495      37.4584505               0
  724      34.1922723      33.8802952               0
  725       33.026065      32.4907967               0
  726      33.6630486      33.3148536               0
  727      34.3038844      34.3251344               0
  728      33.7717743      33.6863246               0
  729      36.7708428      37.0685275               0
  730      34.9151208      35.1827342               0
  731      33.2454371       33.194251               0
  732      31.9482643      31.5029181               0
  733       29.282927      27.5069282               0
  734      33.8865458      34.1349566               0
  735      35.5118937      36.0146901               0
  736      33.3573221      33.5695149               0
  737      32.6986152      32.8243697               0
  738      34.0186606      34.5694135               0
  739      30.5541286      30.0029472               0
  740      33.4692072      33.9447788               0
  741      34.2815123      34.9436387               0
  742      32.9353128      33.4018389               0
  743      36.9940993      38.0059007               0
  744      32.1517932      32.4544883               0
  745      33.6013219      34.3792357               0
  746      33.0471978      33.7771028               0
  747      32.3884908      33.0319576               0
  748      31.0368816      31.2216505               0
  749      26.7351811      24.1254672               0
  750      24.5973333      19.2855299               0
  751      33.7334367      34.8136926               0
  752      36.2233926      37.6159777               0
  753      33.1760355      34.2079988               0
  754      33.9962884      35.1879178               0
  755      34.2591401      35.5621429               0
  756      32.6251884      33.6094268               0
  757       34.855913      36.3940988               0
  758      33.3114273      34.6460167               0
  759      32.7573032      34.0438838               0
  760      35.4526859      37.2260547               0
  761      31.2404104      32.1732207               0
  762      29.3635217      29.4545466               0
  763      33.4630481      35.0691337               0
  764      33.7258998      35.4433589               0
  765       32.889418      34.4783407               0
  766      36.4781406      38.5218594               0
  767      20.8863992      6.68474603               0
  768      32.3384819      33.9663413               0
  769      20.4638791               0               0
  770      33.0410387      34.9014578               0
  771      29.8462747      30.6732498               0
  772      31.5332772      33.0809426               0
  773      32.4705967      34.4007983               0
  774      33.1926595      35.3245748               0
  775      35.7074339      38.1319364               0
  776      31.7699748      33.6584119               0
  777      32.6123518      34.7527742               0
  778      33.7801063      36.2211093               0
  779      30.3290276      31.8919531               0
  780      32.7673495      35.1792188               0
  781      32.0517754      34.3232558               0
  782      34.3768792      37.0530651               0
  783      32.1969075      34.6785593               0
  784      32.8829342      35.5875374               0
  785      35.0684827      38.0850693               0
  786      30.6218944       32.799675               0
  787       33.246866      36.1023252               0
  788      32.3420396      35.0338629               0
  789      35.9621819      39.0378181               0
  790      31.4832683      34.0153264               0
  791      31.7696226      34.5552538               0
  792      32.4576242      35.4421814               0
  793      28.6824236      30.4604468               0
  794      31.9147547      34.9105573               0
  795      19.6096688      2.92115704               0
  796      30.9147612      33.7073969               0
  797      26.8925113      27.7315906               0
  798      32.5732088         35.8505               0
  799      24.2680298      22.6916246               0
  800      32.0813842      35.3183724               0
  801      31.2011155      34.2473244               0
  802      32.9371407      36.3652878               0
  803      35.3232307      38.9909511               0
  804      33.3010725      36.8800756               0
  805      31.4874697      34.7872518               0
  806      29.1651766        31.67915               0
  807      32.2004286       35.729785               0
  808      29.7073149      32.6122912               0
  809      31.6575591      35.1981609               0
  810       33.992676      37.9120798               0
  811      32.3879165      36.1277083               0
  812      35.4810909      39.5189091               0
  813      32.7518484      36.6424961               0
  814      31.8276484        35.60907               0
  815      34.6842795       38.944084               0
  816      32.0151363      36.0069933               0
  817      30.0001817      33.5200131               0
  818      19.9360665      10.8608746               0
  819      31.2423264      35.1619248               0
  820      32.2026242      36.4049166               0
  821      31.4124158      35.5728339               0
  822      34.8421398       39.472042               0
  823      32.8755426      37.3953952               0
  824      30.3735882      34.3756626               0
  825      31.5836259      35.9025253               0
  826      33.3089397      37.9225338               0
  827      30.6599425        34.91559               0
  828      31.7746396      36.3033102               0
  829      26.9731059      29.6792089               0
  830      34.0005432      38.9545379               0
  831      28.0013256       31.466347               0
  832      30.9971832      35.5365978               0
  833              35              40               0
  834      31.9249001      36.6900943               0
  835      32.3263184      37.1578157               0
  836      31.1719191      35.8691508               0
  837      28.5434639      32.3994882               0
  838      31.3466551      36.2017038               0
  839      34.2496936       39.472042               0
  840      29.0856022      33.3326294               0
  841      31.4969155      36.5884879               0
  842      30.4147992       35.290263               0
  843      30.7444553      35.7888165               0
  844      29.4590087      34.1882788               0
  845      31.6471759      36.9752721               0
  846      32.0485942      37.4429934               0
  847      32.4500126      37.9107148               0
  848      34.4075538              40               0
  849      30.9191913      36.1213695               0
  850        24.42536      26.2977479               0
  851      32.8834098      38.4378533               0
  852      33.3168069      38.9649919               0
  853      31.1194072      36.5029877               0
  854      29.8324152      35.0439282               0
  855      31.2732433      36.8924034               0
  856      30.1620713      35.5424818               0
  857      33.5659573      39.4824959               0
  858      30.4917275      36.0410353               0
  859      31.4922264      37.2623812               0
  860      31.8936447      37.7301026               0
  861      30.6955191       36.425285               0
  862      33.8151076              40               0
  863      30.8993107      36.8095348               0
  864      27.3235559      32.1075407               0
  865      31.1182938      37.1795126               0
  866      27.8656942      33.0406819               0
  867      26.2920078      30.6851091               0
  868      31.3372769      37.5494903               0
  869      31.7964566      38.0809682               0
  870      33.0676566      39.4824959               0
  871      28.5516878      34.0908351               0
  872      30.2881918      36.4280749               0
  873      32.0809653      38.5904113               0
  874      32.5143625      39.1175499               0
  875      30.4919834      36.8123247               0
  876      33.3168069              40               0
  877      30.6889021      37.1175493               0
  878      28.9250943      34.9464845               0
  879      30.9114953      37.4899321               0
  880      31.2400888      37.9003559               0
  881      29.3696159      35.7434331               0
  882      29.6992721      36.2419866               0
  883      30.0846562      36.8151146               0
  884      30.2851849      37.1227442               0
  885      32.8185062              40               0
  886      30.4857137      37.4303738               0
  887      30.8143072      37.8407977               0
  888      31.1429007      38.2512215               0
  889      32.2652122      39.6350539               0
  890      31.4274094      38.7606647               0
  891       16.653917               0               0
  892      26.6457861      32.7487345               0
  893      29.4957364      36.6290262               0
  894      29.8621844       37.083403               0
  895      27.3317798      33.7988876               0
  896      31.7119181      39.2701079               0
  897      32.3728784              40               0
  898      30.0627132      37.3910326               0
  899      25.6142381      31.3263029               0
  900      28.0177735      34.8490408               0
  901      30.2921359      37.7440452               0
  902       30.624359      38.1566518               0
  903      31.8195844      39.6350539               0
  904      24.5826901      29.9038713               0
  905      28.4622951      35.6459893               0
  906       30.954783      38.7678909               0
  907      29.2732647      36.8973146               0
  908      28.9068167      36.4429379               0
  909      29.6397126      37.3516914               0
  910      31.9272506              40               0
  911      31.2392917      39.2773341               0
  912       29.872765      37.7068868               0
  913      19.5400466      19.6546449               0
  914      30.1058174      38.0620821               0
  915      31.4115146      39.6350539               0
  916      17.9815828      14.9491521               0
  917      30.4362414      38.6733212               0
  918      31.5191809              40               0
  919      29.4771319          37.746               0
  920      30.7666654      39.2845603               0
  921      26.6027823      34.0521271               0
  922      29.7101843      38.1011954               0
  923      29.9289927      38.3803655               0
  924       27.288776      35.1022802               0
  925      30.9388883      39.6422801               0
  926      15.7997067      2.92115704               0
  927      30.2630519      38.9935705               0
  928      31.1111111              40               0
  929      30.4366542      39.3145419               0
  930      28.5219874      37.1635747               0
  931      28.8884354      37.6179515               0
  932      29.3145512      38.1403086               0
  933      29.5369948      38.4214447               0
  934      30.5944425      39.6422801               0
  935      29.7594385      38.7025807               0
  936      29.9330407      39.0235521               0
  937      30.7666654              40               0
  938      27.4622553      36.0249397               0
  939       30.106643      39.3445235               0
  940      27.9067769      36.8218882               0
  941      30.2644313      39.6722617               0
  942      29.1225904       38.420643               0
  943       29.345034       38.701779               0
  944       29.599224      39.0244643               0
  945      28.7258547      38.0122601               0
  946      30.4222197              40               0
  947      29.7764541       39.347191               0
  948      26.5597785      35.3555197               0
  949      29.9488547      39.6722617               0
  950       30.106643              40               0
  951      28.9306295      38.7009773               0
  952      29.1884473      39.0254179               0
  953      29.4462652      39.3498584               0
  954      28.5338938      38.2925944               0
  955      28.1371581      37.8842115               0
  956      29.6186657      39.6749292               0
  957      14.9454963      5.84231407               0
  958      29.7910663              40               0
  959      19.2107432      23.0607395               0
  960      26.7332578      36.2781791               0
  961      29.3028795      39.6733869               0
  962      27.5219476       37.542525               0
  963      25.0682601      34.2471257               0
  964      28.6293414      38.9693624               0
  965      28.8871592       39.293803               0
  966      29.4788665              40               0
  967      28.2326057      38.5609795               0
  968      26.9067371      37.2008385               0
  969      29.1666667              40               0
  970      27.6538391      38.2337835               0
  971      20.0039833       26.100059               0
  972      25.9696483      36.0856853               0
  973      23.8344771      33.0037451               0
  974        28.74736      39.6188738               0
  975      28.3280533      39.2377475               0
  976      22.8029291      31.5813134               0
  977      28.8025431              40               0
  978      27.0386286       37.892097               0
  979      28.3832364      39.6188738               0
  980      27.7492867      38.9105515               0
  981      26.1431276      37.0083447               0
  982      25.0252563      35.5505183               0
  983      27.9235249      39.3106625               0
  984      28.4384196              40               0
  985       28.071912      39.6188738               0
  986      27.1705201      38.5833554               0
  987      26.4737121      37.7230945               0
  988      27.3447583      38.9834665               0
  989      13.3951712               0               0
  990      28.1270952              40               0
  991      27.5189965      39.3835775               0
  992      27.6673836      39.6917888               0
  993      25.3795181      36.8158509               0
  994      26.6056036       38.414353               0
  995      27.0623751      39.0298999               0
  996      27.8157707              40               0
  997      27.2366133       39.430011               0
  998      25.7101026      37.5306007               0
  999      27.3706093      39.6917888               0
 1000      27.5189965              40               0
 1001      26.6797877      38.9993224               0
 1002       26.040687      38.2453505               0
 1003      26.9542302      39.4764445               0
 1004      24.4351261      36.2806839               0
 1005      27.0882262      39.7382222               0
 1006      27.2222222              40               0
 1007      20.1613134      29.7061823               0
 1008      26.1148712      38.8303199               0
 1009      26.8122935      39.7382222               0
 1010      26.5716427      39.4458669               0
 1011      24.8256685      37.2934803               0
 1012      26.9462896              40               0
 1013      12.5409609      2.92115704               0
 1014       25.156253      38.0082301               0
 1015      23.4907341      35.7455169               0
 1016      26.6703569              40               0
 1017      26.4297061      39.7076447               0
 1018      26.1890553      39.4152894               0
 1019      12.9910126      9.93059157               0
 1020      25.4469836      38.6674304               0
 1021      23.8812765      36.7583133               0
 1022      26.3488131              40               0
 1023      26.1081623      39.7076447               0
 1024      22.2569511      34.5021363               0
 1025      25.5211677      39.2523999               0
 1026      26.0272694              40               0
 1027       24.271819      37.7711097               0
 1028      25.7403436      39.7076447               0
 1029      21.0231681      33.2587556               0
 1030      24.5625495      38.4303101               0
 1031      25.6594506              40               0
 1032      24.8532801      39.0895104               0
 1033       23.017593      36.7446935               0
 1034      25.0724559      39.5447552               0
 1035      25.2916318              40               0
 1036      23.9610714      38.4211138               0
 1037      23.4081354      37.7574899               0
 1038      22.2782925      36.2536386               0
 1039      24.6341042      39.5447552               0
 1040      24.2518019      39.0803141               0
 1041      11.1624283      5.78447299               0
 1042      24.8532801              40               0
 1043      21.0445095       35.010258               0
 1044      24.4149283              40               0
 1045       24.032626      39.5355589               0
 1046      23.6503238      39.0711179               0
 1047      23.0973878       38.407494               0
 1048      22.5444518      37.7438702               0
 1049      18.3815524      31.3836245               0
 1050      10.1364254               0               0
 1051      23.8741308              40               0
 1052      23.4918285      39.5355589               0
 1053      21.8051514      37.2528152               0
 1054      12.5949927      18.7243618               0
 1055      14.1534566      23.4298545               0
 1056      19.0137325      33.5141024               0
 1057      21.0658509      36.7617603               0
 1058      22.5699279      38.8862166               0
 1059      22.0169919      38.2225928               0
 1060      23.3333333              40               0
 1061      22.8825512      39.5355589               0
 1062      11.0365288      14.0188691               0
 1063      19.6007358      35.0264189               0
 1064      14.9466967      26.4691739               0
 1065      21.2776914      37.7315379               0
 1066       22.724056              40               0
 1067       21.489532      38.7013154               0
 1068      20.6101079      37.6436011               0
 1069      21.8021553      39.3506577               0
 1070      15.7399367      29.5084933               0
 1071      8.75789285      2.86331596               0
 1072      22.1147787              40               0
 1073      19.6220772      36.7779212               0
 1074      9.20794455      9.87275049               0
 1075      20.8219484      38.6133787               0
 1076      16.3721168      31.6389713               0
 1077      21.1769086      39.3506577               0
 1078       21.489532              40               0
 1079      20.1543648      38.5254419               0
 1080      17.0042969      33.7694492               0
 1081       20.509325      39.2627209               0
 1082      13.1706624      26.4132767               0
 1083      20.8642852              40               0
 1084      19.1663341       37.659762               0
 1085      17.5913001      35.2817656               0
 1086      19.4828694      38.6052534               0
 1087      7.37936029               0               0
 1088      18.1783034      36.7940821               0
 1089      19.7994046      39.2627209               0
 1090      13.9639025      29.4525961               0
 1091      7.37936029      5.72663191               0
 1092      20.1543648              40               0
 1093      14.8917635        31.56256               0
 1094      18.4948387      37.7395735               0
 1095      18.8113739      38.6850649               0
 1096      19.1279092      39.3425324               0
 1097      15.5239436      33.6930379               0
 1098      19.4444444              40               0
 1099      17.9205519       37.804067               0
 1100      16.1692028      35.1602374               0
 1101      18.2370872      38.7495584               0
 1102      16.7562061      36.6725539               0
 1103      18.4948387      39.3425324               0
 1104      18.8113739              40               0
 1105      17.2060812      37.6925974               0
 1106      6.00082774      2.86331596               0
 1107      17.6628004      38.8140519               0
 1108      12.1878682      29.3966989               0
 1109      17.9205519       39.407026               0
 1110      13.1157292      31.5066628               0
 1111      18.1783034              40               0
 1112      14.0435902      33.6166267               0
 1113      10.4068906      26.3696523               0
 1114      16.9483297      38.7025823               0
 1115      14.6888495      35.0838262               0
 1116      17.2874814       39.407026               0
 1117      15.3341088      36.5510256               0
 1118      17.5452329              40               0
 1119      15.7839839      37.5710691               0
 1120       16.233859      38.5911127               0
 1121      4.62229519               0               0
 1122      16.5730107      39.2955563               0
 1123      16.9121624              40               0
 1124      5.51826441      12.4969256               0
 1125      13.3523896       35.062751               0
 1126      15.8947073      39.2955563               0
 1127      14.7645449      37.5797639               0
 1128       16.233859              40               0
 1129      13.9976489      36.5299504               0
 1130       11.193879      31.4763285               0
 1131        15.21442      38.5998075               0
 1132      7.07672829      21.3741208               0
 1133        12.12174      33.5862924               0
 1134      5.51826441       16.668628               0
 1135      3.68968015      5.22041123               0
 1136      15.5555556              40               0
 1137      3.68968015      8.35080704               0
 1138      14.8752683      39.3042511               0
 1139      9.42409638      29.3530745               0
 1140       14.194981      38.6085023               0
 1141       13.428085      37.5586888               0
 1142       12.661189      36.5088753               0
 1143      14.6370312              40               0
 1144      11.4305394      35.0324167               0
 1145      13.9567439      39.3042511               0
 1146      2.31114759               0               0
 1147      2.31114759      2.35709527               0
 1148      10.1998898       33.555958               0
 1149      13.7185069              40               0
 1150      12.9308238      39.3042511               0
 1151      12.1639278      38.2544376               0
 1152      8.43010716      31.4327041               0
 1153      12.6925868              40               0
 1154      6.66032455      29.3094501               0
 1155      11.6666667              40               0
 1156               0               0               0
 1157               0      2.35709527               0
 1158               0      4.71419055               0
 1159      10.2194834      38.2544376               0
 1160               0      7.84458636               0
 1161      8.01661155      34.7586002               0
 1162      8.98883378       36.777979               0
 1163      3.33016227      24.3139186               0
 1164               0      10.9749822               0
 1165      6.24682894      32.6353463               0
 1166               0      15.1466846               0
 1167      9.72222222              40               0
 1168      3.33016227      28.7796525               0
 1169               0       19.318387               0
 1170      5.83333333      35.9612424               0
 1171      6.80555556      37.9806212               0
 1172      7.77777778              40               0
 1173      3.33016227      32.1763657               0
 1174               0      23.7841209               0
 1175      4.86111111      37.9806212               0
 1176      5.83333333              40               0
 1177               0      28.2498548               0
 1178      2.91666667      35.5022618               0
 1179               0       31.646568               0
 1180      3.88888889              40               0
 1181      1.94444444      37.5216406               0
 1182               0      35.0432812               0
 1183      1.94444444              40               0
 1184               0      37.5216406               0
 1185               0              40               0
