1 232 243 224 238 234 228
2 243 258 237 252 245 240
3 258 272 244 262 259 253
4 224 243 237 234 240 230
5 224 237 217 230 227 220
6 232 224 208 228 216 218
7 272 289 261 281 275 268
8 237 258 244 245 253 241
9 237 244 217 241 231 227
10 289 308 280 299 294 286
11 244 272 261 259 268 256
12 244 261 233 256 248 239
13 208 224 217 216 220 214
14 232 208 215 218 211 222
15 215 208 192 211 201 203
16 308 325 300 317 312 303
17 261 289 280 275 286 271
18 261 280 233 271 257 248
19 325 342 313 335 327 319
20 280 308 300 294 303 290
21 280 300 264 290 283 273
22 342 364 336 356 353 339
23 300 325 313 312 319 306
24 300 313 264 306 291 283
25 364 387 359 377 371 362
26 313 342 336 327 339 326
27 313 336 301 326 320 307
28 387 407 383 398 395 385
29 244 233 217 239 223 231
30 336 364 359 353 362 345
31 336 359 301 345 329 320
32 192 208 189 201 199 191
33 215 192 183 203 188 198
34 407 431 404 419 417 406
35 359 387 383 371 385 370
36 359 383 346 370 363 355
37 431 454 427 440 437 428
38 280 264 233 273 249 257
39 454 473 445 462 459 450
40 383 407 404 395 406 393
41 383 404 346 393 379 363
42 217 233 196 223 212 207
43 404 431 427 417 428 413
44 404 427 397 413 412 400
45 208 217 189 214 205 199
46 189 217 196 205 207 193
47 192 189 171 191 179 180
48 473 496 469 486 484 471
49 313 301 264 307 284 291
50 427 454 445 437 450 436
51 427 445 397 436 422 412
52 496 512 494 506 505 495
53 1006 1016 1003 1012 1009 1005
54 445 473 469 459 471 458
55 445 469 438 458 456 441
56 512 537 516 529 530 515
57 233 264 210 249 236 219
58 359 346 301 355 324 329
59 196 233 210 212 219 206
60 196 210 181 206 194 186
61 469 496 494 484 495 483
62 469 494 438 483 466 456
63 537 561 540 550 551 538
64 996 1006 991 1000 999 992
65 171 189 169 179 178 170
66 192 171 183 180 177 188
67 984 996 975 990 985 979
68 494 512 516 505 515 508
69 494 516 499 508 509 498
70 1003 1016 1018 1009 1017 1010
71 1006 1003 991 1005 997 999
72 991 1003 986 997 995 988
73 561 585 565 571 572 562
74 1016 1026 1018 1022 1023 1017
75 1018 1026 1035 1023 1031 1028
76 264 301 235 284 265 250
77 516 537 540 530 538 531
78 516 540 499 531 519 509
79 404 397 346 400 372 379
80 210 264 235 236 250 221
81 210 235 181 221 204 194
82 585 607 589 596 597 586
83 996 991 975 992 983 985
84 975 991 986 983 988 980
85 189 196 169 193 182 178
86 540 561 565 551 562 554
87 540 565 545 554 555 542
88 953 969 975 961 974 965
89 607 631 614 618 620 609
90 171 169 149 170 161 162
91 984 975 969 979 974 977
92 914 935 932 923 933 922
93 935 953 951 944 952 943
94 886 914 909 901 912 898
95 565 585 589 572 586 577
96 565 589 545 577 567 555
97 169 196 181 182 186 174
98 863 886 883 877 884 875
99 631 650 638 641 643 632
100 838 863 858 853 861 849
101 445 438 397 441 420 422
102 301 346 274 324 315 288
103 1003 1018 986 1010 1001 995
104 788 814 805 800 809 794
105 814 838 832 825 836 821
106 235 301 274 265 288 255
107 235 274 195 255 229 213
108 765 788 781 777 783 773
109 589 607 614 597 609 601
110 589 614 600 601 606 595
111 650 677 660 663 664 655
112 716 740 731 728 736 726
113 740 765 756 753 759 746
114 677 697 685 686 691 681
115 697 716 704 706 713 702
116 614 631 638 620 632 626
117 614 638 600 626 619 606
118 951 953 975 952 965 964
119 935 951 932 943 942 933
120 932 951 955 942 954 945
121 914 932 909 922 919 912
122 909 932 955 919 945 931
123 886 909 883 898 894 884
124 883 909 908 894 907 893
125 494 499 438 498 468 466
126 169 181 154 174 165 163
127 149 169 154 161 163 151
128 171 149 155 162 152 164
129 863 883 858 875 872 861
130 858 883 908 872 893 882
131 638 650 660 643 655 646
132 638 660 648 646 653 642
133 346 397 318 372 361 334
134 838 858 832 849 843 836
135 832 858 854 843 856 842
136 1035 1044 1032 1042 1039 1034
137 274 346 318 315 334 298
138 274 318 195 298 251 229
139 814 832 805 821 819 809
140 805 832 854 819 842 827
141 788 805 781 794 791 783
142 781 805 796 791 801 790
143 154 181 158 165 168 157
144 765 781 756 773 768 759
145 756 781 796 768 790 776
146 660 677 685 664 681 671
147 660 685 648 671 666 653
148 740 756 731 746 742 736
149 731 756 744 742 747 737
150 716 731 704 726 720 713
151 704 731 744 720 737 725
152 183 171 155 177 164 167
153 697 704 685 702 695 691
154 685 704 694 695 700 689
155 540 545 499 542 523 519
156 149 154 128 151 142 139
157 397 438 374 420 410 386
158 318 397 374 361 386 343
159 318 374 266 343 322 293
160 1032 1044 1046 1039 1045 1040
161 1035 1032 1018 1034 1025 1028
162 155 149 131 152 140 144
163 951 975 955 964 967 954
164 158 181 195 168 185 172
165 154 158 132 157 146 145
166 235 195 181 213 185 204
167 589 600 545 595 574 567
168 1044 1060 1046 1051 1052 1045
169 1046 1060 1072 1052 1066 1061
170 183 155 150 167 153 166
171 438 499 430 468 465 435
172 374 438 430 410 435 403
173 908 909 955 907 931 930
174 374 430 266 403 357 322
175 638 648 600 642 629 619
176 854 858 908 856 882 881
177 1032 1046 1027 1040 1036 1030
178 796 805 854 801 827 824
179 128 154 132 142 145 130
180 128 132 109 130 122 120
181 149 128 131 139 129 140
182 131 128 104 129 115 117
183 975 986 955 980 970 967
184 955 986 968 970 978 962
185 155 131 150 144 141 153
186 1072 1083 1067 1078 1077 1069
187 744 756 796 747 776 772
188 132 158 138 146 147 137
189 1098 1111 1095 1104 1103 1096
190 1111 1123 1107 1118 1116 1109
191 694 704 744 700 725 717
192 685 694 648 689 675 666
193 986 1018 1002 1001 1008 994
194 1002 1018 1032 1008 1025 1020
195 986 1002 968 994 987 978
196 499 545 488 523 518 491
197 430 499 488 465 491 460
198 158 195 138 172 160 147
199 430 488 402 460 449 414
200 1123 1136 1120 1128 1126 1122
201 968 1002 993 987 998 981
202 1083 1098 1079 1092 1089 1081
203 318 266 195 293 225 251
204 955 968 908 962 940 930
205 1027 1046 1048 1036 1047 1037
206 1032 1027 1002 1030 1014 1020
207 1067 1083 1079 1077 1081 1075
208 1067 1079 1057 1075 1068 1065
209 1072 1067 1046 1069 1058 1061
210 488 545 552 518 549 520
211 1095 1111 1107 1103 1109 1101
212 1095 1107 1088 1101 1099 1094
213 1098 1095 1079 1096 1086 1089
214 1079 1095 1088 1086 1094 1084
215 1107 1123 1120 1116 1122 1114
216 1107 1120 1088 1114 1105 1099
217 545 600 552 574 578 549
218 132 138 109 137 123 122
219 1120 1136 1140 1126 1138 1131
220 993 1002 1027 998 1014 1011
221 993 1027 1015 1011 1021 1004
222 968 993 948 981 972 960
223 552 600 617 578 608 587
224 600 648 617 629 635 608
225 617 648 694 635 675 659
226 854 908 900 881 905 878
227 796 854 840 824 844 817
228 488 552 480 520 517 485
229 1048 1046 1067 1047 1058 1059
230 1048 1067 1057 1059 1065 1053
231 1027 1048 1015 1037 1033 1021
232 744 796 779 772 786 761
233 1048 1057 1015 1053 1038 1033
234 694 744 722 717 732 708
235 402 488 480 449 485 446
236 402 480 350 446 426 378
237 430 402 266 414 338 357
238 1136 1149 1140 1143 1145 1138
239 1140 1149 1155 1145 1153 1150
240 900 908 968 905 940 938
241 854 900 840 878 871 844
242 1120 1140 1117 1131 1127 1119
243 840 900 892 871 895 866
244 948 993 1015 972 1004 982
245 968 948 900 960 924 938
246 900 948 892 924 921 895
247 796 840 779 817 808 786
248 195 266 138 225 173 160
249 552 617 566 587 593 556
250 779 840 831 808 837 806
251 744 779 722 761 748 732
252 1057 1079 1088 1068 1084 1073
253 694 722 617 708 674 659
254 722 779 762 748 771 739
255 150 131 119 141 124 134
256 119 131 104 124 117 111
257 150 119 113 134 116 126
258 480 552 566 517 556 526
259 104 128 109 115 120 107
260 104 109 84 107 95 90
261 119 104 91 111 98 105
262 480 566 474 526 522 478
263 1117 1140 1142 1127 1141 1129
264 1120 1117 1088 1119 1102 1105
265 566 617 654 593 637 615
266 840 892 831 866 864 837
267 831 892 904 864 899 867
268 350 480 474 426 478 418
269 350 474 270 418 388 309
270 402 350 176 378 246 278
271 266 402 176 338 278 209
272 779 831 762 806 793 771
273 762 831 904 793 867 829
274 91 104 84 98 90 86
275 119 91 113 105 102 116
276 109 138 106 123 121 108
277 106 138 127 121 133 118
278 109 106 84 108 92 95
279 892 948 1015 921 982 963
280 266 176 138 209 156 173
281 127 138 176 133 156 148
282 127 176 143 148 159 136
283 106 127 96 118 110 101
284 1015 1057 1029 1038 1043 1024
285 722 762 654 739 705 688
286 1142 1140 1155 1141 1150 1151
287 1117 1142 1112 1129 1125 1115
288 654 617 722 637 674 688
289 566 654 590 615 625 579
290 1088 1117 1080 1102 1100 1085
291 113 91 78 102 85 89
292 1057 1088 1029 1073 1063 1043
293 474 566 590 522 579 533
294 96 127 143 110 136 114
295 106 96 84 101 87 92
296 474 590 477 533 534 472
297 176 350 143 246 197 159
298 1112 1142 1148 1125 1144 1133
299 1117 1112 1080 1115 1097 1100
300 1080 1112 1070 1097 1093 1076
301 1088 1080 1029 1085 1056 1063
302 590 654 707 625 683 651
303 904 892 1029 899 973 976
304 1015 1029 892 1024 973 963
305 1142 1155 1172 1151 1167 1159
306 78 91 69 85 81 74
307 113 78 83 89 80 88
308 270 474 477 388 472 390
309 270 477 202 390 354 226
310 350 270 143 309 175 197
311 143 270 93 175 135 112
312 654 762 707 705 733 683
313 1148 1142 1172 1144 1159 1162
314 1112 1148 1108 1133 1130 1110
315 1172 1180 1170 1176 1175 1171
316 1180 1185 1182 1183 1184 1181
317 707 762 904 733 829 797
318 590 707 636 651 673 611
319 477 590 636 534 611 564
320 1029 1080 1070 1056 1076 1049
321 91 84 69 86 75 81
322 96 143 93 114 112 94
323 477 636 510 564 576 489
324 78 69 55 74 60 67
325 1070 1112 1108 1093 1110 1090
326 1070 1108 1055 1090 1082 1064
327 83 78 55 80 67 70
328 83 55 61 70 56 71
329 1170 1180 1182 1175 1181 1178
330 1172 1170 1148 1171 1161 1162
331 93 270 202 135 226 125
332 96 93 65 94 77 82
333 5 1 6 2 3 4
334 1156 1121 1158 1146 1147 1157
335 1108 1148 1154 1130 1152 1139
336 904 1029 1070 976 1049 1007
337 636 707 799 673 749 715
338 69 84 59 75 73 63
339 59 84 96 73 87 76
340 69 59 43 63 53 54
341 1148 1170 1154 1161 1165 1152
342 202 477 510 354 489 381
343 202 510 190 381 365 187
344 55 69 43 60 54 51
345 65 93 68 77 79 64
346 96 65 59 82 62 76
347 59 65 39 62 50 46
348 12 5 11 9 7 10
349 43 59 39 53 46 41
350 1121 1050 1091 1087 1071 1106
351 1108 1154 1055 1139 1113 1082
352 799 707 904 749 797 850
353 636 799 710 715 750 672
354 510 636 710 576 672 624
355 1170 1182 1154 1178 1173 1165
356 11 5 6 7 4 8
357 12 11 21 10 15 16
358 510 710 598 624 652 546
359 38 57 61 45 58 47
360 55 43 35 51 40 42
361 1164 1158 1091 1160 1135 1137
362 1070 1055 799 1064 959 971
363 23 12 21 17 16 22
364 23 21 37 22 28 30
365 68 93 202 79 125 100
366 65 68 39 64 49 50
367 1091 1050 957 1071 1013 1041
368 1121 1091 1158 1106 1135 1147
369 1050 891 957 989 926 1013
370 957 662 598 795 628 767
371 1182 1177 1154 1179 1168 1173
372 1154 1177 1169 1168 1174 1163
373 799 904 1070 850 1007 971
374 710 799 1055 750 959 913
375 11 6 19 8 13 14
376 43 39 26 41 32 33
377 21 11 26 15 18 24
378 190 510 598 365 546 448
379 190 598 200 448 444 184
380 202 190 68 187 97 100
381 35 43 26 40 33 31
382 35 26 19 31 20 25
383 55 35 61 42 44 56
384 1091 957 1062 1041 1019 1074
385 891 662 957 769 795 926
386 26 39 21 32 29 24
387 598 662 200 628 502 444
388 1169 1164 1062 1166 1124 1134
389 190 200 72 184 103 99
390 72 37 68 52 48 66
391 598 710 957 652 818 767
392 38 61 35 47 44 34
393 1164 1091 1062 1137 1074 1124
394 1062 957 710 1019 818 916
395 21 39 37 29 36 28
396 19 38 35 27 34 25
397 1055 1154 1169 1113 1163 1132
398 39 68 37 49 48 36
399 26 11 19 18 14 20
400 72 68 190 66 97 99
401 1169 1062 1055 1134 1054 1132
402 1055 1062 710 1054 916 913
403 232 254 243 242 247 238
404 272 258 282 262 269 276
405 258 243 277 252 260 267
406 243 254 277 247 263 260
407 308 289 316 299 302 310
408 289 272 295 281 285 292
409 282 258 277 269 267 279
410 282 277 311 279 296 297
411 272 282 295 276 287 285
412 295 282 311 287 297 304
413 325 308 333 317 321 328
414 289 295 316 292 305 302
415 316 295 311 305 304 314
416 342 325 351 335 337 344
417 308 316 333 310 323 321
418 333 316 347 323 332 340
419 364 342 369 356 358 366
420 325 333 351 328 341 337
421 351 333 347 341 340 348
422 387 364 394 377 380 391
423 342 351 369 344 360 358
424 369 351 384 360 368 376
425 407 387 411 398 399 409
426 364 369 394 366 382 380
427 394 369 384 382 376 389
428 431 407 434 419 421 432
429 387 394 411 391 401 399
430 411 394 425 401 408 416
431 454 431 452 440 439 453
432 347 316 311 332 314 330
433 407 411 434 409 423 421
434 434 411 425 423 416 429
435 311 352 347 331 349 330
436 347 352 396 349 375 373
437 473 454 476 462 464 475
438 431 434 452 432 442 439
439 452 434 461 442 451 457
440 496 473 492 486 482 493
441 384 351 347 368 348 367
442 454 452 476 453 463 464
443 476 452 461 463 457 467
444 512 496 514 506 507 513
445 473 476 492 475 487 482
446 492 476 503 487 490 500
447 537 512 535 529 527 536
448 425 394 384 408 389 405
449 496 492 514 493 504 507
450 514 492 503 504 500 511
451 561 537 557 550 548 558
452 384 347 396 367 373 392
453 958 969 953 966 961 956
454 512 514 535 513 528 527
455 535 514 543 528 532 541
456 946 958 939 950 949 941
457 585 561 581 571 570 584
458 461 434 425 451 429 443
459 537 535 557 536 547 548
460 557 535 543 547 541 553
461 928 946 920 937 934 925
462 607 585 604 596 594 605
463 425 384 447 405 415 433
464 561 557 581 558 568 570
465 581 557 583 568 569 582
466 384 396 447 392 424 415
467 953 935 939 944 936 947
468 953 939 958 947 949 956
469 631 607 623 618 616 627
470 935 914 920 923 917 927
471 946 939 920 941 929 934
472 920 939 935 929 936 927
473 914 886 888 901 887 902
474 585 581 604 584 591 594
475 604 581 583 591 582 592
476 886 863 868 877 865 879
477 863 838 845 853 841 855
478 650 631 644 641 639 647
479 503 476 461 490 467 481
480 838 814 820 825 816 828
481 814 788 798 800 792 807
482 461 425 447 443 433 455
483 788 765 774 777 770 780
484 607 604 623 605 613 616
485 623 604 622 613 612 621
486 765 740 751 753 745 758
487 740 716 727 728 724 734
488 677 650 665 663 661 670
489 928 920 896 925 911 915
490 910 928 896 918 915 903
491 910 896 885 903 889 897
492 716 697 709 706 703 714
493 697 677 687 686 684 693
494 631 623 644 627 634 639
495 644 623 622 634 621 633
496 543 514 503 532 511 525
497 888 886 868 887 879 880
498 888 847 896 869 873 890
499 914 888 920 902 906 917
500 868 863 845 865 855 859
501 868 845 847 859 846 860
502 503 461 497 481 479 501
503 845 838 820 841 828 834
504 845 820 847 834 835 846
505 650 644 665 647 657 661
506 665 644 669 657 658 668
507 820 814 798 816 807 811
508 820 798 804 811 802 813
509 798 788 774 792 780 784
510 798 774 804 784 787 802
511 774 765 751 770 758 763
512 774 751 755 763 754 764
513 751 740 727 745 734 738
514 751 727 755 738 741 754
515 727 716 709 724 714 718
516 727 709 712 718 711 721
517 677 665 687 670 678 684
518 687 665 669 678 668 680
519 709 697 687 703 693 698
520 709 687 712 698 699 711
521 896 920 888 911 906 890
522 447 497 461 470 479 455
523 583 557 543 569 553 563
524 543 503 575 525 539 559
525 862 885 852 876 870 857
526 622 604 583 612 592 603
527 583 543 575 563 559 580
528 852 885 896 870 889 874
529 862 852 815 857 830 839
530 833 862 815 848 839 822
531 833 815 789 822 803 812
532 868 847 888 860 869 880
533 669 644 622 658 633 645
534 497 544 503 521 524 501
535 820 804 847 813 823 835
536 622 583 575 603 580 599
537 774 755 804 764 778 787
538 727 712 755 721 730 741
539 789 815 760 803 785 775
540 815 852 804 830 826 810
541 669 622 682 645 649 676
542 847 804 852 823 826 851
543 804 755 760 778 757 782
544 847 852 896 851 874 873
545 575 503 544 539 524 560
546 575 544 602 560 573 588
547 575 602 622 588 610 599
548 755 712 760 730 735 757
549 743 789 760 766 775 752
550 701 743 760 723 752 729
551 687 669 712 680 692 699
552 656 701 682 679 690 667
553 602 656 622 630 640 610
554 760 815 804 785 810 782
555 682 701 760 690 729 719
556 656 682 622 667 649 640
557 669 682 712 676 696 692
558 760 712 682 735 696 719
